time /s	I /mA	E /V
1.0000000E-02	-6.9996E-03	-9.9999E-02
2.0000000E-02	-4.3193E-03	-8.1036E-02
3.0000000E-02	-2.4964E-03	-6.2361E-02
4.0000000E-02	-1.1800E-03	-4.4381E-02
5.0000000E-02	-1.5796E-04	-2.7027E-02
6.0000000E-02	6.0644E-04	-1.0729E-02
7.0000000E-02	1.1932E-03	4.2519E-03
8.0000000E-02	1.5965E-03	1.7607E-02
9.0000000E-02	1.8982E-03	2.9269E-02
1.0000000E-01	2.0253E-03	3.9250E-02
1.1000000E-01	2.0312E-03	4.6939E-02
1.2000000E-01	1.9495E-03	5.2600E-02
1.3000000E-01	1.7682E-03	5.6252E-02
1.4000000E-01	1.5016E-03	5.7584E-02
1.5000000E-01	1.1260E-03	5.6590E-02
1.6000000E-01	6.9908E-04	5.3275E-02
1.7000000E-01	2.5713E-04	4.7909E-02
1.8000000E-01	-2.9850E-04	4.0280E-02
1.9000000E-01	-8.4842E-04	3.0939E-02
2.0000000E-01	-1.4091E-03	1.9629E-02
2.1000000E-01	-2.0003E-03	6.5994E-03
2.2000000E-01	-2.5972E-03	-7.7197E-03
2.3000000E-01	-3.1884E-03	-2.3026E-02
2.4000000E-01	-3.7985E-03	-3.9694E-02
2.5000000E-01	-4.4296E-03	-5.7006E-02
2.6000000E-01	-4.9453E-03	-7.4660E-02
2.7000000E-01	-5.4316E-03	-9.2327E-02
2.8000000E-01	-5.8916E-03	-1.1003E-01
2.9000000E-01	-6.2506E-03	-1.2733E-01
3.0000000E-01	-6.6216E-03	-1.4400E-01
3.1000000E-01	-6.8820E-03	-1.5962E-01
3.2000000E-01	-7.0228E-03	-1.7429E-01
3.3000000E-01	-7.1059E-03	-1.8765E-01
3.4000000E-01	-7.0356E-03	-1.9898E-01
3.5000000E-01	-6.9101E-03	-2.0897E-01
3.6000000E-01	-6.6879E-03	-2.1664E-01
3.7000000E-01	-6.3795E-03	-2.2260E-01
3.8000000E-01	-5.9489E-03	-2.2597E-01
3.9000000E-01	-5.4801E-03	-2.2762E-01
4.0000000E-01	-4.9099E-03	-2.2662E-01
4.1000000E-01	-4.2747E-03	-2.2362E-01
4.2000000E-01	-3.5985E-03	-2.1828E-01
4.3000000E-01	-2.8495E-03	-2.1064E-01
4.4000000E-01	-2.1477E-03	-2.0132E-01
4.5000000E-01	-1.3783E-03	-1.8996E-01
4.6000000E-01	-5.9852E-04	-1.7664E-01
4.7000000E-01	1.9143E-04	-1.6201E-01
4.8000000E-01	9.2576E-04	-1.4599E-01
4.9000000E-01	1.6205E-03	-1.2898E-01
5.0000000E-01	2.3177E-03	-1.1105E-01
5.1000000E-01	2.9745E-03	-9.2354E-02
5.2000000E-01	3.5688E-03	-7.3375E-02
5.3000000E-01	4.1308E-03	-5.4383E-02
5.4000000E-01	4.5785E-03	-3.5743E-02
5.5000000E-01	4.9627E-03	-1.7377E-02
5.6000000E-01	5.2763E-03	-7.9403E-05
5.7000000E-01	5.5035E-03	1.6607E-02
5.8000000E-01	5.6135E-03	3.1597E-02
5.9000000E-01	5.6706E-03	4.5274E-02
6.0000000E-01	5.6568E-03	5.7545E-02
6.1000000E-01	5.5010E-03	6.7567E-02
6.2000000E-01	5.2842E-03	7.5883E-02
6.3000000E-01	4.9698E-03	8.1914E-02
6.4000000E-01	4.5954E-03	8.5901E-02
6.5000000E-01	4.1410E-03	8.7554E-02
6.6000000E-01	3.6175E-03	8.6896E-02
6.7000000E-01	3.0360E-03	8.3912E-02
6.8000000E-01	2.4181E-03	7.8893E-02
6.9000000E-01	1.7882E-03	7.1910E-02
7.0000000E-01	1.0714E-03	6.2594E-02
7.1000000E-01	3.4961E-04	5.1612E-02
7.2000000E-01	-3.2211E-04	3.8953E-02
7.3000000E-01	-1.0233E-03	2.4973E-02
7.4000000E-01	-1.7006E-03	9.6332E-03
7.5000000E-01	-2.3262E-03	-6.7026E-03
7.6000000E-01	-2.9788E-03	-2.3675E-02
7.7000000E-01	-3.5863E-03	-4.1363E-02
7.8000000E-01	-4.1375E-03	-5.9325E-02
7.9000000E-01	-4.5968E-03	-7.7004E-02
8.0000000E-01	-5.0402E-03	-9.4311E-02
8.1000000E-01	-5.3389E-03	-1.1131E-01
8.2000000E-01	-5.5974E-03	-1.2697E-01
8.3000000E-01	-5.8029E-03	-1.4197E-01
8.4000000E-01	-5.8662E-03	-1.5529E-01
8.5000000E-01	-5.8865E-03	-1.6732E-01
8.6000000E-01	-5.7835E-03	-1.7725E-01
8.7000000E-01	-5.6100E-03	-1.8562E-01
8.8000000E-01	-5.3052E-03	-1.9166E-01
8.9000000E-01	-4.9452E-03	-1.9561E-01
9.0000000E-01	-4.5118E-03	-1.9731E-01
9.1000000E-01	-4.0679E-03	-1.9699E-01
9.2000000E-01	-3.4524E-03	-1.9429E-01
9.3000000E-01	-2.7975E-03	-1.8930E-01
9.4000000E-01	-2.1966E-03	-1.8232E-01
9.5000000E-01	-1.4500E-03	-1.7298E-01
9.6000000E-01	-7.8860E-04	-1.6199E-01
9.7000000E-01	-6.3657E-05	-1.4930E-01
9.8000000E-01	6.7801E-04	-1.3470E-01
9.9000000E-01	1.4090E-03	-1.1901E-01
1.0000000E+00	2.0813E-03	-1.0203E-01
1.0100000E+00	2.7992E-03	-8.4014E-02
1.0200000E+00	3.3640E-03	-6.5721E-02
1.0300000E+00	3.9377E-03	-4.6711E-02
1.0400000E+00	4.4835E-03	-2.7715E-02
1.0500000E+00	4.9131E-03	-9.0587E-03
1.0600000E+00	5.3200E-03	9.6006E-03
1.0700000E+00	5.6166E-03	2.6915E-02
1.0800000E+00	5.8564E-03	4.3561E-02
1.0900000E+00	6.0223E-03	5.9200E-02
1.1000000E+00	6.0654E-03	7.3243E-02
1.1100000E+00	6.0279E-03	8.5520E-02
1.1200000E+00	5.8944E-03	9.5864E-02
1.1300000E+00	5.7134E-03	1.0453E-01
1.1400000E+00	5.4202E-03	1.1089E-01
1.1500000E+00	5.0555E-03	1.1518E-01
1.1600000E+00	4.6221E-03	1.1720E-01
1.1700000E+00	4.0966E-03	1.1722E-01
1.1800000E+00	3.4778E-03	1.1456E-01
1.1900000E+00	2.8491E-03	1.0992E-01
1.2000000E+00	2.1895E-03	1.0325E-01
1.2100000E+00	1.4889E-03	9.4227E-02
1.2200000E+00	8.2894E-04	8.3594E-02
1.2300000E+00	7.7936E-05	7.1248E-02
1.2400000E+00	-5.7593E-04	5.7601E-02
1.2500000E+00	-1.3353E-03	4.2288E-02
1.2600000E+00	-1.9455E-03	2.6280E-02
1.2700000E+00	-2.6186E-03	9.2827E-03
1.2800000E+00	-3.2354E-03	-8.3552E-03
1.2900000E+00	-3.7580E-03	-2.6004E-02
1.3000000E+00	-4.2757E-03	-4.4011E-02
1.3100000E+00	-4.6786E-03	-6.1343E-02
1.3200000E+00	-5.0530E-03	-7.8319E-02
1.3300000E+00	-5.3179E-03	-9.4331E-02
1.3400000E+00	-5.5444E-03	-1.0931E-01
1.3500000E+00	-5.5818E-03	-1.2295E-01
1.3600000E+00	-5.6291E-03	-1.3533E-01
1.3700000E+00	-5.5133E-03	-1.4563E-01
1.3800000E+00	-5.3418E-03	-1.5428E-01
1.3900000E+00	-5.1028E-03	-1.6064E-01
1.4000000E+00	-4.7608E-03	-1.6499E-01
1.4100000E+00	-4.3356E-03	-1.6730E-01
1.4200000E+00	-3.8676E-03	-1.6734E-01
1.4300000E+00	-3.2887E-03	-1.6497E-01
1.4400000E+00	-2.6846E-03	-1.6033E-01
1.4500000E+00	-2.0413E-03	-1.5364E-01
1.4600000E+00	-1.3883E-03	-1.4500E-01
1.4700000E+00	-6.4924E-04	-1.3398E-01
1.4800000E+00	3.3288E-05	-1.2168E-01
1.4900000E+00	7.4356E-04	-1.0738E-01
1.5000000E+00	1.4588E-03	-9.1720E-02
1.5100000E+00	2.1542E-03	-7.5057E-02
1.5200000E+00	2.8055E-03	-5.7388E-02
1.5300000E+00	3.4428E-03	-3.8707E-02
1.5400000E+00	3.9939E-03	-2.0074E-02
1.5500000E+00	4.5414E-03	-1.0892E-03
1.5600000E+00	5.0158E-03	1.7906E-02
1.5700000E+00	5.3988E-03	3.6271E-02
1.5800000E+00	5.7183E-03	5.3919E-02
1.5900000E+00	5.9512E-03	7.0868E-02
1.6000000E+00	6.1223E-03	8.6578E-02
1.6100000E+00	6.1714E-03	1.0089E-01
1.6200000E+00	6.1603E-03	1.1350E-01
1.6300000E+00	6.0222E-03	1.2420E-01
1.6400000E+00	5.8897E-03	1.3321E-01
1.6500000E+00	5.5835E-03	1.3988E-01
1.6600000E+00	5.2561E-03	1.4454E-01
1.6700000E+00	4.8239E-03	1.4720E-01
1.6800000E+00	4.2804E-03	1.4719E-01
1.6900000E+00	3.7130E-03	1.4521E-01
1.7000000E+00	3.1051E-03	1.4084E-01
1.7100000E+00	2.4596E-03	1.3459E-01
1.7200000E+00	1.7322E-03	1.2588E-01
1.7300000E+00	1.0220E-03	1.1558E-01
1.7400000E+00	3.3029E-04	1.0358E-01
1.7500000E+00	-3.9760E-04	8.9926E-02
1.7600000E+00	-1.0847E-03	7.4889E-02
1.7700000E+00	-1.7649E-03	5.8924E-02
1.7800000E+00	-2.3884E-03	4.2282E-02
1.7900000E+00	-3.0182E-03	2.4630E-02
1.8000000E+00	-3.5869E-03	6.9551E-03
1.8100000E+00	-4.0479E-03	-1.0674E-02
1.8200000E+00	-4.4750E-03	-2.8341E-02
1.8300000E+00	-4.8706E-03	-4.5343E-02
1.8400000E+00	-5.1614E-03	-6.1651E-02
1.8500000E+00	-5.3840E-03	-7.6982E-02
1.8600000E+00	-5.4783E-03	-9.0667E-02
1.8700000E+00	-5.5064E-03	-1.0332E-01
1.8800000E+00	-5.4318E-03	-1.1398E-01
1.8900000E+00	-5.2998E-03	-1.2296E-01
1.9000000E+00	-5.0182E-03	-1.2964E-01
1.9100000E+00	-4.7153E-03	-1.3467E-01
1.9200000E+00	-4.2827E-03	-1.3697E-01
1.9300000E+00	-3.8148E-03	-1.3732E-01
1.9400000E+00	-3.3328E-03	-1.3567E-01
1.9500000E+00	-2.7089E-03	-1.3132E-01
1.9600000E+00	-2.0664E-03	-1.2502E-01
1.9700000E+00	-1.4084E-03	-1.1668E-01
1.9800000E+00	-7.0170E-04	-1.0602E-01
1.9900000E+00	-1.2049E-05	-9.4024E-02
2.0000000E+00	7.1414E-04	-8.0044E-02
2.0100000E+00	1.4207E-03	-6.4695E-02
2.0200000E+00	2.1292E-03	-4.8045E-02
2.0300000E+00	2.7915E-03	-3.0382E-02
2.0400000E+00	3.3972E-03	-1.2056E-02
2.0500000E+00	3.9810E-03	6.5956E-03
2.0600000E+00	4.5303E-03	2.5572E-02
2.0700000E+00	4.9860E-03	4.4557E-02
2.0800000E+00	5.3923E-03	6.2867E-02
2.0900000E+00	5.7467E-03	8.0893E-02
2.1000000E+00	5.9758E-03	9.7870E-02
2.1100000E+00	6.1796E-03	1.1387E-01
2.1200000E+00	6.2855E-03	1.2818E-01
2.1300000E+00	6.2717E-03	1.4119E-01
2.1400000E+00	6.2268E-03	1.5250E-01
2.1500000E+00	6.0817E-03	1.6187E-01
2.1600000E+00	5.7801E-03	1.6886E-01
2.1700000E+00	5.4353E-03	1.7384E-01
2.1800000E+00	5.0602E-03	1.7687E-01
2.1900000E+00	4.5479E-03	1.7753E-01
2.2000000E+00	3.9778E-03	1.7552E-01
2.2100000E+00	3.3548E-03	1.7186E-01
2.2200000E+00	2.6695E-03	1.6589E-01
2.2300000E+00	1.9661E-03	1.5756E-01
2.2400000E+00	1.2407E-03	1.4754E-01
2.2500000E+00	5.3017E-04	1.3588E-01
2.2600000E+00	-1.7077E-04	1.2257E-01
2.2700000E+00	-8.9995E-04	1.0792E-01
2.2800000E+00	-1.5777E-03	9.1917E-02
2.2900000E+00	-2.2059E-03	7.5241E-02
2.3000000E+00	-2.8249E-03	5.7921E-02
2.3100000E+00	-3.4078E-03	3.9957E-02
2.3200000E+00	-3.8777E-03	2.2296E-02
2.3300000E+00	-4.3634E-03	4.6409E-03
2.3400000E+00	-4.7518E-03	-1.2358E-02
2.3500000E+00	-5.0473E-03	-2.9001E-02
2.3600000E+00	-5.2557E-03	-4.4344E-02
2.3700000E+00	-5.3965E-03	-5.8337E-02
2.3800000E+00	-5.4125E-03	-7.0986E-02
2.3900000E+00	-5.3909E-03	-8.2326E-02
2.4000000E+00	-5.2346E-03	-9.1348E-02
2.4100000E+00	-5.0243E-03	-9.8686E-02
2.4200000E+00	-4.7208E-03	-1.0401E-01
2.4300000E+00	-4.3041E-03	-1.0669E-01
2.4400000E+00	-3.8552E-03	-1.0764E-01
2.4500000E+00	-3.3223E-03	-1.0602E-01
2.4600000E+00	-2.7526E-03	-1.0234E-01
2.4700000E+00	-2.0954E-03	-9.6345E-02
2.4800000E+00	-1.4565E-03	-8.8305E-02
2.4900000E+00	-7.5073E-04	-7.8043E-02
2.5000000E+00	-4.2583E-05	-6.6023E-02
2.5100000E+00	6.2428E-04	-5.2727E-02
2.5200000E+00	1.3545E-03	-3.7372E-02
2.5300000E+00	2.0608E-03	-2.1072E-02
2.5400000E+00	2.7394E-03	-3.7620E-03
2.5500000E+00	3.3445E-03	1.4580E-02
2.5600000E+00	3.9148E-03	3.3243E-02
2.5700000E+00	4.4881E-03	5.2208E-02
2.5800000E+00	4.9743E-03	7.1243E-02
2.5900000E+00	5.3907E-03	8.9875E-02
2.6000000E+00	5.7335E-03	1.0787E-01
2.6100000E+00	6.0012E-03	1.2517E-01
2.6200000E+00	6.2160E-03	1.4120E-01
2.6300000E+00	6.3036E-03	1.5586E-01
2.6400000E+00	6.4162E-03	1.6919E-01
2.6500000E+00	6.3308E-03	1.8048E-01
2.6600000E+00	6.2200E-03	1.9016E-01
2.6700000E+00	6.0195E-03	1.9783E-01
2.6800000E+00	5.6544E-03	2.0316E-01
2.6900000E+00	5.2999E-03	2.0650E-01
2.7000000E+00	4.7881E-03	2.0748E-01
2.7100000E+00	4.2163E-03	2.0621E-01
2.7200000E+00	3.5754E-03	2.0251E-01
2.7300000E+00	2.8944E-03	1.9686E-01
2.7400000E+00	2.1760E-03	1.8922E-01
2.7500000E+00	1.4413E-03	1.7954E-01
2.7600000E+00	7.0554E-04	1.6790E-01
2.7700000E+00	-4.2695E-05	1.5490E-01
2.7800000E+00	-7.1590E-04	1.4056E-01
2.7900000E+00	-1.4546E-03	1.2491E-01
2.8000000E+00	-2.0655E-03	1.0826E-01
2.8100000E+00	-2.6991E-03	9.0904E-02
2.8200000E+00	-3.2640E-03	7.3291E-02
2.8300000E+00	-3.8186E-03	5.5300E-02
2.8400000E+00	-4.2375E-03	3.7626E-02
2.8500000E+00	-4.5784E-03	2.0647E-02
2.8600000E+00	-4.9334E-03	3.9844E-03
2.8700000E+00	-5.1862E-03	-1.1670E-02
2.8800000E+00	-5.3197E-03	-2.6016E-02
2.8900000E+00	-5.3746E-03	-3.8984E-02
2.9000000E+00	-5.3743E-03	-5.0341E-02
2.9100000E+00	-5.2449E-03	-6.0006E-02
2.9200000E+00	-5.0407E-03	-6.7685E-02
2.9300000E+00	-4.7095E-03	-7.2996E-02
2.9400000E+00	-4.3596E-03	-7.6338E-02
2.9500000E+00	-3.9304E-03	-7.7651E-02
2.9600000E+00	-3.3615E-03	-7.6344E-02
2.9700000E+00	-2.8049E-03	-7.3022E-02
2.9800000E+00	-2.1936E-03	-6.7369E-02
2.9900000E+00	-1.5352E-03	-5.9652E-02
3.0000000E+00	-8.6554E-04	-5.0032E-02
3.0100000E+00	-1.6320E-04	-3.8365E-02
3.0200000E+00	5.6413E-04	-2.5048E-02
3.0300000E+00	1.2636E-03	-1.0051E-02
3.0400000E+00	1.9514E-03	5.9384E-03
3.0500000E+00	2.6206E-03	2.3269E-02
3.0600000E+00	3.2522E-03	4.1226E-02
3.0700000E+00	3.8664E-03	5.9899E-02
3.0800000E+00	4.4242E-03	7.8866E-02
3.0900000E+00	4.9185E-03	9.7864E-02
3.1000000E+00	5.3646E-03	1.1652E-01
3.1100000E+00	5.7305E-03	1.3485E-01
3.1200000E+00	6.0477E-03	1.5218E-01
3.1300000E+00	6.2575E-03	1.6849E-01
3.1400000E+00	6.4429E-03	1.8350E-01
3.1500000E+00	6.4962E-03	1.9681E-01
3.1600000E+00	6.5444E-03	2.0883E-01
3.1700000E+00	6.4491E-03	2.1884E-01
3.1800000E+00	6.2178E-03	2.2649E-01
3.1900000E+00	5.9529E-03	2.3250E-01
3.2000000E+00	5.5626E-03	2.3618E-01
3.2100000E+00	5.0731E-03	2.3748E-01
3.2200000E+00	4.4753E-03	2.3649E-01
3.2300000E+00	3.8617E-03	2.3351E-01
3.2400000E+00	3.1488E-03	2.2820E-01
3.2500000E+00	2.3912E-03	2.2049E-01
3.2600000E+00	1.6616E-03	2.1120E-01
3.2700000E+00	9.4759E-04	2.0022E-01
3.2800000E+00	1.7186E-04	1.8723E-01
3.2900000E+00	-5.6090E-04	1.7293E-01
3.3000000E+00	-1.2562E-03	1.5756E-01
3.3100000E+00	-1.9132E-03	1.4123E-01
3.3200000E+00	-2.5593E-03	1.2395E-01
3.3300000E+00	-3.1518E-03	1.0623E-01
3.3400000E+00	-3.6700E-03	8.8583E-02
3.3500000E+00	-4.1633E-03	7.0620E-02
3.3600000E+00	-4.5622E-03	5.3330E-02
3.3700000E+00	-4.8871E-03	3.6605E-02
3.3800000E+00	-5.1220E-03	2.0933E-02
3.3900000E+00	-5.3130E-03	6.3013E-03
3.4000000E+00	-5.3600E-03	-7.0116E-03
3.4100000E+00	-5.3479E-03	-1.8683E-02
3.4200000E+00	-5.2363E-03	-2.8319E-02
3.4300000E+00	-5.0477E-03	-3.6363E-02
3.4400000E+00	-4.8045E-03	-4.2363E-02
3.4500000E+00	-4.4149E-03	-4.6033E-02
3.4600000E+00	-3.9586E-03	-4.7696E-02
3.4700000E+00	-3.4760E-03	-4.6711E-02
3.4800000E+00	-2.8929E-03	-4.3680E-02
3.4900000E+00	-2.2998E-03	-3.8710E-02
3.5000000E+00	-1.6515E-03	-3.1355E-02
3.5100000E+00	-9.6427E-04	-2.2013E-02
3.5200000E+00	-2.4529E-04	-1.0705E-02
3.5300000E+00	4.6332E-04	2.5954E-03
3.5400000E+00	1.1915E-03	1.7241E-02
3.5500000E+00	1.8423E-03	3.2920E-02
3.5600000E+00	2.5590E-03	5.0233E-02
3.5700000E+00	3.1993E-03	6.8228E-02
3.5800000E+00	3.8004E-03	8.6555E-02
3.5900000E+00	4.3618E-03	1.0555E-01
3.6000000E+00	4.8763E-03	1.2452E-01
3.6100000E+00	5.3451E-03	1.4317E-01
3.6200000E+00	5.7304E-03	1.6152E-01
3.6300000E+00	6.0859E-03	1.7922E-01
3.6400000E+00	6.3441E-03	1.9548E-01
3.6500000E+00	6.5632E-03	2.1082E-01
3.6600000E+00	6.6817E-03	2.2478E-01
3.6700000E+00	6.7237E-03	2.3684E-01
3.6800000E+00	6.6750E-03	2.4716E-01
3.6900000E+00	6.5116E-03	2.5549E-01
3.7000000E+00	6.1949E-03	2.6148E-01
3.7100000E+00	5.8457E-03	2.6546E-01
3.7200000E+00	5.3533E-03	2.6717E-01
3.7300000E+00	4.8173E-03	2.6682E-01
3.7400000E+00	4.1752E-03	2.6416E-01
3.7500000E+00	3.4406E-03	2.5916E-01
3.7600000E+00	2.7045E-03	2.5219E-01
3.7700000E+00	1.9206E-03	2.4317E-01
3.7800000E+00	1.1497E-03	2.3218E-01
3.7900000E+00	3.8127E-04	2.1953E-01
3.8000000E+00	-3.7010E-04	2.0554E-01
3.8100000E+00	-1.0804E-03	1.9020E-01
3.8200000E+00	-1.7869E-03	1.7387E-01
3.8300000E+00	-2.4198E-03	1.5692E-01
3.8400000E+00	-3.0279E-03	1.3922E-01
3.8500000E+00	-3.5536E-03	1.2156E-01
3.8600000E+00	-4.0057E-03	1.0395E-01
3.8700000E+00	-4.4643E-03	8.6266E-02
3.8800000E+00	-4.8259E-03	6.9598E-02
3.8900000E+00	-5.0730E-03	5.3604E-02
3.9000000E+00	-5.2184E-03	3.8976E-02
3.9100000E+00	-5.3389E-03	2.5300E-02
3.9200000E+00	-5.3536E-03	1.3292E-02
3.9300000E+00	-5.2994E-03	2.9708E-03
3.9400000E+00	-5.0767E-03	-5.0395E-03
3.9500000E+00	-4.8164E-03	-1.1367E-02
3.9600000E+00	-4.4959E-03	-1.5676E-02
3.9700000E+00	-4.0490E-03	-1.7347E-02
3.9800000E+00	-3.5297E-03	-1.7029E-02
3.9900000E+00	-2.9712E-03	-1.4351E-02
4.0000000E+00	-2.3934E-03	-9.6980E-03
4.0100000E+00	-1.7447E-03	-2.7176E-03
4.0200000E+00	-1.0468E-03	6.2546E-03
4.0300000E+00	-3.5206E-04	1.7250E-02
4.0400000E+00	3.4269E-04	2.9934E-02
4.0500000E+00	1.0790E-03	4.4561E-02
4.0600000E+00	1.7957E-03	6.0222E-02
4.0700000E+00	2.4740E-03	7.7230E-02
4.0800000E+00	3.1014E-03	9.4865E-02
4.0900000E+00	3.7484E-03	1.1354E-01
4.1000000E+00	4.3294E-03	1.3218E-01
4.1100000E+00	4.8423E-03	1.5121E-01
4.1200000E+00	5.3443E-03	1.7017E-01
4.1300000E+00	5.7756E-03	1.8848E-01
4.1400000E+00	6.1504E-03	2.0618E-01
4.1500000E+00	6.4253E-03	2.2281E-01
4.1600000E+00	6.6676E-03	2.3817E-01
4.1700000E+00	6.8307E-03	2.5245E-01
4.1800000E+00	6.9024E-03	2.6479E-01
4.1900000E+00	7.0326E-03	2.7543E-01
4.2000000E+00	6.7943E-03	2.8411E-01
4.2100000E+00	6.5525E-03	2.9047E-01
4.2200000E+00	6.1794E-03	2.9513E-01
4.2300000E+00	5.7630E-03	2.9716E-01
4.2400000E+00	5.2110E-03	2.9715E-01
4.2500000E+00	4.5876E-03	2.9480E-01
4.2600000E+00	3.7583E-03	2.9016E-01
4.2700000E+00	3.0201E-03	2.8347E-01
4.2800000E+00	2.1731E-03	2.7482E-01
4.2900000E+00	1.3825E-03	2.6416E-01
4.3000000E+00	6.2690E-04	2.5186E-01
4.3100000E+00	-9.9034E-05	2.3818E-01
4.3200000E+00	-8.8131E-04	2.2318E-01
4.3300000E+00	-1.5947E-03	2.0687E-01
4.3400000E+00	-2.3087E-03	1.8987E-01
4.3500000E+00	-2.8220E-03	1.7254E-01
4.3600000E+00	-3.4607E-03	1.5457E-01
4.3700000E+00	-3.8748E-03	1.3694E-01
4.3800000E+00	-4.3916E-03	1.1926E-01
4.3900000E+00	-4.7082E-03	1.0255E-01
4.4000000E+00	-5.0526E-03	8.6261E-02
4.4100000E+00	-5.2096E-03	7.1254E-02
4.4200000E+00	-5.2856E-03	5.7628E-02
4.4300000E+00	-5.2894E-03	4.5271E-02
4.4400000E+00	-5.2771E-03	3.4648E-02
4.4500000E+00	-5.1121E-03	2.5973E-02
4.4600000E+00	-4.8354E-03	1.9611E-02
4.4700000E+00	-4.4855E-03	1.4963E-02
4.4800000E+00	-4.1131E-03	1.2640E-02
4.4900000E+00	-3.5800E-03	1.2660E-02
4.5000000E+00	-3.0887E-03	1.4971E-02
4.5100000E+00	-2.4442E-03	1.9313E-02
4.5200000E+00	-1.8258E-03	2.5954E-02
4.5300000E+00	-1.1399E-03	3.4613E-02
4.5400000E+00	-3.7726E-04	4.5267E-02
4.5500000E+00	2.7179E-04	5.7587E-02
4.5600000E+00	1.0191E-03	7.1916E-02
4.5700000E+00	1.7127E-03	8.7193E-02
4.5800000E+00	2.3290E-03	1.0388E-01
4.5900000E+00	3.1254E-03	1.2187E-01
4.6000000E+00	3.6764E-03	1.4019E-01
4.6100000E+00	4.3472E-03	1.5886E-01
4.6200000E+00	4.8899E-03	1.7782E-01
4.6300000E+00	5.3715E-03	1.9682E-01
4.6400000E+00	5.8442E-03	2.1517E-01
4.6500000E+00	6.3430E-03	2.3316E-01
4.6600000E+00	6.5755E-03	2.4982E-01
4.6700000E+00	6.9082E-03	2.6582E-01
4.6800000E+00	6.9908E-03	2.8014E-01
4.6900000E+00	7.2188E-03	2.9278E-01
4.7000000E+00	7.2573E-03	3.0379E-01
4.7100000E+00	7.1842E-03	3.1278E-01
4.7200000E+00	6.9936E-03	3.1944E-01
4.7300000E+00	6.6621E-03	3.2447E-01
4.7400000E+00	6.1925E-03	3.2679E-01
4.7500000E+00	5.6006E-03	3.2712E-01
4.7600000E+00	4.9239E-03	3.2511E-01
4.7700000E+00	4.1579E-03	3.2110E-01
4.7800000E+00	3.3447E-03	3.1479E-01
4.7900000E+00	2.5130E-03	3.0647E-01
4.8000000E+00	1.6614E-03	2.9619E-01
4.8100000E+00	8.4730E-04	2.8414E-01
4.8200000E+00	5.9103E-05	2.7052E-01
4.8300000E+00	-7.0719E-04	2.5584E-01
4.8400000E+00	-1.3947E-03	2.3986E-01
4.8500000E+00	-2.1162E-03	2.2287E-01
4.8600000E+00	-2.7534E-03	2.0555E-01
4.8700000E+00	-3.3036E-03	1.8792E-01
4.8800000E+00	-3.8421E-03	1.6991E-01
4.8900000E+00	-4.2547E-03	1.5256E-01
4.9000000E+00	-4.6624E-03	1.3524E-01
4.9100000E+00	-4.9918E-03	1.1894E-01
4.9200000E+00	-5.1498E-03	1.0392E-01
4.9300000E+00	-5.3026E-03	8.9958E-02
4.9400000E+00	-5.3399E-03	7.7276E-02
4.9500000E+00	-5.2693E-03	6.6587E-02
4.9600000E+00	-5.1300E-03	5.7627E-02
4.9700000E+00	-4.8624E-03	5.0619E-02
4.9800000E+00	-4.5681E-03	4.5575E-02
4.9900000E+00	-4.1908E-03	4.2946E-02
5.0000000E+00	-3.7080E-03	4.2593E-02
5.0100000E+00	-3.1691E-03	4.4257E-02
5.0200000E+00	-2.5569E-03	4.8269E-02
5.0300000E+00	-1.9154E-03	5.4584E-02
5.0400000E+00	-1.2467E-03	6.2907E-02
5.0500000E+00	-5.5490E-04	7.3255E-02
5.0600000E+00	1.7920E-04	8.5267E-02
5.0700000E+00	9.0629E-04	9.9229E-02
5.0800000E+00	1.6272E-03	1.1454E-01
5.0900000E+00	2.3016E-03	1.3089E-01
5.1000000E+00	3.0059E-03	1.4852E-01
5.1100000E+00	3.6484E-03	1.6684E-01
5.1200000E+00	4.3048E-03	1.8550E-01
5.1300000E+00	4.8710E-03	2.0449E-01
5.1400000E+00	5.4036E-03	2.2349E-01
5.1500000E+00	5.8854E-03	2.4216E-01
5.1600000E+00	6.3353E-03	2.6011E-01
5.1700000E+00	6.6956E-03	2.7713E-01
5.1800000E+00	7.0036E-03	2.9313E-01
5.1900000E+00	7.2409E-03	3.0745E-01
5.2000000E+00	7.4257E-03	3.2045E-01
5.2100000E+00	7.5823E-03	3.3178E-01
5.2200000E+00	7.6140E-03	3.4111E-01
5.2300000E+00	7.5194E-03	3.4843E-01
5.2400000E+00	7.2861E-03	3.5378E-01
5.2500000E+00	6.8448E-03	3.5678E-01
5.2600000E+00	6.2333E-03	3.5745E-01
5.2700000E+00	5.4397E-03	3.5576E-01
5.2800000E+00	4.6102E-03	3.5214E-01
5.2900000E+00	3.7358E-03	3.4614E-01
5.3000000E+00	2.8146E-03	3.3813E-01
5.3100000E+00	1.9040E-03	3.2816E-01
5.3200000E+00	1.0775E-03	3.1649E-01
5.3300000E+00	2.2151E-04	3.0313E-01
5.3400000E+00	-5.4828E-04	2.8851E-01
5.3500000E+00	-1.3078E-03	2.7247E-01
5.3600000E+00	-2.0079E-03	2.5586E-01
5.3700000E+00	-2.6396E-03	2.3852E-01
5.3800000E+00	-3.2292E-03	2.2087E-01
5.3900000E+00	-3.7586E-03	2.0322E-01
5.4000000E+00	-4.2295E-03	1.8557E-01
5.4100000E+00	-4.6389E-03	1.6823E-01
5.4200000E+00	-4.8919E-03	1.5189E-01
5.4300000E+00	-5.1504E-03	1.3625E-01
5.4400000E+00	-5.2631E-03	1.2225E-01
5.4500000E+00	-5.3596E-03	1.0925E-01
5.4600000E+00	-5.2874E-03	9.8231E-02
5.4700000E+00	-5.1463E-03	8.8931E-02
5.4800000E+00	-4.9250E-03	8.1617E-02
5.4900000E+00	-4.6222E-03	7.6266E-02
5.5000000E+00	-4.2049E-03	7.3255E-02
5.5100000E+00	-3.7692E-03	7.2261E-02
5.5200000E+00	-3.2033E-03	7.3908E-02
5.5300000E+00	-2.6221E-03	7.7566E-02
5.5400000E+00	-1.9921E-03	8.3222E-02
5.5500000E+00	-1.3047E-03	9.1256E-02
5.5600000E+00	-6.2775E-04	1.0125E-01
5.5700000E+00	1.2001E-04	1.1323E-01
5.5800000E+00	8.1617E-04	1.2653E-01
5.5900000E+00	1.5934E-03	1.4190E-01
5.6000000E+00	2.2819E-03	1.5821E-01
5.6100000E+00	2.9709E-03	1.7552E-01
5.6200000E+00	3.6425E-03	1.9351E-01
5.6300000E+00	4.3104E-03	2.1218E-01
5.6400000E+00	4.9171E-03	2.3116E-01
5.6500000E+00	5.4563E-03	2.5012E-01
5.6600000E+00	5.9508E-03	2.6880E-01
5.6700000E+00	6.4243E-03	2.8677E-01
5.6800000E+00	6.8494E-03	3.0411E-01
5.6900000E+00	7.2547E-03	3.2047E-01
5.7000000E+00	7.5990E-03	3.3513E-01
5.7100000E+00	7.9146E-03	3.4843E-01
5.7200000E+00	8.1770E-03	3.6009E-01
5.7300000E+00	8.3338E-03	3.6977E-01
5.7400000E+00	8.2960E-03	3.7746E-01
5.7500000E+00	8.0818E-03	3.8278E-01
5.7600000E+00	7.6513E-03	3.8607E-01
5.7700000E+00	7.0635E-03	3.8741E-01
5.7800000E+00	6.1685E-03	3.8609E-01
5.7900000E+00	5.2754E-03	3.8278E-01
5.8000000E+00	4.2160E-03	3.7712E-01
5.8100000E+00	3.1840E-03	3.6944E-01
5.8200000E+00	2.1411E-03	3.5976E-01
5.8300000E+00	1.2037E-03	3.4847E-01
5.8400000E+00	2.9447E-04	3.3549E-01
5.8500000E+00	-5.3611E-04	3.2114E-01
5.8600000E+00	-1.2762E-03	3.0551E-01
5.8700000E+00	-2.0012E-03	2.8884E-01
5.8800000E+00	-2.6811E-03	2.7148E-01
5.8900000E+00	-3.2469E-03	2.5388E-01
5.9000000E+00	-3.7938E-03	2.3622E-01
5.9100000E+00	-4.2085E-03	2.1856E-01
5.9200000E+00	-4.6644E-03	2.0125E-01
5.9300000E+00	-4.9547E-03	1.8455E-01
5.9400000E+00	-5.1968E-03	1.6888E-01
5.9500000E+00	-5.2903E-03	1.5455E-01
5.9600000E+00	-5.3722E-03	1.4155E-01
5.9700000E+00	-5.3588E-03	1.2990E-01
5.9800000E+00	-5.2471E-03	1.2026E-01
5.9900000E+00	-5.0110E-03	1.1258E-01
6.0000000E+00	-4.7063E-03	1.0692E-01
6.0100000E+00	-4.2992E-03	1.0358E-01
6.0200000E+00	-3.8502E-03	1.0224E-01
6.0300000E+00	-3.3376E-03	1.0326E-01
6.0400000E+00	-2.7447E-03	1.0657E-01
6.0500000E+00	-2.0669E-03	1.1223E-01
6.0600000E+00	-1.4307E-03	1.1959E-01
6.0700000E+00	-6.8302E-04	1.2923E-01
6.0800000E+00	3.4645E-05	1.4084E-01
6.0900000E+00	7.8239E-04	1.5424E-01
6.1000000E+00	1.5116E-03	1.6886E-01
6.1100000E+00	2.2594E-03	1.8519E-01
6.1200000E+00	2.9346E-03	2.0214E-01
6.1300000E+00	3.6516E-03	2.2050E-01
6.1400000E+00	4.2622E-03	2.3883E-01
6.1500000E+00	4.9081E-03	2.5778E-01
6.1600000E+00	5.4874E-03	2.7681E-01
6.1700000E+00	6.0432E-03	2.9546E-01
6.1800000E+00	6.5865E-03	3.1380E-01
6.1900000E+00	7.1064E-03	3.3113E-01
6.2000000E+00	7.6176E-03	3.4745E-01
6.2100000E+00	8.1569E-03	3.6280E-01
6.2200000E+00	8.5981E-03	3.7609E-01
6.2300000E+00	9.0197E-03	3.8807E-01
6.2400000E+00	9.2994E-03	3.9809E-01
6.2500000E+00	9.3966E-03	4.0609E-01
6.2600000E+00	9.2310E-03	4.1208E-01
6.2700000E+00	8.7518E-03	4.1576E-01
6.2800000E+00	8.0915E-03	4.1742E-01
6.2900000E+00	7.0837E-03	4.1641E-01
6.3000000E+00	6.0268E-03	4.1342E-01
6.3100000E+00	4.9055E-03	4.0845E-01
6.3200000E+00	3.6674E-03	4.0108E-01
6.3300000E+00	2.5056E-03	3.9180E-01
6.3400000E+00	1.4053E-03	3.8078E-01
6.3500000E+00	3.4100E-04	3.6780E-01
6.3600000E+00	-5.9047E-04	3.5380E-01
6.3700000E+00	-1.4657E-03	3.3814E-01
6.3800000E+00	-2.1931E-03	3.2182E-01
6.3900000E+00	-2.8518E-03	3.0482E-01
6.4000000E+00	-3.4535E-03	2.8717E-01
6.4100000E+00	-3.9877E-03	2.6919E-01
6.4200000E+00	-4.4526E-03	2.5154E-01
6.4300000E+00	-4.8161E-03	2.3420E-01
6.4400000E+00	-5.1325E-03	2.1753E-01
6.4500000E+00	-5.3615E-03	2.0155E-01
6.4600000E+00	-5.5013E-03	1.8691E-01
6.4700000E+00	-5.5606E-03	1.7357E-01
6.4800000E+00	-5.4952E-03	1.6189E-01
6.4900000E+00	-5.3727E-03	1.5189E-01
6.5000000E+00	-5.1313E-03	1.4391E-01
6.5100000E+00	-4.8313E-03	1.3791E-01
6.5200000E+00	-4.4728E-03	1.3392E-01
6.5300000E+00	-4.0180E-03	1.3223E-01
6.5400000E+00	-3.4444E-03	1.3290E-01
6.5500000E+00	-2.8748E-03	1.3586E-01
6.5600000E+00	-2.2090E-03	1.4086E-01
6.5700000E+00	-1.5019E-03	1.4822E-01
6.5800000E+00	-7.8805E-04	1.5755E-01
6.5900000E+00	-6.4678E-05	1.6888E-01
6.6000000E+00	6.9437E-04	1.8183E-01
6.6100000E+00	1.3991E-03	1.9615E-01
6.6200000E+00	2.1591E-03	2.1217E-01
6.6300000E+00	2.8920E-03	2.2913E-01
6.6400000E+00	3.5823E-03	2.4717E-01
6.6500000E+00	4.2870E-03	2.6580E-01
6.6600000E+00	4.9440E-03	2.8447E-01
6.6700000E+00	5.5686E-03	3.0343E-01
6.6800000E+00	6.2267E-03	3.2245E-01
6.6900000E+00	6.8676E-03	3.4078E-01
6.7000000E+00	7.5027E-03	3.5809E-01
6.7100000E+00	8.2337E-03	3.7473E-01
6.7200000E+00	8.9261E-03	3.9007E-01
6.7300000E+00	9.5745E-03	4.0410E-01
6.7400000E+00	1.0096E-02	4.1605E-01
6.7500000E+00	1.0471E-02	4.2641E-01
6.7600000E+00	1.0665E-02	4.3507E-01
6.7700000E+00	1.0418E-02	4.4108E-01
6.7800000E+00	9.9752E-03	4.4540E-01
6.7900000E+00	9.1392E-03	4.4707E-01
6.8000000E+00	8.1245E-03	4.4677E-01
6.8100000E+00	6.8873E-03	4.4405E-01
6.8200000E+00	5.6163E-03	4.3945E-01
6.8300000E+00	4.2520E-03	4.3244E-01
6.8400000E+00	2.9498E-03	4.2344E-01
6.8500000E+00	1.6855E-03	4.1277E-01
6.8600000E+00	4.8477E-04	4.0013E-01
6.8700000E+00	-5.9141E-04	3.8610E-01
6.8800000E+00	-1.5466E-03	3.7115E-01
6.8900000E+00	-2.4367E-03	3.5481E-01
6.9000000E+00	-3.2007E-03	3.3779E-01
6.9100000E+00	-3.8437E-03	3.2018E-01
6.9200000E+00	-4.3880E-03	3.0252E-01
6.9300000E+00	-4.8482E-03	2.8451E-01
6.9400000E+00	-5.2017E-03	2.6718E-01
6.9500000E+00	-5.4672E-03	2.5019E-01
6.9600000E+00	-5.7023E-03	2.3421E-01
6.9700000E+00	-5.7990E-03	2.1956E-01
6.9800000E+00	-5.8422E-03	2.0587E-01
6.9900000E+00	-5.7911E-03	1.9389E-01
7.0000000E+00	-5.6374E-03	1.8358E-01
7.0100000E+00	-5.4285E-03	1.7522E-01
7.0200000E+00	-5.1081E-03	1.6890E-01
7.0300000E+00	-4.6908E-03	1.6457E-01
7.0400000E+00	-4.2381E-03	1.6258E-01
7.0500000E+00	-3.6420E-03	1.6291E-01
7.0600000E+00	-3.0674E-03	1.6521E-01
7.0700000E+00	-2.3990E-03	1.6991E-01
7.0800000E+00	-1.6776E-03	1.7688E-01
7.0900000E+00	-9.8231E-04	1.8584E-01
7.1000000E+00	-2.3738E-04	1.9653E-01
7.1100000E+00	5.5957E-04	2.0919E-01
7.1200000E+00	1.2875E-03	2.2351E-01
7.1300000E+00	2.0650E-03	2.3916E-01
7.1400000E+00	2.8027E-03	2.5616E-01
7.1500000E+00	3.5572E-03	2.7380E-01
7.1600000E+00	4.2657E-03	2.9245E-01
7.1700000E+00	5.0278E-03	3.1112E-01
7.1800000E+00	5.7549E-03	3.3009E-01
7.1900000E+00	6.5559E-03	3.4909E-01
7.2000000E+00	7.3112E-03	3.6742E-01
7.2100000E+00	8.1956E-03	3.8512E-01
7.2200000E+00	9.0848E-03	4.0207E-01
7.2300000E+00	9.8950E-03	4.1740E-01
7.2400000E+00	1.0649E-02	4.3172E-01
7.2500000E+00	1.1215E-02	4.4403E-01
7.2600000E+00	1.1604E-02	4.5472E-01
7.2700000E+00	1.1792E-02	4.6371E-01
7.2800000E+00	1.1567E-02	4.7035E-01
7.2900000E+00	1.0979E-02	4.7471E-01
7.3000000E+00	1.0128E-02	4.7709E-01
7.3100000E+00	9.0119E-03	4.7709E-01
7.3200000E+00	7.6039E-03	4.7473E-01
7.3300000E+00	6.2784E-03	4.7042E-01
7.3400000E+00	4.8342E-03	4.6375E-01
7.3500000E+00	3.4248E-03	4.5510E-01
7.3600000E+00	2.0915E-03	4.4474E-01
7.3700000E+00	8.1882E-04	4.3245E-01
7.3800000E+00	-4.0942E-04	4.1876E-01
7.3900000E+00	-1.5064E-03	4.0379E-01
7.4000000E+00	-2.5621E-03	3.8781E-01
7.4100000E+00	-3.4578E-03	3.7083E-01
7.4200000E+00	-4.2983E-03	3.5315E-01
7.4300000E+00	-4.8675E-03	3.3549E-01
7.4400000E+00	-5.3216E-03	3.1784E-01
7.4500000E+00	-5.7194E-03	3.0017E-01
7.4600000E+00	-5.9906E-03	2.8316E-01
7.4700000E+00	-6.1401E-03	2.6720E-01
7.4800000E+00	-6.2912E-03	2.5187E-01
7.4900000E+00	-6.2501E-03	2.3820E-01
7.5000000E+00	-6.2140E-03	2.2587E-01
7.5100000E+00	-6.0430E-03	2.1520E-01
7.5200000E+00	-5.7872E-03	2.0654E-01
7.5300000E+00	-5.5012E-03	1.9952E-01
7.5400000E+00	-5.0087E-03	1.9522E-01
7.5500000E+00	-4.5608E-03	1.9255E-01
7.5600000E+00	-3.9456E-03	1.9253E-01
7.5700000E+00	-3.3538E-03	1.9454E-01
7.5800000E+00	-2.6653E-03	1.9887E-01
7.5900000E+00	-1.9354E-03	2.0553E-01
7.6000000E+00	-1.1953E-03	2.1385E-01
7.6100000E+00	-4.1778E-04	2.2454E-01
7.6200000E+00	3.5969E-04	2.3685E-01
7.6300000E+00	1.1165E-03	2.5083E-01
7.6400000E+00	1.9370E-03	2.6649E-01
7.6500000E+00	2.7376E-03	2.8315E-01
7.6600000E+00	3.5151E-03	3.0078E-01
7.6700000E+00	4.3116E-03	3.1914E-01
7.6800000E+00	5.1716E-03	3.3779E-01
7.6900000E+00	6.0524E-03	3.5676E-01
7.7000000E+00	7.0345E-03	3.7575E-01
7.7100000E+00	8.0578E-03	3.9443E-01
7.7200000E+00	9.0320E-03	4.1208E-01
7.7300000E+00	9.9686E-03	4.2905E-01
7.7400000E+00	1.0827E-02	4.4471E-01
7.7500000E+00	1.1605E-02	4.5939E-01
7.7600000E+00	1.2153E-02	4.7202E-01
7.7700000E+00	1.2442E-02	4.8306E-01
7.7800000E+00	1.2424E-02	4.9202E-01
7.7900000E+00	1.2185E-02	4.9941E-01
7.8000000E+00	1.1460E-02	5.0406E-01
7.8100000E+00	1.0499E-02	5.0672E-01
7.8200000E+00	9.3487E-03	5.0703E-01
7.8300000E+00	8.0649E-03	5.0539E-01
7.8400000E+00	6.7127E-03	5.0140E-01
7.8500000E+00	5.2570E-03	4.9505E-01
7.8600000E+00	3.9163E-03	4.8676E-01
7.8700000E+00	2.5682E-03	4.7678E-01
7.8800000E+00	1.2610E-03	4.6475E-01
7.8900000E+00	3.3288E-05	4.5142E-01
7.9000000E+00	-1.1962E-03	4.3642E-01
7.9100000E+00	-2.3446E-03	4.2045E-01
7.9200000E+00	-3.4196E-03	4.0380E-01
7.9300000E+00	-4.3299E-03	3.8648E-01
7.9400000E+00	-5.1604E-03	3.6848E-01
7.9500000E+00	-5.7536E-03	3.5082E-01
7.9600000E+00	-6.1960E-03	3.3317E-01
7.9700000E+00	-6.5039E-03	3.1620E-01
7.9800000E+00	-6.6901E-03	2.9984E-01
7.9900000E+00	-6.7854E-03	2.8454E-01
8.0000000E+00	-6.7605E-03	2.7052E-01
8.0100000E+00	-6.6746E-03	2.5784E-01
8.0200000E+00	-6.4916E-03	2.4685E-01
8.0300000E+00	-6.2150E-03	2.3788E-01
8.0400000E+00	-5.8518E-03	2.3086E-01
8.0500000E+00	-5.4139E-03	2.2587E-01
8.0600000E+00	-4.9163E-03	2.2286E-01
8.0700000E+00	-4.3462E-03	2.2219E-01
8.0800000E+00	-3.6458E-03	2.2421E-01
8.0900000E+00	-2.9704E-03	2.2787E-01
8.1000000E+00	-2.1910E-03	2.3419E-01
8.1100000E+00	-1.3799E-03	2.4250E-01
8.1200000E+00	-6.3601E-04	2.5251E-01
8.1300000E+00	1.5158E-04	2.6445E-01
8.1400000E+00	9.9167E-04	2.7849E-01
8.1500000E+00	1.7964E-03	2.9345E-01
8.1600000E+00	2.6336E-03	3.1014E-01
8.1700000E+00	3.5299E-03	3.2745E-01
8.1800000E+00	4.4790E-03	3.4580E-01
8.1900000E+00	5.4798E-03	3.6446E-01
8.2000000E+00	6.5283E-03	3.8345E-01
8.2100000E+00	7.6640E-03	4.0240E-01
8.2200000E+00	8.7885E-03	4.2107E-01
8.2300000E+00	9.8429E-03	4.3904E-01
8.2400000E+00	1.0748E-02	4.5602E-01
8.2500000E+00	1.1501E-02	4.7200E-01
8.2600000E+00	1.2043E-02	4.8670E-01
8.2700000E+00	1.2484E-02	5.0001E-01
8.2800000E+00	1.2503E-02	5.1132E-01
8.2900000E+00	1.2343E-02	5.2069E-01
8.3000000E+00	1.1879E-02	5.2803E-01
8.3100000E+00	1.1227E-02	5.3333E-01
8.3200000E+00	1.0326E-02	5.3635E-01
8.3300000E+00	9.2864E-03	5.3736E-01
8.3400000E+00	8.0300E-03	5.3570E-01
8.3500000E+00	6.7634E-03	5.3201E-01
8.3600000E+00	5.4831E-03	5.2638E-01
8.3700000E+00	4.1933E-03	5.1840E-01
8.3800000E+00	2.9369E-03	5.0839E-01
8.3900000E+00	1.7758E-03	4.9708E-01
8.4000000E+00	5.6246E-04	4.8375E-01
8.4100000E+00	-6.1505E-04	4.6910E-01
8.4200000E+00	-1.7668E-03	4.5342E-01
8.4300000E+00	-2.8793E-03	4.3678E-01
8.4400000E+00	-3.9986E-03	4.1946E-01
8.4500000E+00	-4.9635E-03	4.0180E-01
8.4600000E+00	-5.8151E-03	3.8381E-01
8.4700000E+00	-6.4249E-03	3.6616E-01
8.4800000E+00	-6.8151E-03	3.4916E-01
8.4900000E+00	-7.1168E-03	3.3252E-01
8.5000000E+00	-7.1813E-03	3.1718E-01
8.5100000E+00	-7.1845E-03	3.0283E-01
8.5200000E+00	-7.0963E-03	2.8985E-01
8.5300000E+00	-6.9117E-03	2.7852E-01
8.5400000E+00	-6.6032E-03	2.6917E-01
8.5500000E+00	-6.2231E-03	2.6184E-01
8.5600000E+00	-5.7526E-03	2.5655E-01
8.5700000E+00	-5.2452E-03	2.5321E-01
8.5800000E+00	-4.6441E-03	2.5222E-01
8.5900000E+00	-3.9490E-03	2.5355E-01
8.6000000E+00	-3.2356E-03	2.5716E-01
8.6100000E+00	-2.5003E-03	2.6284E-01
8.6200000E+00	-1.6632E-03	2.7083E-01
8.6300000E+00	-8.6554E-04	2.8052E-01
8.6400000E+00	-2.1509E-05	2.9248E-01
8.6500000E+00	8.2249E-04	3.0583E-01
8.6600000E+00	1.7504E-03	3.2083E-01
8.6700000E+00	2.6842E-03	3.3713E-01
8.6800000E+00	3.6886E-03	3.5445E-01
8.6900000E+00	4.7535E-03	3.7241E-01
8.7000000E+00	5.9726E-03	3.9143E-01
8.7100000E+00	7.1060E-03	4.1008E-01
8.7200000E+00	8.2900E-03	4.2907E-01
8.7300000E+00	9.3843E-03	4.4771E-01
8.7400000E+00	1.0356E-02	4.6603E-01
8.7500000E+00	1.1075E-02	4.8334E-01
8.7600000E+00	1.1493E-02	4.9936E-01
8.7700000E+00	1.1862E-02	5.1435E-01
8.7800000E+00	1.1956E-02	5.2765E-01
8.7900000E+00	1.1910E-02	5.3935E-01
8.8000000E+00	1.1735E-02	5.4933E-01
8.8100000E+00	1.1344E-02	5.5700E-01
8.8200000E+00	1.0764E-02	5.6267E-01
8.8300000E+00	9.9830E-03	5.6598E-01
8.8400000E+00	9.0132E-03	5.6734E-01
8.8500000E+00	7.9562E-03	5.6635E-01
8.8600000E+00	6.8037E-03	5.6303E-01
8.8700000E+00	5.5617E-03	5.5735E-01
8.8800000E+00	4.3994E-03	5.5006E-01
8.8900000E+00	3.1961E-03	5.4034E-01
8.9000000E+00	2.0681E-03	5.2904E-01
8.9100000E+00	9.7707E-04	5.1605E-01
8.9200000E+00	-8.2180E-05	5.0172E-01
8.9300000E+00	-1.1758E-03	4.8607E-01
8.9400000E+00	-2.2089E-03	4.6977E-01
8.9500000E+00	-3.2907E-03	4.5244E-01
8.9600000E+00	-4.3443E-03	4.3479E-01
8.9700000E+00	-5.2958E-03	4.1715E-01
8.9800000E+00	-6.0658E-03	3.9948E-01
8.9900000E+00	-6.7513E-03	3.8214E-01
9.0000000E+00	-7.1604E-03	3.6548E-01
9.0100000E+00	-7.3695E-03	3.4982E-01
9.0200000E+00	-7.4628E-03	3.3519E-01
9.0300000E+00	-7.3835E-03	3.2218E-01
9.0400000E+00	-7.2059E-03	3.1052E-01
9.0500000E+00	-6.9402E-03	3.0088E-01
9.0600000E+00	-6.5506E-03	2.9286E-01
9.0700000E+00	-6.0925E-03	2.8714E-01
9.0800000E+00	-5.5494E-03	2.8350E-01
9.0900000E+00	-4.9380E-03	2.8220E-01
9.1000000E+00	-4.2050E-03	2.8316E-01
9.1100000E+00	-3.4772E-03	2.8647E-01
9.1200000E+00	-2.6911E-03	2.9182E-01
9.1300000E+00	-1.8847E-03	2.9917E-01
9.1400000E+00	-9.9947E-04	3.0884E-01
9.1500000E+00	-1.3234E-04	3.2015E-01
9.1600000E+00	7.9942E-04	3.3345E-01
9.1700000E+00	1.8019E-03	3.4809E-01
9.1800000E+00	2.8424E-03	3.6411E-01
9.1900000E+00	4.0048E-03	3.8144E-01
9.2000000E+00	5.1816E-03	3.9940E-01
9.2100000E+00	6.4164E-03	4.1806E-01
9.2200000E+00	7.5753E-03	4.3674E-01
9.2300000E+00	8.6537E-03	4.5570E-01
9.2400000E+00	9.6124E-03	4.7468E-01
9.2500000E+00	1.0233E-02	4.9269E-01
9.2600000E+00	1.0704E-02	5.1033E-01
9.2700000E+00	1.0951E-02	5.2667E-01
9.2800000E+00	1.1069E-02	5.4168E-01
9.2900000E+00	1.1175E-02	5.5530E-01
9.3000000E+00	1.1177E-02	5.6730E-01
9.3100000E+00	1.1113E-02	5.7765E-01
9.3200000E+00	1.0815E-02	5.8563E-01
9.3300000E+00	1.0362E-02	5.9167E-01
9.3400000E+00	9.7537E-03	5.9563E-01
9.3500000E+00	8.9361E-03	5.9730E-01
9.3600000E+00	7.9505E-03	5.9665E-01
9.3700000E+00	6.8467E-03	5.9367E-01
9.3800000E+00	5.7096E-03	5.8869E-01
9.3900000E+00	4.5106E-03	5.8135E-01
9.4000000E+00	3.3966E-03	5.7204E-01
9.4100000E+00	2.2947E-03	5.6104E-01
9.4200000E+00	1.2273E-03	5.4837E-01
9.4300000E+00	2.8149E-04	5.3443E-01
9.4400000E+00	-7.0669E-04	5.1905E-01
9.4500000E+00	-1.6384E-03	5.0274E-01
9.4600000E+00	-2.6244E-03	4.8541E-01
9.4700000E+00	-3.6033E-03	4.6775E-01
9.4800000E+00	-4.5501E-03	4.5011E-01
9.4900000E+00	-5.4514E-03	4.3248E-01
9.5000000E+00	-6.2407E-03	4.1514E-01
9.5100000E+00	-6.8874E-03	3.9816E-01
9.5200000E+00	-7.2621E-03	3.8250E-01
9.5300000E+00	-7.5215E-03	3.6752E-01
9.5400000E+00	-7.5140E-03	3.5417E-01
9.5500000E+00	-7.3536E-03	3.4248E-01
9.5600000E+00	-7.1444E-03	3.3216E-01
9.5700000E+00	-6.7290E-03	3.2414E-01
9.5800000E+00	-6.2972E-03	3.1817E-01
9.5900000E+00	-5.7451E-03	3.1414E-01
9.6000000E+00	-5.1139E-03	3.1252E-01
9.6100000E+00	-4.4317E-03	3.1283E-01
9.6200000E+00	-3.6679E-03	3.1548E-01
9.6300000E+00	-2.8559E-03	3.2050E-01
9.6400000E+00	-1.9760E-03	3.2782E-01
9.6500000E+00	-1.1136E-03	3.3681E-01
9.6600000E+00	-1.1766E-04	3.4811E-01
9.6700000E+00	8.6344E-04	3.6079E-01
9.6800000E+00	1.9583E-03	3.7543E-01
9.6900000E+00	3.1320E-03	3.9142E-01
9.7000000E+00	4.3369E-03	4.0841E-01
9.7100000E+00	5.5115E-03	4.2608E-01
9.7200000E+00	6.7180E-03	4.4470E-01
9.7300000E+00	7.7296E-03	4.6337E-01
9.7400000E+00	8.5938E-03	4.8235E-01
9.7500000E+00	9.2512E-03	5.0137E-01
9.7600000E+00	9.6696E-03	5.1965E-01
9.7700000E+00	9.9859E-03	5.3734E-01
9.7800000E+00	1.0226E-02	5.5402E-01
9.7900000E+00	1.0433E-02	5.6933E-01
9.8000000E+00	1.0607E-02	5.8333E-01
9.8100000E+00	1.0778E-02	5.9563E-01
9.8200000E+00	1.0764E-02	6.0599E-01
9.8300000E+00	1.0670E-02	6.1432E-01
9.8400000E+00	1.0407E-02	6.2098E-01
9.8500000E+00	9.8372E-03	6.2500E-01
9.8600000E+00	9.0978E-03	6.2699E-01
9.8700000E+00	8.1749E-03	6.2668E-01
9.8800000E+00	7.1555E-03	6.2432E-01
9.8900000E+00	6.0126E-03	6.1966E-01
9.9000000E+00	4.8257E-03	6.1269E-01
9.9100000E+00	3.6872E-03	6.0401E-01
9.9200000E+00	2.5543E-03	5.9338E-01
9.9300000E+00	1.4719E-03	5.8069E-01
9.9400000E+00	4.8137E-04	5.6702E-01
9.9500000E+00	-4.8572E-04	5.5175E-01
9.9600000E+00	-1.4014E-03	5.3539E-01
9.9700000E+00	-2.2519E-03	5.1841E-01
9.9800000E+00	-3.0840E-03	5.0107E-01
9.9900000E+00	-3.9576E-03	4.8310E-01
1.0000000E+01	-4.7555E-03	4.6543E-01
1.0010000E+01	-5.5250E-03	4.4812E-01
1.0020000E+01	-6.2743E-03	4.3113E-01
1.0030000E+01	-6.8352E-03	4.1514E-01
1.0040000E+01	-7.1902E-03	4.0015E-01
1.0050000E+01	-7.3695E-03	3.8649E-01
1.0060000E+01	-7.3995E-03	3.7416E-01
1.0070000E+01	-7.2021E-03	3.6384E-01
1.0080000E+01	-6.8641E-03	3.5550E-01
1.0090000E+01	-6.4390E-03	3.4883E-01
1.0100000E+01	-5.9369E-03	3.4450E-01
1.0110000E+01	-5.2607E-03	3.4251E-01
1.0120000E+01	-4.5750E-03	3.4249E-01
1.0130000E+01	-3.7732E-03	3.4483E-01
1.0140000E+01	-2.9348E-03	3.4945E-01
1.0150000E+01	-2.0020E-03	3.5643E-01
1.0160000E+01	-1.1069E-03	3.6514E-01
1.0170000E+01	-8.5803E-05	3.7612E-01
1.0180000E+01	1.0130E-03	3.8845E-01
1.0190000E+01	2.1872E-03	4.0276E-01
1.0200000E+01	3.3771E-03	4.1843E-01
1.0210000E+01	4.5069E-03	4.3506E-01
1.0220000E+01	5.6625E-03	4.5305E-01
1.0230000E+01	6.6580E-03	4.7135E-01
1.0240000E+01	7.5029E-03	4.9035E-01
1.0250000E+01	8.0058E-03	5.0868E-01
1.0260000E+01	8.3453E-03	5.2634E-01
1.0270000E+01	8.6923E-03	5.4366E-01
1.0280000E+01	8.9060E-03	5.5997E-01
1.0290000E+01	9.1875E-03	5.7564E-01
1.0300000E+01	9.4685E-03	5.9030E-01
1.0310000E+01	9.6788E-03	6.0329E-01
1.0320000E+01	9.8492E-03	6.1464E-01
1.0330000E+01	9.8892E-03	6.2430E-01
1.0340000E+01	9.8018E-03	6.3197E-01
1.0350000E+01	9.5283E-03	6.3763E-01
1.0360000E+01	8.9954E-03	6.4096E-01
1.0370000E+01	8.3252E-03	6.4233E-01
1.0380000E+01	7.4338E-03	6.4135E-01
1.0390000E+01	6.4030E-03	6.3798E-01
1.0400000E+01	5.2258E-03	6.3232E-01
1.0410000E+01	4.1127E-03	6.2469E-01
1.0420000E+01	2.9716E-03	6.1498E-01
1.0430000E+01	1.8521E-03	6.0337E-01
1.0440000E+01	8.4029E-04	5.9038E-01
1.0450000E+01	-1.6190E-04	5.7539E-01
1.0460000E+01	-1.0972E-03	5.5938E-01
1.0470000E+01	-2.0167E-03	5.4202E-01
1.0480000E+01	-2.8475E-03	5.2407E-01
1.0490000E+01	-3.6911E-03	5.0540E-01
1.0500000E+01	-4.5601E-03	4.8642E-01
1.0510000E+01	-5.3910E-03	4.6745E-01
1.0520000E+01	-6.2044E-03	4.4881E-01
1.0530000E+01	-6.9920E-03	4.3047E-01
1.0540000E+01	-7.5858E-03	4.1315E-01
1.0550000E+01	-7.9878E-03	3.9684E-01
1.0560000E+01	-8.1865E-03	3.8183E-01
1.0570000E+01	-8.2204E-03	3.6819E-01
1.0580000E+01	-8.0942E-03	3.5647E-01
1.0590000E+01	-7.8377E-03	3.4617E-01
1.0600000E+01	-7.4285E-03	3.3816E-01
1.0610000E+01	-6.8910E-03	3.3250E-01
1.0620000E+01	-6.3012E-03	3.2883E-01
1.0630000E+01	-5.6357E-03	3.2717E-01
1.0640000E+01	-4.8627E-03	3.2817E-01
1.0650000E+01	-4.0691E-03	3.3117E-01
1.0660000E+01	-3.1880E-03	3.3650E-01
1.0670000E+01	-2.2878E-03	3.4379E-01
1.0680000E+01	-1.3856E-03	3.5278E-01
1.0690000E+01	-3.9010E-04	3.6412E-01
1.0700000E+01	6.5213E-04	3.7679E-01
1.0710000E+01	1.7538E-03	3.9111E-01
1.0720000E+01	2.8749E-03	4.0642E-01
1.0730000E+01	4.0097E-03	4.2306E-01
1.0740000E+01	5.0712E-03	4.4006E-01
1.0750000E+01	6.0442E-03	4.5771E-01
1.0760000E+01	6.8514E-03	4.7536E-01
1.0770000E+01	7.4460E-03	4.9337E-01
1.0780000E+01	7.8501E-03	5.1070E-01
1.0790000E+01	8.1251E-03	5.2736E-01
1.0800000E+01	8.2428E-03	5.4301E-01
1.0810000E+01	8.3361E-03	5.5766E-01
1.0820000E+01	8.3619E-03	5.7100E-01
1.0830000E+01	8.3320E-03	5.8264E-01
1.0840000E+01	8.2427E-03	5.9267E-01
1.0850000E+01	7.9962E-03	6.0065E-01
1.0860000E+01	7.6582E-03	6.0666E-01
1.0870000E+01	7.2049E-03	6.1066E-01
1.0880000E+01	6.5545E-03	6.1235E-01
1.0890000E+01	5.8604E-03	6.1169E-01
1.0900000E+01	4.9958E-03	6.0868E-01
1.0910000E+01	4.1082E-03	6.0335E-01
1.0920000E+01	3.1914E-03	5.9637E-01
1.0930000E+01	2.1997E-03	5.8703E-01
1.0940000E+01	1.2957E-03	5.7574E-01
1.0950000E+01	4.0425E-04	5.6272E-01
1.0960000E+01	-5.0997E-04	5.4806E-01
1.0970000E+01	-1.3924E-03	5.3207E-01
1.0980000E+01	-2.2454E-03	5.1509E-01
1.0990000E+01	-3.0822E-03	4.9713E-01
1.1000000E+01	-3.9204E-03	4.7877E-01
1.1010000E+01	-4.8510E-03	4.5979E-01
1.1020000E+01	-5.7409E-03	4.4079E-01
1.1030000E+01	-6.5292E-03	4.2215E-01
1.1040000E+01	-7.2336E-03	4.0379E-01
1.1050000E+01	-7.7358E-03	3.8615E-01
1.1060000E+01	-8.0888E-03	3.6950E-01
1.1070000E+01	-8.2387E-03	3.5420E-01
1.1080000E+01	-8.2314E-03	3.4051E-01
1.1090000E+01	-8.0979E-03	3.2818E-01
1.1100000E+01	-7.8753E-03	3.1786E-01
1.1110000E+01	-7.5325E-03	3.0949E-01
1.1120000E+01	-7.0818E-03	3.0316E-01
1.1130000E+01	-6.5280E-03	2.9917E-01
1.1140000E+01	-5.8741E-03	2.9753E-01
1.1150000E+01	-5.1923E-03	2.9781E-01
1.1160000E+01	-4.4050E-03	3.0051E-01
1.1170000E+01	-3.6037E-03	3.0516E-01
1.1180000E+01	-2.7383E-03	3.1215E-01
1.1190000E+01	-1.8490E-03	3.2115E-01
1.1200000E+01	-9.0906E-04	3.3214E-01
1.1210000E+01	-3.8827E-06	3.4447E-01
1.1220000E+01	9.3539E-04	3.5844E-01
1.1230000E+01	1.9211E-03	3.7378E-01
1.1240000E+01	3.0049E-03	3.9008E-01
1.1250000E+01	4.0298E-03	4.0709E-01
1.1260000E+01	5.1444E-03	4.2473E-01
1.1270000E+01	6.0405E-03	4.4238E-01
1.1280000E+01	6.8925E-03	4.6006E-01
1.1290000E+01	7.5141E-03	4.7768E-01
1.1300000E+01	7.8991E-03	4.9437E-01
1.1310000E+01	8.0889E-03	5.1035E-01
1.1320000E+01	8.1843E-03	5.2535E-01
1.1330000E+01	8.1472E-03	5.3900E-01
1.1340000E+01	7.9755E-03	5.5103E-01
1.1350000E+01	7.7259E-03	5.6100E-01
1.1360000E+01	7.4805E-03	5.6965E-01
1.1370000E+01	7.0644E-03	5.7603E-01
1.1380000E+01	6.5679E-03	5.8001E-01
1.1390000E+01	5.9280E-03	5.8201E-01
1.1400000E+01	5.2560E-03	5.8169E-01
1.1410000E+01	4.5534E-03	5.7937E-01
1.1420000E+01	3.7440E-03	5.7472E-01
1.1430000E+01	2.8317E-03	5.6771E-01
1.1440000E+01	1.9612E-03	5.5871E-01
1.1450000E+01	1.0813E-03	5.4774E-01
1.1460000E+01	2.1741E-04	5.3507E-01
1.1470000E+01	-6.3991E-04	5.2073E-01
1.1480000E+01	-1.5421E-03	5.0508E-01
1.1490000E+01	-2.3903E-03	4.8807E-01
1.1500000E+01	-3.2856E-03	4.7045E-01
1.1510000E+01	-4.2061E-03	4.5208E-01
1.1520000E+01	-5.1223E-03	4.3314E-01
1.1530000E+01	-6.0210E-03	4.1415E-01
1.1540000E+01	-6.7402E-03	3.9517E-01
1.1550000E+01	-7.3028E-03	3.7685E-01
1.1560000E+01	-7.6944E-03	3.5916E-01
1.1570000E+01	-7.9438E-03	3.4251E-01
1.1580000E+01	-8.0529E-03	3.2686E-01
1.1590000E+01	-8.0904E-03	3.1289E-01
1.1600000E+01	-8.0320E-03	3.0020E-01
1.1610000E+01	-7.8323E-03	2.8955E-01
1.1620000E+01	-7.5113E-03	2.8086E-01
1.1630000E+01	-7.1425E-03	2.7419E-01
1.1640000E+01	-6.6284E-03	2.6987E-01
1.1650000E+01	-6.0227E-03	2.6754E-01
1.1660000E+01	-5.3599E-03	2.6750E-01
1.1670000E+01	-4.6149E-03	2.6986E-01
1.1680000E+01	-3.8355E-03	2.7416E-01
1.1690000E+01	-2.9747E-03	2.8083E-01
1.1700000E+01	-2.1199E-03	2.8949E-01
1.1710000E+01	-1.2682E-03	3.0016E-01
1.1720000E+01	-4.2944E-04	3.1215E-01
1.1730000E+01	4.4875E-04	3.2579E-01
1.1740000E+01	1.3685E-03	3.4112E-01
1.1750000E+01	2.2594E-03	3.5713E-01
1.1760000E+01	3.1951E-03	3.7411E-01
1.1770000E+01	4.1950E-03	3.9143E-01
1.1780000E+01	5.1787E-03	4.0943E-01
1.1790000E+01	6.0819E-03	4.2709E-01
1.1800000E+01	6.9126E-03	4.4472E-01
1.1810000E+01	7.5471E-03	4.6172E-01
1.1820000E+01	7.9042E-03	4.7769E-01
1.1830000E+01	8.0942E-03	4.9269E-01
1.1840000E+01	8.1224E-03	5.0669E-01
1.1850000E+01	7.9612E-03	5.1901E-01
1.1860000E+01	7.6883E-03	5.2935E-01
1.1870000E+01	7.3497E-03	5.3835E-01
1.1880000E+01	6.9309E-03	5.4505E-01
1.1890000E+01	6.4030E-03	5.4968E-01
1.1900000E+01	5.7776E-03	5.5202E-01
1.1910000E+01	5.0858E-03	5.5201E-01
1.1920000E+01	4.3562E-03	5.5001E-01
1.1930000E+01	3.5797E-03	5.4568E-01
1.1940000E+01	2.7241E-03	5.3904E-01
1.1950000E+01	1.8439E-03	5.3038E-01
1.1960000E+01	9.9265E-04	5.1973E-01
1.1970000E+01	1.6390E-04	5.0741E-01
1.1980000E+01	-7.5448E-04	4.9345E-01
1.1990000E+01	-1.6381E-03	4.7808E-01
1.2000000E+01	-2.6004E-03	4.6112E-01
1.2010000E+01	-3.5427E-03	4.4344E-01
1.2020000E+01	-4.4678E-03	4.2515E-01
1.2030000E+01	-5.3368E-03	4.0646E-01
1.2040000E+01	-6.1318E-03	3.8747E-01
1.2050000E+01	-6.7369E-03	3.6847E-01
1.2060000E+01	-7.1924E-03	3.5015E-01
1.2070000E+01	-7.5381E-03	3.3222E-01
1.2080000E+01	-7.7564E-03	3.1519E-01
1.2090000E+01	-7.9049E-03	2.9950E-01
1.2100000E+01	-7.9564E-03	2.8518E-01
1.2110000E+01	-7.9066E-03	2.7253E-01
1.2120000E+01	-7.7726E-03	2.6155E-01
1.2130000E+01	-7.5420E-03	2.5217E-01
1.2140000E+01	-7.2016E-03	2.4520E-01
1.2150000E+01	-6.6763E-03	2.4054E-01
1.2160000E+01	-6.1507E-03	2.3789E-01
1.2170000E+01	-5.4961E-03	2.3754E-01
1.2180000E+01	-4.8157E-03	2.3917E-01
1.2190000E+01	-3.9987E-03	2.4350E-01
1.2200000E+01	-3.2159E-03	2.4951E-01
1.2210000E+01	-2.3308E-03	2.5784E-01
1.2220000E+01	-1.5014E-03	2.6815E-01
1.2230000E+01	-6.8390E-04	2.7987E-01
1.2240000E+01	1.6552E-04	2.9348E-01
1.2250000E+01	9.8574E-04	3.0814E-01
1.2260000E+01	1.8069E-03	3.2411E-01
1.2270000E+01	2.6526E-03	3.4110E-01
1.2280000E+01	3.4755E-03	3.5846E-01
1.2290000E+01	4.3086E-03	3.7611E-01
1.2300000E+01	5.2134E-03	3.9410E-01
1.2310000E+01	6.0084E-03	4.1140E-01
1.2320000E+01	6.8174E-03	4.2873E-01
1.2330000E+01	7.4147E-03	4.4502E-01
1.2340000E+01	7.7937E-03	4.6038E-01
1.2350000E+01	8.0019E-03	4.7437E-01
1.2360000E+01	7.9856E-03	4.8699E-01
1.2370000E+01	7.7587E-03	4.9767E-01
1.2380000E+01	7.4661E-03	5.0702E-01
1.2390000E+01	6.9804E-03	5.1401E-01
1.2400000E+01	6.4762E-03	5.1902E-01
1.2410000E+01	5.8043E-03	5.2171E-01
1.2420000E+01	5.0829E-03	5.2202E-01
1.2430000E+01	4.3528E-03	5.2038E-01
1.2440000E+01	3.5260E-03	5.1635E-01
1.2450000E+01	2.6835E-03	5.1039E-01
1.2460000E+01	1.8273E-03	5.0208E-01
1.2470000E+01	9.4542E-04	4.9176E-01
1.2480000E+01	4.2065E-05	4.7974E-01
1.2490000E+01	-8.7702E-04	4.6609E-01
1.2500000E+01	-1.8322E-03	4.5075E-01
1.2510000E+01	-2.8227E-03	4.3410E-01
1.2520000E+01	-3.7208E-03	4.1680E-01
1.2530000E+01	-4.6267E-03	3.9848E-01
1.2540000E+01	-5.3979E-03	3.7982E-01
1.2550000E+01	-6.0580E-03	3.6083E-01
1.2560000E+01	-6.5718E-03	3.4182E-01
1.2570000E+01	-6.9904E-03	3.2317E-01
1.2580000E+01	-7.3141E-03	3.0519E-01
1.2590000E+01	-7.5780E-03	2.8820E-01
1.2600000E+01	-7.7540E-03	2.7220E-01
1.2610000E+01	-7.8250E-03	2.5753E-01
1.2620000E+01	-7.8296E-03	2.4454E-01
1.2630000E+01	-7.7352E-03	2.3326E-01
1.2640000E+01	-7.5188E-03	2.2389E-01
1.2650000E+01	-7.2220E-03	2.1619E-01
1.2660000E+01	-6.7631E-03	2.1123E-01
1.2670000E+01	-6.2437E-03	2.0820E-01
1.2680000E+01	-5.6291E-03	2.0720E-01
1.2690000E+01	-4.9346E-03	2.0885E-01
1.2700000E+01	-4.1727E-03	2.1253E-01
1.2710000E+01	-3.3708E-03	2.1854E-01
1.2720000E+01	-2.5554E-03	2.2619E-01
1.2730000E+01	-1.7317E-03	2.3619E-01
1.2740000E+01	-8.6874E-04	2.4783E-01
1.2750000E+01	-2.0301E-05	2.6115E-01
1.2760000E+01	7.5067E-04	2.7546E-01
1.2770000E+01	1.5357E-03	2.9148E-01
1.2780000E+01	2.3014E-03	3.0811E-01
1.2790000E+01	3.0474E-03	3.2544E-01
1.2800000E+01	3.7806E-03	3.4312E-01
1.2810000E+01	4.4994E-03	3.6077E-01
1.2820000E+01	5.2295E-03	3.7842E-01
1.2830000E+01	5.9689E-03	3.9576E-01
1.2840000E+01	6.6108E-03	4.1205E-01
1.2850000E+01	7.1755E-03	4.2769E-01
1.2860000E+01	7.5475E-03	4.4206E-01
1.2870000E+01	7.6743E-03	4.5472E-01
1.2880000E+01	7.6607E-03	4.6603E-01
1.2890000E+01	7.4309E-03	4.7537E-01
1.2900000E+01	7.0424E-03	4.8270E-01
1.2910000E+01	6.5180E-03	4.8803E-01
1.2920000E+01	5.9378E-03	4.9135E-01
1.2930000E+01	5.2132E-03	4.9238E-01
1.2940000E+01	4.4790E-03	4.9105E-01
1.2950000E+01	3.5770E-03	4.8739E-01
1.2960000E+01	2.7329E-03	4.8171E-01
1.2970000E+01	1.8157E-03	4.7374E-01
1.2980000E+01	8.8664E-04	4.6376E-01
1.2990000E+01	-6.0246E-05	4.5206E-01
1.3000000E+01	-9.9990E-04	4.3846E-01
1.3010000E+01	-1.9700E-03	4.2345E-01
1.3020000E+01	-2.8976E-03	4.0712E-01
1.3030000E+01	-3.8045E-03	3.8981E-01
1.3040000E+01	-4.5609E-03	3.7182E-01
1.3050000E+01	-5.2483E-03	3.5314E-01
1.3060000E+01	-5.8015E-03	3.3419E-01
1.3070000E+01	-6.3268E-03	3.1519E-01
1.3080000E+01	-6.7418E-03	2.9654E-01
1.3090000E+01	-7.0743E-03	2.7854E-01
1.3100000E+01	-7.3509E-03	2.6121E-01
1.3110000E+01	-7.5962E-03	2.4489E-01
1.3120000E+01	-7.6661E-03	2.3023E-01
1.3130000E+01	-7.7556E-03	2.1658E-01
1.3140000E+01	-7.6544E-03	2.0488E-01
1.3150000E+01	-7.5083E-03	1.9522E-01
1.3160000E+01	-7.2090E-03	1.8757E-01
1.3170000E+01	-6.8443E-03	1.8190E-01
1.3180000E+01	-6.3299E-03	1.7856E-01
1.3190000E+01	-5.7672E-03	1.7722E-01
1.3200000E+01	-5.0512E-03	1.7855E-01
1.3210000E+01	-4.3102E-03	1.8189E-01
1.3220000E+01	-3.5408E-03	1.8722E-01
1.3230000E+01	-2.7135E-03	1.9488E-01
1.3240000E+01	-1.9062E-03	2.0416E-01
1.3250000E+01	-1.1007E-03	2.1551E-01
1.3260000E+01	-2.7583E-04	2.2849E-01
1.3270000E+01	5.7391E-04	2.4284E-01
1.3280000E+01	1.3546E-03	2.5849E-01
1.3290000E+01	2.0915E-03	2.7514E-01
1.3300000E+01	2.8272E-03	2.9248E-01
1.3310000E+01	3.4781E-03	3.1013E-01
1.3320000E+01	4.1181E-03	3.2778E-01
1.3330000E+01	4.7053E-03	3.4544E-01
1.3340000E+01	5.3180E-03	3.6278E-01
1.3350000E+01	5.8778E-03	3.7944E-01
1.3360000E+01	6.4121E-03	3.9507E-01
1.3370000E+01	6.8416E-03	4.0971E-01
1.3380000E+01	7.1025E-03	4.2273E-01
1.3390000E+01	7.1815E-03	4.3403E-01
1.3400000E+01	7.1827E-03	4.4404E-01
1.3410000E+01	6.8727E-03	4.5169E-01
1.3420000E+01	6.4770E-03	4.5740E-01
1.3430000E+01	5.9560E-03	4.6106E-01
1.3440000E+01	5.2486E-03	4.6239E-01
1.3450000E+01	4.4449E-03	4.6138E-01
1.3460000E+01	3.6175E-03	4.5805E-01
1.3470000E+01	2.6986E-03	4.5273E-01
1.3480000E+01	1.7562E-03	4.4505E-01
1.3490000E+01	8.5661E-04	4.3575E-01
1.3500000E+01	-1.1170E-04	4.2410E-01
1.3510000E+01	-1.0390E-03	4.1113E-01
1.3520000E+01	-1.9750E-03	3.9613E-01
1.3530000E+01	-2.8383E-03	3.8015E-01
1.3540000E+01	-3.5986E-03	3.6318E-01
1.3550000E+01	-4.3028E-03	3.4517E-01
1.3560000E+01	-4.9530E-03	3.2651E-01
1.3570000E+01	-5.5115E-03	3.0752E-01
1.3580000E+01	-6.0307E-03	2.8854E-01
1.3590000E+01	-6.4475E-03	2.6987E-01
1.3600000E+01	-6.8374E-03	2.5154E-01
1.3610000E+01	-7.1937E-03	2.3423E-01
1.3620000E+01	-7.4197E-03	2.1758E-01
1.3630000E+01	-7.5631E-03	2.0256E-01
1.3640000E+01	-7.6578E-03	1.8893E-01
1.3650000E+01	-7.6053E-03	1.7691E-01
1.3660000E+01	-7.4848E-03	1.6693E-01
1.3670000E+01	-7.2459E-03	1.5856E-01
1.3680000E+01	-6.9098E-03	1.5255E-01
1.3690000E+01	-6.3916E-03	1.4890E-01
1.3700000E+01	-5.8554E-03	1.4721E-01
1.3710000E+01	-5.2120E-03	1.4792E-01
1.3720000E+01	-4.5139E-03	1.5091E-01
1.3730000E+01	-3.7052E-03	1.5621E-01
1.3740000E+01	-2.9083E-03	1.6322E-01
1.3750000E+01	-2.0923E-03	1.7254E-01
1.3760000E+01	-1.2314E-03	1.8356E-01
1.3770000E+01	-4.1944E-04	1.9616E-01
1.3780000E+01	4.2680E-04	2.1051E-01
1.3790000E+01	1.1835E-03	2.2585E-01
1.3800000E+01	1.9258E-03	2.4216E-01
1.3810000E+01	2.6095E-03	2.5915E-01
1.3820000E+01	3.2755E-03	2.7679E-01
1.3830000E+01	3.9213E-03	2.9479E-01
1.3840000E+01	4.4301E-03	3.1249E-01
1.3850000E+01	4.9445E-03	3.2978E-01
1.3860000E+01	5.3913E-03	3.4644E-01
1.3870000E+01	5.8223E-03	3.6245E-01
1.3880000E+01	6.1629E-03	3.7705E-01
1.3890000E+01	6.4182E-03	3.9041E-01
1.3900000E+01	6.6269E-03	4.0239E-01
1.3910000E+01	6.6371E-03	4.1241E-01
1.3920000E+01	6.4837E-03	4.2038E-01
1.3930000E+01	6.2061E-03	4.2674E-01
1.3940000E+01	5.6837E-03	4.3040E-01
1.3950000E+01	5.0966E-03	4.3210E-01
1.3960000E+01	4.3943E-03	4.3174E-01
1.3970000E+01	3.5479E-03	4.2877E-01
1.3980000E+01	2.6768E-03	4.2377E-01
1.3990000E+01	1.7908E-03	4.1678E-01
1.4000000E+01	8.4600E-04	4.0743E-01
1.4010000E+01	-4.7027E-05	3.9645E-01
1.4020000E+01	-9.3800E-04	3.8345E-01
1.4030000E+01	-1.8001E-03	3.6879E-01
1.4040000E+01	-2.5943E-03	3.5315E-01
1.4050000E+01	-3.2968E-03	3.3614E-01
1.4060000E+01	-3.9746E-03	3.1817E-01
1.4070000E+01	-4.5873E-03	2.9984E-01
1.4080000E+01	-5.1967E-03	2.8084E-01
1.4090000E+01	-5.7104E-03	2.6186E-01
1.4100000E+01	-6.2065E-03	2.4287E-01
1.4110000E+01	-6.6056E-03	2.2458E-01
1.4120000E+01	-6.9563E-03	2.0721E-01
1.4130000E+01	-7.2273E-03	1.9054E-01
1.4140000E+01	-7.4135E-03	1.7523E-01
1.4150000E+01	-7.5420E-03	1.6123E-01
1.4160000E+01	-7.5364E-03	1.4891E-01
1.4170000E+01	-7.4379E-03	1.3858E-01
1.4180000E+01	-7.2496E-03	1.2991E-01
1.4190000E+01	-6.9290E-03	1.2359E-01
1.4200000E+01	-6.4742E-03	1.1958E-01
1.4210000E+01	-5.9499E-03	1.1756E-01
1.4220000E+01	-5.3276E-03	1.1788E-01
1.4230000E+01	-4.6411E-03	1.2024E-01
1.4240000E+01	-3.8856E-03	1.2522E-01
1.4250000E+01	-3.0641E-03	1.3190E-01
1.4260000E+01	-2.2171E-03	1.4086E-01
1.4270000E+01	-1.4180E-03	1.5155E-01
1.4280000E+01	-5.9857E-04	1.6388E-01
1.4290000E+01	2.5231E-04	1.7786E-01
1.4300000E+01	1.0286E-03	1.9319E-01
1.4310000E+01	1.7452E-03	2.0915E-01
1.4320000E+01	2.4498E-03	2.2618E-01
1.4330000E+01	3.1111E-03	2.4381E-01
1.4340000E+01	3.7069E-03	2.6149E-01
1.4350000E+01	4.2630E-03	2.7947E-01
1.4360000E+01	4.7175E-03	2.9678E-01
1.4370000E+01	5.1532E-03	3.1377E-01
1.4380000E+01	5.4605E-03	3.2980E-01
1.4390000E+01	5.7643E-03	3.4479E-01
1.4400000E+01	5.9515E-03	3.5841E-01
1.4410000E+01	6.0762E-03	3.7042E-01
1.4420000E+01	6.0707E-03	3.8075E-01
1.4430000E+01	6.0339E-03	3.8943E-01
1.4440000E+01	5.7435E-03	3.9573E-01
1.4450000E+01	5.3697E-03	4.0009E-01
1.4460000E+01	4.8218E-03	4.0209E-01
1.4470000E+01	4.2024E-03	4.0209E-01
1.4480000E+01	3.4022E-03	3.9942E-01
1.4490000E+01	2.6756E-03	3.9511E-01
1.4500000E+01	1.7794E-03	3.8811E-01
1.4510000E+01	9.0345E-04	3.7910E-01
1.4520000E+01	7.0841E-05	3.6847E-01
1.4530000E+01	-7.3485E-04	3.5580E-01
1.4540000E+01	-1.5383E-03	3.4149E-01
1.4550000E+01	-2.2590E-03	3.2584E-01
1.4560000E+01	-2.9697E-03	3.0917E-01
1.4570000E+01	-3.6611E-03	2.9148E-01
1.4580000E+01	-4.2915E-03	2.7287E-01
1.4590000E+01	-4.8927E-03	2.5422E-01
1.4600000E+01	-5.4627E-03	2.3521E-01
1.4610000E+01	-5.9714E-03	2.1621E-01
1.4620000E+01	-6.3975E-03	1.9788E-01
1.4630000E+01	-6.7861E-03	1.8021E-01
1.4640000E+01	-7.0906E-03	1.6325E-01
1.4650000E+01	-7.2941E-03	1.4756E-01
1.4660000E+01	-7.4343E-03	1.3358E-01
1.4670000E+01	-7.5113E-03	1.2091E-01
1.4680000E+01	-7.4284E-03	1.1024E-01
1.4690000E+01	-7.2510E-03	1.0125E-01
1.4700000E+01	-6.9822E-03	9.4586E-02
1.4710000E+01	-6.5630E-03	8.9920E-02
1.4720000E+01	-6.0731E-03	8.7601E-02
1.4730000E+01	-5.4497E-03	8.7590E-02
1.4740000E+01	-4.8080E-03	8.9591E-02
1.4750000E+01	-4.0256E-03	9.4251E-02
1.4760000E+01	-3.2220E-03	1.0059E-01
1.4770000E+01	-2.4307E-03	1.0924E-01
1.4780000E+01	-1.6198E-03	1.1954E-01
1.4790000E+01	-7.9113E-04	1.3156E-01
1.4800000E+01	3.2763E-05	1.4521E-01
1.4810000E+01	8.1202E-04	1.6020E-01
1.4820000E+01	1.6155E-03	1.7651E-01
1.4830000E+01	2.2676E-03	1.9320E-01
1.4840000E+01	2.9664E-03	2.1085E-01
1.4850000E+01	3.5688E-03	2.2850E-01
1.4860000E+01	4.0996E-03	2.4614E-01
1.4870000E+01	4.5665E-03	2.6381E-01
1.4880000E+01	5.0077E-03	2.8078E-01
1.4890000E+01	5.2855E-03	2.9711E-01
1.4900000E+01	5.5242E-03	3.1211E-01
1.4910000E+01	5.6883E-03	3.2611E-01
1.4920000E+01	5.7783E-03	3.3845E-01
1.4930000E+01	5.7594E-03	3.4911E-01
1.4940000E+01	5.6198E-03	3.5776E-01
1.4950000E+01	5.3998E-03	3.6478E-01
1.4960000E+01	5.0761E-03	3.6942E-01
1.4970000E+01	4.5705E-03	3.7178E-01
1.4980000E+01	4.0168E-03	3.7210E-01
1.4990000E+01	3.3163E-03	3.7010E-01
1.5000000E+01	2.6335E-03	3.6580E-01
1.5010000E+01	1.8416E-03	3.5948E-01
1.5020000E+01	1.1048E-03	3.5115E-01
1.5030000E+01	2.5750E-04	3.4050E-01
1.5040000E+01	-4.8441E-04	3.2813E-01
1.5050000E+01	-1.2767E-03	3.1418E-01
1.5060000E+01	-1.9905E-03	2.9884E-01
1.5070000E+01	-2.7079E-03	2.8218E-01
1.5080000E+01	-3.3787E-03	2.6452E-01
1.5090000E+01	-4.0598E-03	2.4619E-01
1.5100000E+01	-4.7010E-03	2.2752E-01
1.5110000E+01	-5.2740E-03	2.0860E-01
1.5120000E+01	-5.8048E-03	1.8957E-01
1.5130000E+01	-6.2659E-03	1.7125E-01
1.5140000E+01	-6.6573E-03	1.5325E-01
1.5150000E+01	-6.9834E-03	1.3627E-01
1.5160000E+01	-7.2365E-03	1.2026E-01
1.5170000E+01	-7.4074E-03	1.0592E-01
1.5180000E+01	-7.4694E-03	9.2936E-02
1.5190000E+01	-7.4296E-03	8.1972E-02
1.5200000E+01	-7.3137E-03	7.2597E-02
1.5210000E+01	-7.0462E-03	6.5627E-02
1.5220000E+01	-6.6627E-03	6.0608E-02
1.5230000E+01	-6.1805E-03	5.7910E-02
1.5240000E+01	-5.5626E-03	5.7608E-02
1.5250000E+01	-4.9446E-03	5.9261E-02
1.5260000E+01	-4.1969E-03	6.3259E-02
1.5270000E+01	-3.4733E-03	6.9259E-02
1.5280000E+01	-2.6080E-03	7.7607E-02
1.5290000E+01	-1.8241E-03	8.7570E-02
1.5300000E+01	-9.8978E-04	9.9555E-02
1.5310000E+01	-1.8888E-04	1.1289E-01
1.5320000E+01	6.1707E-04	1.2756E-01
1.5330000E+01	1.3649E-03	1.4355E-01
1.5340000E+01	2.0854E-03	1.6020E-01
1.5350000E+01	2.7652E-03	1.7752E-01
1.5360000E+01	3.4186E-03	1.9551E-01
1.5370000E+01	3.9495E-03	2.1316E-01
1.5380000E+01	4.4435E-03	2.3084E-01
1.5390000E+01	4.8476E-03	2.4780E-01
1.5400000E+01	5.1997E-03	2.6416E-01
1.5410000E+01	5.4152E-03	2.7949E-01
1.5420000E+01	5.5968E-03	2.9381E-01
1.5430000E+01	5.6576E-03	3.0647E-01
1.5440000E+01	5.6303E-03	3.1747E-01
1.5450000E+01	5.4404E-03	3.2644E-01
1.5460000E+01	5.2693E-03	3.3376E-01
1.5470000E+01	4.8531E-03	3.3878E-01
1.5480000E+01	4.4708E-03	3.4176E-01
1.5490000E+01	3.9505E-03	3.4247E-01
1.5500000E+01	3.3290E-03	3.4078E-01
1.5510000E+01	2.6302E-03	3.3680E-01
1.5520000E+01	1.9327E-03	3.3080E-01
1.5530000E+01	1.1754E-03	3.2245E-01
1.5540000E+01	4.7044E-04	3.1251E-01
1.5550000E+01	-3.0892E-04	3.0049E-01
1.5560000E+01	-1.0735E-03	2.8682E-01
1.5570000E+01	-1.8231E-03	2.7150E-01
1.5580000E+01	-2.5257E-03	2.5518E-01
1.5590000E+01	-3.2284E-03	2.3787E-01
1.5600000E+01	-3.9286E-03	2.1957E-01
1.5610000E+01	-4.5548E-03	2.0086E-01
1.5620000E+01	-5.1422E-03	1.8191E-01
1.5630000E+01	-5.6888E-03	1.6293E-01
1.5640000E+01	-6.1540E-03	1.4424E-01
1.5650000E+01	-6.6080E-03	1.2627E-01
1.5660000E+01	-6.9122E-03	1.0927E-01
1.5670000E+01	-7.2209E-03	9.2928E-02
1.5680000E+01	-7.3991E-03	7.8251E-02
1.5690000E+01	-7.4745E-03	6.5287E-02
1.5700000E+01	-7.4861E-03	5.3629E-02
1.5710000E+01	-7.3466E-03	4.4284E-02
1.5720000E+01	-7.1398E-03	3.6606E-02
1.5730000E+01	-6.8029E-03	3.1291E-02
1.5740000E+01	-6.3194E-03	2.8234E-02
1.5750000E+01	-5.7685E-03	2.7275E-02
1.5760000E+01	-5.1537E-03	2.8617E-02
1.5770000E+01	-4.4436E-03	3.2264E-02
1.5780000E+01	-3.6370E-03	3.8269E-02
1.5790000E+01	-2.8502E-03	4.5927E-02
1.5800000E+01	-2.0554E-03	5.5590E-02
1.5810000E+01	-1.2269E-03	6.7245E-02
1.5820000E+01	-4.1913E-04	8.0240E-02
1.5830000E+01	3.6159E-04	9.4885E-02
1.5840000E+01	1.1605E-03	1.1055E-01
1.5850000E+01	1.8927E-03	1.2722E-01
1.5860000E+01	2.5649E-03	1.4456E-01
1.5870000E+01	3.2240E-03	1.6223E-01
1.5880000E+01	3.8059E-03	1.8019E-01
1.5890000E+01	4.3130E-03	1.9785E-01
1.5900000E+01	4.7395E-03	2.1485E-01
1.5910000E+01	5.0515E-03	2.3151E-01
1.5920000E+01	5.3655E-03	2.4713E-01
1.5930000E+01	5.4968E-03	2.6147E-01
1.5940000E+01	5.5875E-03	2.7448E-01
1.5950000E+01	5.5180E-03	2.8545E-01
1.5960000E+01	5.4279E-03	2.9513E-01
1.5970000E+01	5.1707E-03	3.0245E-01
1.5980000E+01	4.8873E-03	3.0813E-01
1.5990000E+01	4.4450E-03	3.1148E-01
1.6000000E+01	3.9482E-03	3.1247E-01
1.6010000E+01	3.3549E-03	3.1112E-01
1.6020000E+01	2.7365E-03	3.0781E-01
1.6030000E+01	2.0242E-03	3.0213E-01
1.6040000E+01	1.3230E-03	2.9414E-01
1.6050000E+01	6.0553E-04	2.8450E-01
1.6060000E+01	-1.7926E-04	2.7284E-01
1.6070000E+01	-9.5506E-04	2.5919E-01
1.6080000E+01	-1.6421E-03	2.4451E-01
1.6090000E+01	-2.4160E-03	2.2818E-01
1.6100000E+01	-3.1228E-03	2.1090E-01
1.6110000E+01	-3.7959E-03	1.9292E-01
1.6120000E+01	-4.4640E-03	1.7423E-01
1.6130000E+01	-5.0712E-03	1.5526E-01
1.6140000E+01	-5.6191E-03	1.3625E-01
1.6150000E+01	-6.1141E-03	1.1757E-01
1.6160000E+01	-6.5921E-03	9.9254E-02
1.6170000E+01	-6.9121E-03	8.1923E-02
1.6180000E+01	-7.1567E-03	6.5955E-02
1.6190000E+01	-7.3988E-03	5.0907E-02
1.6200000E+01	-7.5232E-03	3.7311E-02
1.6210000E+01	-7.5478E-03	2.5635E-02
1.6220000E+01	-7.4594E-03	1.5649E-02
1.6230000E+01	-7.2353E-03	7.9769E-03
1.6240000E+01	-6.9055E-03	2.2895E-03
1.6250000E+01	-6.5122E-03	-1.3565E-03
1.6260000E+01	-5.9263E-03	-2.6772E-03
1.6270000E+01	-5.3423E-03	-1.7254E-03
1.6280000E+01	-4.6095E-03	1.6207E-03
1.6290000E+01	-3.8911E-03	6.9663E-03
1.6300000E+01	-3.0827E-03	1.4290E-02
1.6310000E+01	-2.2795E-03	2.3953E-02
1.6320000E+01	-1.4365E-03	3.5274E-02
1.6330000E+01	-6.5649E-04	4.7938E-02
1.6340000E+01	1.4534E-04	6.2267E-02
1.6350000E+01	9.0571E-04	7.7902E-02
1.6360000E+01	1.6766E-03	9.4212E-02
1.6370000E+01	2.3536E-03	1.1157E-01
1.6380000E+01	3.0238E-03	1.2920E-01
1.6390000E+01	3.5887E-03	1.4685E-01
1.6400000E+01	4.1724E-03	1.6484E-01
1.6410000E+01	4.5621E-03	1.8187E-01
1.6420000E+01	4.9577E-03	1.9850E-01
1.6430000E+01	5.2246E-03	2.1449E-01
1.6440000E+01	5.4331E-03	2.2885E-01
1.6450000E+01	5.4992E-03	2.4215E-01
1.6460000E+01	5.5323E-03	2.5384E-01
1.6470000E+01	5.3450E-03	2.6348E-01
1.6480000E+01	5.1880E-03	2.7148E-01
1.6490000E+01	4.8179E-03	2.7714E-01
1.6500000E+01	4.4654E-03	2.8081E-01
1.6510000E+01	4.0085E-03	2.8247E-01
1.6520000E+01	3.3983E-03	2.8149E-01
1.6530000E+01	2.8051E-03	2.7848E-01
1.6540000E+01	2.1324E-03	2.7318E-01
1.6550000E+01	1.4204E-03	2.6583E-01
1.6560000E+01	6.7374E-04	2.5617E-01
1.6570000E+01	-5.5218E-05	2.4483E-01
1.6580000E+01	-7.9282E-04	2.3186E-01
1.6590000E+01	-1.5381E-03	2.1720E-01
1.6600000E+01	-2.3114E-03	2.0120E-01
1.6610000E+01	-3.0258E-03	1.8388E-01
1.6620000E+01	-3.7270E-03	1.6591E-01
1.6630000E+01	-4.4072E-03	1.4724E-01
1.6640000E+01	-4.9847E-03	1.2861E-01
1.6650000E+01	-5.5465E-03	1.0960E-01
1.6660000E+01	-6.0708E-03	9.0611E-02
1.6670000E+01	-6.4782E-03	7.2606E-02
1.6680000E+01	-6.9253E-03	5.4954E-02
1.6690000E+01	-7.1890E-03	3.8628E-02
1.6700000E+01	-7.4442E-03	2.3293E-02
1.6710000E+01	-7.5158E-03	9.6322E-03
1.6720000E+01	-7.5777E-03	-2.3869E-03
1.6730000E+01	-7.5219E-03	-1.2704E-02
1.6740000E+01	-7.3011E-03	-2.0668E-02
1.6750000E+01	-7.0333E-03	-2.7011E-02
1.6760000E+01	-6.6337E-03	-3.1024E-02
1.6770000E+01	-6.1267E-03	-3.2695E-02
1.6780000E+01	-5.5189E-03	-3.2051E-02
1.6790000E+01	-4.8142E-03	-2.9007E-02
1.6800000E+01	-4.0964E-03	-2.4015E-02
1.6810000E+01	-3.3231E-03	-1.7026E-02
1.6820000E+01	-2.5653E-03	-8.0197E-03
1.6830000E+01	-1.6887E-03	2.9429E-03
1.6840000E+01	-8.7416E-04	1.5625E-02
1.6850000E+01	-8.0238E-05	2.9616E-02
1.6860000E+01	7.0292E-04	4.4927E-02
1.6870000E+01	1.4728E-03	6.1588E-02
1.6880000E+01	2.1970E-03	7.8557E-02
1.6890000E+01	2.8514E-03	9.6223E-02
1.6900000E+01	3.4157E-03	1.1388E-01
1.6910000E+01	3.9449E-03	1.3153E-01
1.6920000E+01	4.4176E-03	1.4887E-01
1.6930000E+01	4.8136E-03	1.6588E-01
1.6940000E+01	5.1088E-03	1.8183E-01
1.6950000E+01	5.3148E-03	1.9651E-01
1.6960000E+01	5.4015E-03	2.0983E-01
1.6970000E+01	5.4359E-03	2.2182E-01
1.6980000E+01	5.3510E-03	2.3217E-01
1.6990000E+01	5.1339E-03	2.4018E-01
1.7000000E+01	4.8925E-03	2.4648E-01
1.7010000E+01	4.4884E-03	2.5052E-01
1.7020000E+01	4.0156E-03	2.5216E-01
1.7030000E+01	3.4601E-03	2.5184E-01
1.7040000E+01	2.8656E-03	2.4920E-01
1.7050000E+01	2.1907E-03	2.4417E-01
1.7060000E+01	1.5410E-03	2.3719E-01
1.7070000E+01	8.3383E-04	2.2822E-01
1.7080000E+01	9.8937E-05	2.1721E-01
1.7090000E+01	-7.0489E-04	2.0420E-01
1.7100000E+01	-1.4293E-03	1.8987E-01
1.7110000E+01	-2.2096E-03	1.7388E-01
1.7120000E+01	-2.9190E-03	1.5692E-01
1.7130000E+01	-3.6136E-03	1.3926E-01
1.7140000E+01	-4.3079E-03	1.2059E-01
1.7150000E+01	-4.9084E-03	1.0193E-01
1.7160000E+01	-5.4739E-03	8.2953E-02
1.7170000E+01	-6.0108E-03	6.3969E-02
1.7180000E+01	-6.4938E-03	4.5611E-02
1.7190000E+01	-6.8665E-03	2.7986E-02
1.7200000E+01	-7.1932E-03	1.1312E-02
1.7210000E+01	-7.3953E-03	-4.0259E-03
1.7220000E+01	-7.5354E-03	-1.7979E-02
1.7230000E+01	-7.6175E-03	-3.0343E-02
1.7240000E+01	-7.5835E-03	-4.1019E-02
1.7250000E+01	-7.3902E-03	-4.9700E-02
1.7260000E+01	-7.1061E-03	-5.6006E-02
1.7270000E+01	-6.7515E-03	-6.0350E-02
1.7280000E+01	-6.2286E-03	-6.2341E-02
1.7290000E+01	-5.6689E-03	-6.2371E-02
1.7300000E+01	-4.9775E-03	-5.9678E-02
1.7310000E+01	-4.2552E-03	-5.5019E-02
1.7320000E+01	-3.5230E-03	-4.8362E-02
1.7330000E+01	-2.7125E-03	-3.9699E-02
1.7340000E+01	-1.9244E-03	-2.9055E-02
1.7350000E+01	-1.0932E-03	-1.6718E-02
1.7360000E+01	-2.7690E-04	-2.7297E-03
1.7370000E+01	4.7379E-04	1.2265E-02
1.7380000E+01	1.2386E-03	2.8611E-02
1.7390000E+01	1.9508E-03	4.5564E-02
1.7400000E+01	2.6289E-03	6.2889E-02
1.7410000E+01	3.2387E-03	8.0893E-02
1.7420000E+01	3.7694E-03	9.8570E-02
1.7430000E+01	4.2415E-03	1.1588E-01
1.7440000E+01	4.6497E-03	1.3289E-01
1.7450000E+01	4.9730E-03	1.4918E-01
1.7460000E+01	5.2265E-03	1.6422E-01
1.7470000E+01	5.3315E-03	1.7786E-01
1.7480000E+01	5.3642E-03	1.8984E-01
1.7490000E+01	5.3189E-03	2.0054E-01
1.7500000E+01	5.1313E-03	2.0884E-01
1.7510000E+01	4.8789E-03	2.1552E-01
1.7520000E+01	4.4873E-03	2.1985E-01
1.7530000E+01	4.0648E-03	2.2218E-01
1.7540000E+01	3.5507E-03	2.2219E-01
1.7550000E+01	2.9605E-03	2.1986E-01
1.7560000E+01	2.3051E-03	2.1519E-01
1.7570000E+01	1.6129E-03	2.0855E-01
1.7580000E+01	8.8430E-04	1.9989E-01
1.7590000E+01	1.7124E-04	1.8919E-01
1.7600000E+01	-5.9537E-04	1.7657E-01
1.7610000E+01	-1.3389E-03	1.6257E-01
1.7620000E+01	-2.0864E-03	1.4690E-01
1.7630000E+01	-2.8158E-03	1.3025E-01
1.7640000E+01	-3.5277E-03	1.1225E-01
1.7650000E+01	-4.2107E-03	9.3940E-02
1.7660000E+01	-4.8162E-03	7.5266E-02
1.7670000E+01	-5.4006E-03	5.6275E-02
1.7680000E+01	-5.9582E-03	3.7307E-02
1.7690000E+01	-6.4333E-03	1.8962E-02
1.7700000E+01	-6.8387E-03	9.7576E-04
1.7710000E+01	-7.1551E-03	-1.5699E-02
1.7720000E+01	-7.4034E-03	-3.1351E-02
1.7730000E+01	-7.5952E-03	-4.5666E-02
1.7740000E+01	-7.6397E-03	-5.8338E-02
1.7750000E+01	-7.6000E-03	-6.9327E-02
1.7760000E+01	-7.4389E-03	-7.8330E-02
1.7770000E+01	-7.2029E-03	-8.4984E-02
1.7780000E+01	-6.8152E-03	-8.9682E-02
1.7790000E+01	-6.3496E-03	-9.2327E-02
1.7800000E+01	-5.7910E-03	-9.2322E-02
1.7810000E+01	-5.1501E-03	-9.0326E-02
1.7820000E+01	-4.4372E-03	-8.6017E-02
1.7830000E+01	-3.6941E-03	-7.9685E-02
1.7840000E+01	-2.9211E-03	-7.1350E-02
1.7850000E+01	-2.1164E-03	-6.1032E-02
1.7860000E+01	-1.3461E-03	-4.9042E-02
1.7870000E+01	-5.1374E-04	-3.5361E-02
1.7880000E+01	2.6641E-04	-2.0376E-02
1.7890000E+01	1.0124E-03	-4.4130E-03
1.7900000E+01	1.7516E-03	1.2618E-02
1.7910000E+01	2.4059E-03	2.9932E-02
1.7920000E+01	3.0279E-03	4.7592E-02
1.7930000E+01	3.6044E-03	6.5577E-02
1.7940000E+01	4.0822E-03	8.2906E-02
1.7950000E+01	4.5438E-03	1.0024E-01
1.7960000E+01	4.8314E-03	1.1619E-01
1.7970000E+01	5.1036E-03	1.3157E-01
1.7980000E+01	5.2381E-03	1.4552E-01
1.7990000E+01	5.2964E-03	1.5788E-01
1.8000000E+01	5.2460E-03	1.6887E-01
1.8010000E+01	5.0845E-03	1.7753E-01
1.8020000E+01	4.8464E-03	1.8451E-01
1.8030000E+01	4.4967E-03	1.8916E-01
1.8040000E+01	4.0622E-03	1.9185E-01
1.8050000E+01	3.5683E-03	1.9221E-01
1.8060000E+01	3.0217E-03	1.9056E-01
1.8070000E+01	2.3719E-03	1.8621E-01
1.8080000E+01	1.7013E-03	1.7989E-01
1.8090000E+01	1.0001E-03	1.7153E-01
1.8100000E+01	2.5069E-04	1.6122E-01
1.8110000E+01	-4.6824E-04	1.4890E-01
1.8120000E+01	-1.2636E-03	1.3489E-01
1.8130000E+01	-1.9779E-03	1.1959E-01
1.8140000E+01	-2.7322E-03	1.0322E-01
1.8150000E+01	-3.4173E-03	8.5601E-02
1.8160000E+01	-4.1185E-03	6.7256E-02
1.8170000E+01	-4.7517E-03	4.8606E-02
1.8180000E+01	-5.3558E-03	2.9642E-02
1.8190000E+01	-5.8871E-03	1.0650E-02
1.8200000E+01	-6.4060E-03	-8.0373E-03
1.8210000E+01	-6.8162E-03	-2.5983E-02
1.8220000E+01	-7.1472E-03	-4.2995E-02
1.8230000E+01	-7.3838E-03	-5.8657E-02
1.8240000E+01	-7.5328E-03	-7.3301E-02
1.8250000E+01	-7.6422E-03	-8.6325E-02
1.8260000E+01	-7.5892E-03	-9.7320E-02
1.8270000E+01	-7.4565E-03	-1.0667E-01
1.8280000E+01	-7.2231E-03	-1.1399E-01
1.8290000E+01	-6.8298E-03	-1.1898E-01
1.8300000E+01	-6.4279E-03	-1.2199E-01
1.8310000E+01	-5.8822E-03	-1.2266E-01
1.8320000E+01	-5.2667E-03	-1.2103E-01
1.8330000E+01	-4.5598E-03	-1.1699E-01
1.8340000E+01	-3.8348E-03	-1.1102E-01
1.8350000E+01	-3.0613E-03	-1.0301E-01
1.8360000E+01	-2.2958E-03	-9.3010E-02
1.8370000E+01	-1.4866E-03	-8.1014E-02
1.8380000E+01	-6.9192E-04	-6.7710E-02
1.8390000E+01	9.2192E-05	-5.3044E-02
1.8400000E+01	7.9236E-04	-3.7390E-02
1.8410000E+01	1.5666E-03	-2.0372E-02
1.8420000E+01	2.2352E-03	-3.0690E-03
1.8430000E+01	2.8758E-03	1.4593E-02
1.8440000E+01	3.4256E-03	3.2249E-02
1.8450000E+01	3.9514E-03	4.9870E-02
1.8460000E+01	4.3813E-03	6.7250E-02
1.8470000E+01	4.7149E-03	8.3552E-02
1.8480000E+01	4.9924E-03	9.8879E-02
1.8490000E+01	5.1548E-03	1.1323E-01
1.8500000E+01	5.1974E-03	1.2592E-01
1.8510000E+01	5.2012E-03	1.3689E-01
1.8520000E+01	5.0606E-03	1.4618E-01
1.8530000E+01	4.8316E-03	1.5353E-01
1.8540000E+01	4.5294E-03	1.5853E-01
1.8550000E+01	4.1063E-03	1.6154E-01
1.8560000E+01	3.6432E-03	1.6254E-01
1.8570000E+01	3.0967E-03	1.6089E-01
1.8580000E+01	2.4416E-03	1.5723E-01
1.8590000E+01	1.7973E-03	1.5122E-01
1.8600000E+01	1.1015E-03	1.4323E-01
1.8610000E+01	3.7832E-04	1.3324E-01
1.8620000E+01	-4.0082E-04	1.2125E-01
1.8630000E+01	-1.1669E-03	1.0758E-01
1.8640000E+01	-1.8620E-03	9.2577E-02
1.8650000E+01	-2.6108E-03	7.6279E-02
1.8660000E+01	-3.3313E-03	5.8611E-02
1.8670000E+01	-4.0111E-03	4.0605E-02
1.8680000E+01	-4.6993E-03	2.1608E-02
1.8690000E+01	-5.2799E-03	2.9860E-03
1.8700000E+01	-5.8294E-03	-1.5999E-02
1.8710000E+01	-6.3328E-03	-3.4673E-02
1.8720000E+01	-6.7359E-03	-5.2664E-02
1.8730000E+01	-7.1000E-03	-6.9983E-02
1.8740000E+01	-7.3175E-03	-8.5992E-02
1.8750000E+01	-7.5269E-03	-1.0097E-01
1.8760000E+01	-7.5784E-03	-1.1398E-01
1.8770000E+01	-7.5790E-03	-1.2562E-01
1.8780000E+01	-7.4541E-03	-1.3527E-01
1.8790000E+01	-7.2339E-03	-1.4295E-01
1.8800000E+01	-6.8614E-03	-1.4829E-01
1.8810000E+01	-6.4707E-03	-1.5162E-01
1.8820000E+01	-5.9463E-03	-1.5264E-01
1.8830000E+01	-5.3126E-03	-1.5132E-01
1.8840000E+01	-4.6448E-03	-1.4764E-01
1.8850000E+01	-3.9289E-03	-1.4198E-01
1.8860000E+01	-3.1843E-03	-1.3434E-01
1.8870000E+01	-2.3918E-03	-1.2466E-01
1.8880000E+01	-1.6494E-03	-1.1335E-01
1.8890000E+01	-8.7393E-04	-1.0033E-01
1.8900000E+01	-9.0532E-05	-8.5685E-02
1.8910000E+01	6.5629E-04	-7.0038E-02
1.8920000E+01	1.3806E-03	-5.3375E-02
1.8930000E+01	2.0727E-03	-3.6050E-02
1.8940000E+01	2.6867E-03	-1.8384E-02
1.8950000E+01	3.2718E-03	-7.3816E-04
1.8960000E+01	3.7774E-03	1.6936E-02
1.8970000E+01	4.2381E-03	3.4240E-02
1.8980000E+01	4.6022E-03	5.0915E-02
1.8990000E+01	4.8543E-03	6.6225E-02
1.9000000E+01	5.0687E-03	8.0894E-02
1.9010000E+01	5.1537E-03	9.3878E-02
1.9020000E+01	5.1438E-03	1.0523E-01
1.9030000E+01	5.0412E-03	1.1487E-01
1.9040000E+01	4.8096E-03	1.2222E-01
1.9050000E+01	4.5308E-03	1.2784E-01
1.9060000E+01	4.1286E-03	1.3120E-01
1.9070000E+01	3.6870E-03	1.3256E-01
1.9080000E+01	3.1389E-03	1.3121E-01
1.9090000E+01	2.5302E-03	1.2785E-01
1.9100000E+01	1.8876E-03	1.2257E-01
1.9110000E+01	1.1942E-03	1.1489E-01
1.9120000E+01	4.5500E-04	1.0491E-01
1.9130000E+01	-2.7349E-04	9.3572E-02
1.9140000E+01	-1.0417E-03	8.0236E-02
1.9150000E+01	-1.7852E-03	6.5278E-02
1.9160000E+01	-2.5471E-03	4.8942E-02
1.9170000E+01	-3.2150E-03	3.1998E-02
1.9180000E+01	-3.9385E-03	1.3633E-02
1.9190000E+01	-4.5895E-03	-5.0213E-03
1.9200000E+01	-5.1847E-03	-2.3671E-02
1.9210000E+01	-5.7505E-03	-4.2671E-02
1.9220000E+01	-6.2356E-03	-6.1365E-02
1.9230000E+01	-6.6662E-03	-7.9671E-02
1.9240000E+01	-6.9939E-03	-9.6989E-02
1.9250000E+01	-7.2682E-03	-1.1332E-01
1.9260000E+01	-7.4323E-03	-1.2829E-01
1.9270000E+01	-7.5085E-03	-1.4196E-01
1.9280000E+01	-7.5014E-03	-1.5360E-01
1.9290000E+01	-7.3797E-03	-1.6365E-01
1.9300000E+01	-7.1969E-03	-1.7163E-01
1.9310000E+01	-6.8751E-03	-1.7763E-01
1.9320000E+01	-6.4689E-03	-1.8127E-01
1.9330000E+01	-5.9567E-03	-1.8264E-01
1.9340000E+01	-5.3736E-03	-1.8162E-01
1.9350000E+01	-4.7362E-03	-1.7863E-01
1.9360000E+01	-4.0251E-03	-1.7328E-01
1.9370000E+01	-3.2943E-03	-1.6596E-01
1.9380000E+01	-2.5530E-03	-1.5664E-01
1.9390000E+01	-1.7503E-03	-1.4533E-01
1.9400000E+01	-1.0188E-03	-1.3266E-01
1.9410000E+01	-2.3531E-04	-1.1833E-01
1.9420000E+01	4.8440E-04	-1.0300E-01
1.9430000E+01	1.2411E-03	-8.6368E-02
1.9440000E+01	1.8807E-03	-6.9359E-02
1.9450000E+01	2.5442E-03	-5.1713E-02
1.9460000E+01	3.1259E-03	-3.3759E-02
1.9470000E+01	3.6526E-03	-1.6058E-02
1.9480000E+01	4.0670E-03	1.2669E-03
1.9490000E+01	4.4815E-03	1.7900E-02
1.9500000E+01	4.7494E-03	3.3568E-02
1.9510000E+01	4.9539E-03	4.8246E-02
1.9520000E+01	5.0824E-03	6.1539E-02
1.9530000E+01	5.0612E-03	7.3231E-02
1.9540000E+01	5.0159E-03	8.3211E-02
1.9550000E+01	4.8394E-03	9.1244E-02
1.9560000E+01	4.5524E-03	9.7238E-02
1.9570000E+01	4.1646E-03	1.0087E-01
1.9580000E+01	3.7228E-03	1.0255E-01
1.9590000E+01	3.1735E-03	1.0157E-01
1.9600000E+01	2.6111E-03	9.8908E-02
1.9610000E+01	1.9582E-03	9.3549E-02
1.9620000E+01	1.2872E-03	8.6230E-02
1.9630000E+01	5.6453E-04	7.6925E-02
1.9640000E+01	-1.6340E-04	6.5614E-02
1.9650000E+01	-9.1452E-04	5.2635E-02
1.9660000E+01	-1.6766E-03	3.7947E-02
1.9670000E+01	-2.4285E-03	2.1951E-02
1.9680000E+01	-3.1283E-03	4.9892E-03
1.9690000E+01	-3.8365E-03	-1.3039E-02
1.9700000E+01	-4.4843E-03	-3.1658E-02
1.9710000E+01	-5.0923E-03	-5.0331E-02
1.9720000E+01	-5.6328E-03	-6.9338E-02
1.9730000E+01	-6.1548E-03	-8.8312E-02
1.9740000E+01	-6.5571E-03	-1.0666E-01
1.9750000E+01	-6.9035E-03	-1.2397E-01
1.9760000E+01	-7.1521E-03	-1.4064E-01
1.9770000E+01	-7.3458E-03	-1.5596E-01
1.9780000E+01	-7.4022E-03	-1.6961E-01
1.9790000E+01	-7.4193E-03	-1.8162E-01
1.9800000E+01	-7.3009E-03	-1.9198E-01
1.9810000E+01	-7.1328E-03	-2.0029E-01
1.9820000E+01	-6.8328E-03	-2.0660E-01
1.9830000E+01	-6.4476E-03	-2.1059E-01
1.9840000E+01	-5.9332E-03	-2.1232E-01
1.9850000E+01	-5.4270E-03	-2.1196E-01
1.9860000E+01	-4.7916E-03	-2.0927E-01
1.9870000E+01	-4.0874E-03	-2.0426E-01
1.9880000E+01	-3.3872E-03	-1.9730E-01
1.9890000E+01	-2.6473E-03	-1.8833E-01
1.9900000E+01	-1.8713E-03	-1.7732E-01
1.9910000E+01	-1.1166E-03	-1.6498E-01
1.9920000E+01	-3.9645E-04	-1.5100E-01
1.9930000E+01	3.4366E-04	-1.3567E-01
1.9940000E+01	1.0886E-03	-1.1932E-01
1.9950000E+01	1.7499E-03	-1.0237E-01
1.9960000E+01	2.4204E-03	-8.4691E-02
1.9970000E+01	2.9559E-03	-6.7052E-02
1.9980000E+01	3.5148E-03	-4.9049E-02
1.9990000E+01	3.9764E-03	-3.1723E-02
2.0000000E+01	4.3329E-03	-1.5040E-02
2.0010000E+01	4.6433E-03	9.1290E-04
2.0020000E+01	4.8962E-03	1.5932E-02
2.0030000E+01	5.0167E-03	2.9594E-02
2.0040000E+01	5.0206E-03	4.1272E-02
2.0050000E+01	4.9500E-03	5.1546E-02
2.0060000E+01	4.8079E-03	5.9915E-02
2.0070000E+01	4.5564E-03	6.6225E-02
2.0080000E+01	4.2078E-03	7.0246E-02
2.0090000E+01	3.7579E-03	7.2240E-02
2.0100000E+01	3.2815E-03	7.1900E-02
2.0110000E+01	2.6944E-03	6.9592E-02
2.0120000E+01	2.0503E-03	6.4588E-02
2.0130000E+01	1.3971E-03	5.7626E-02
2.0140000E+01	6.6576E-04	4.8577E-02
2.0150000E+01	-7.7262E-05	3.7604E-02
2.0160000E+01	-7.9752E-04	2.4926E-02
2.0170000E+01	-1.5652E-03	1.0617E-02
2.0180000E+01	-2.2799E-03	-5.0585E-03
2.0190000E+01	-3.0037E-03	-2.2027E-02
2.0200000E+01	-3.6767E-03	-3.9698E-02
2.0210000E+01	-4.3651E-03	-5.8321E-02
2.0220000E+01	-4.9461E-03	-7.6991E-02
2.0230000E+01	-5.5152E-03	-9.5978E-02
2.0240000E+01	-6.0246E-03	-1.1498E-01
2.0250000E+01	-6.4036E-03	-1.3328E-01
2.0260000E+01	-6.7486E-03	-1.5098E-01
2.0270000E+01	-7.0148E-03	-1.6763E-01
2.0280000E+01	-7.2115E-03	-1.8327E-01
2.0290000E+01	-7.3102E-03	-1.9729E-01
2.0300000E+01	-7.3107E-03	-2.0961E-01
2.0310000E+01	-7.2276E-03	-2.2028E-01
2.0320000E+01	-7.0230E-03	-2.2895E-01
2.0330000E+01	-6.7797E-03	-2.3561E-01
2.0340000E+01	-6.4085E-03	-2.3995E-01
2.0350000E+01	-5.9526E-03	-2.4227E-01
2.0360000E+01	-5.4225E-03	-2.4229E-01
2.0370000E+01	-4.8360E-03	-2.3996E-01
2.0380000E+01	-4.1570E-03	-2.3530E-01
2.0390000E+01	-3.4750E-03	-2.2861E-01
2.0400000E+01	-2.7310E-03	-2.1997E-01
2.0410000E+01	-2.0107E-03	-2.0960E-01
2.0420000E+01	-1.2459E-03	-1.9730E-01
2.0430000E+01	-4.9285E-04	-1.8330E-01
2.0440000E+01	2.6483E-04	-1.6830E-01
2.0450000E+01	9.5321E-04	-1.5234E-01
2.0460000E+01	1.6404E-03	-1.3533E-01
2.0470000E+01	2.2813E-03	-1.1769E-01
2.0480000E+01	2.8444E-03	-1.0004E-01
