time /s	I /mA	E /V
1.0000000E-02	-6.9715E-03	-1.0000E-01
2.0000000E-02	-3.7409E-03	-8.1031E-02
3.0000000E-02	-1.7343E-03	-6.2408E-02
4.0000000E-02	-3.0294E-04	-4.4415E-02
5.0000000E-02	7.4274E-04	-2.7045E-02
6.0000000E-02	1.4797E-03	-1.0744E-02
7.0000000E-02	1.9608E-03	4.2430E-03
8.0000000E-02	2.3227E-03	1.7582E-02
9.0000000E-02	2.4356E-03	2.9253E-02
1.0000000E-01	2.5094E-03	3.9218E-02
1.1000000E-01	2.3581E-03	4.6884E-02
1.2000000E-01	2.1393E-03	5.2563E-02
1.3000000E-01	1.8555E-03	5.6208E-02
1.4000000E-01	1.5006E-03	5.7551E-02
1.5000000E-01	1.0558E-03	5.6527E-02
1.6000000E-01	5.6343E-04	5.3218E-02
1.7000000E-01	7.7965E-05	4.7885E-02
1.8000000E-01	-5.8739E-04	4.0228E-02
1.9000000E-01	-1.1659E-03	3.0899E-02
2.0000000E-01	-1.8287E-03	1.9578E-02
2.1000000E-01	-2.5190E-03	6.5784E-03
2.2000000E-01	-3.1179E-03	-7.7282E-03
2.3000000E-01	-3.7737E-03	-2.3051E-02
2.4000000E-01	-4.4932E-03	-3.9751E-02
2.5000000E-01	-5.0891E-03	-5.7023E-02
2.6000000E-01	-5.6624E-03	-7.4701E-02
2.7000000E-01	-6.1726E-03	-9.2346E-02
2.8000000E-01	-6.6741E-03	-1.1003E-01
2.9000000E-01	-7.2161E-03	-1.2732E-01
3.0000000E-01	-7.5376E-03	-1.4400E-01
3.1000000E-01	-7.9160E-03	-1.5966E-01
3.2000000E-01	-8.1229E-03	-1.7430E-01
3.3000000E-01	-8.1795E-03	-1.8761E-01
3.4000000E-01	-8.1981E-03	-1.9899E-01
3.5000000E-01	-8.1326E-03	-2.0896E-01
3.6000000E-01	-7.7925E-03	-2.1665E-01
3.7000000E-01	-7.4081E-03	-2.2262E-01
3.8000000E-01	-6.7269E-03	-2.2597E-01
3.9000000E-01	-6.2057E-03	-2.2764E-01
4.0000000E-01	-5.4099E-03	-2.2664E-01
4.1000000E-01	-4.5528E-03	-2.2365E-01
4.2000000E-01	-3.6709E-03	-2.1829E-01
4.3000000E-01	-2.7202E-03	-2.1064E-01
4.4000000E-01	-1.7252E-03	-2.0130E-01
4.5000000E-01	-9.1336E-04	-1.9001E-01
4.6000000E-01	4.6480E-05	-1.7670E-01
4.7000000E-01	9.4354E-04	-1.6204E-01
4.8000000E-01	1.8070E-03	-1.4603E-01
4.9000000E-01	2.5809E-03	-1.2905E-01
5.0000000E-01	3.3372E-03	-1.1106E-01
5.1000000E-01	4.0209E-03	-9.2426E-02
5.2000000E-01	4.6792E-03	-7.3426E-02
5.3000000E-01	5.1984E-03	-5.4442E-02
5.4000000E-01	5.6322E-03	-3.5764E-02
5.5000000E-01	5.9927E-03	-1.7446E-02
5.6000000E-01	6.2096E-03	-9.1397E-05
5.7000000E-01	6.3949E-03	1.6573E-02
5.8000000E-01	6.3504E-03	3.1587E-02
5.9000000E-01	6.2406E-03	4.5210E-02
6.0000000E-01	6.0455E-03	5.7549E-02
6.1000000E-01	5.7764E-03	6.7519E-02
6.2000000E-01	5.4558E-03	7.5841E-02
6.3000000E-01	4.9376E-03	8.1886E-02
6.4000000E-01	4.4872E-03	8.5857E-02
6.5000000E-01	3.8842E-03	8.7509E-02
6.6000000E-01	3.2544E-03	8.6881E-02
6.7000000E-01	2.5501E-03	8.3885E-02
6.8000000E-01	1.9136E-03	7.8860E-02
6.9000000E-01	1.1497E-03	7.1883E-02
7.0000000E-01	3.6628E-04	6.2559E-02
7.1000000E-01	-3.1418E-04	5.1544E-02
7.2000000E-01	-1.0695E-03	3.8886E-02
7.3000000E-01	-1.7693E-03	2.4891E-02
7.4000000E-01	-2.4962E-03	9.5572E-03
7.5000000E-01	-3.1862E-03	-6.7318E-03
7.6000000E-01	-3.8477E-03	-2.3707E-02
7.7000000E-01	-4.4539E-03	-4.1387E-02
7.8000000E-01	-5.0185E-03	-5.9406E-02
7.9000000E-01	-5.5079E-03	-7.7046E-02
8.0000000E-01	-5.8986E-03	-9.4362E-02
8.1000000E-01	-6.3189E-03	-1.1132E-01
8.2000000E-01	-6.5908E-03	-1.2699E-01
8.3000000E-01	-6.7338E-03	-1.4201E-01
8.4000000E-01	-6.8606E-03	-1.5533E-01
8.5000000E-01	-6.8057E-03	-1.6732E-01
8.6000000E-01	-6.6580E-03	-1.7730E-01
8.7000000E-01	-6.4132E-03	-1.8563E-01
8.8000000E-01	-6.1215E-03	-1.9166E-01
8.9000000E-01	-5.6150E-03	-1.9562E-01
9.0000000E-01	-5.0484E-03	-1.9733E-01
9.1000000E-01	-4.4075E-03	-1.9699E-01
9.2000000E-01	-3.6652E-03	-1.9433E-01
9.3000000E-01	-2.8625E-03	-1.8931E-01
9.4000000E-01	-2.0664E-03	-1.8231E-01
9.5000000E-01	-1.1404E-03	-1.7300E-01
9.6000000E-01	-2.6886E-04	-1.6202E-01
9.7000000E-01	4.7769E-04	-1.4936E-01
9.8000000E-01	1.3281E-03	-1.3472E-01
9.9000000E-01	2.1718E-03	-1.1907E-01
1.0000000E+00	2.9247E-03	-1.0206E-01
1.0100000E+00	3.6455E-03	-8.4070E-02
1.0200000E+00	4.3397E-03	-6.5782E-02
1.0300000E+00	4.9088E-03	-4.6764E-02
1.0400000E+00	5.4356E-03	-2.7749E-02
1.0500000E+00	5.9204E-03	-9.0770E-03
1.0600000E+00	6.1857E-03	9.5225E-03
1.0700000E+00	6.3968E-03	2.6887E-02
1.0800000E+00	6.5413E-03	4.3551E-02
1.0900000E+00	6.5945E-03	5.9219E-02
1.1000000E+00	6.5103E-03	7.3236E-02
1.1100000E+00	6.3165E-03	8.5517E-02
1.1200000E+00	6.0487E-03	9.5863E-02
1.1300000E+00	5.7682E-03	1.0451E-01
1.1400000E+00	5.3481E-03	1.1087E-01
1.1500000E+00	4.7914E-03	1.1518E-01
1.1600000E+00	4.2786E-03	1.1717E-01
1.1700000E+00	3.6640E-03	1.1718E-01
1.1800000E+00	2.9688E-03	1.1453E-01
1.1900000E+00	2.2948E-03	1.0990E-01
1.2000000E+00	1.5020E-03	1.0320E-01
1.2100000E+00	8.0756E-04	9.4192E-02
1.2200000E+00	2.4750E-05	8.3524E-02
1.2300000E+00	-6.4403E-04	7.1207E-02
1.2400000E+00	-1.3881E-03	5.7549E-02
1.2500000E+00	-2.0397E-03	4.2228E-02
1.2600000E+00	-2.7217E-03	2.6231E-02
1.2700000E+00	-3.3913E-03	9.2478E-03
1.2800000E+00	-4.0621E-03	-8.4256E-03
1.2900000E+00	-4.5562E-03	-2.6062E-02
1.3000000E+00	-5.1089E-03	-4.4066E-02
1.3100000E+00	-5.4768E-03	-6.1405E-02
1.3200000E+00	-5.8605E-03	-7.8361E-02
1.3300000E+00	-6.0827E-03	-9.4373E-02
1.3400000E+00	-6.2782E-03	-1.0938E-01
1.3500000E+00	-6.3447E-03	-1.2300E-01
1.3600000E+00	-6.3587E-03	-1.3533E-01
1.3700000E+00	-6.2373E-03	-1.4567E-01
1.3800000E+00	-6.0231E-03	-1.5432E-01
1.3900000E+00	-5.5876E-03	-1.6066E-01
1.4000000E+00	-5.1782E-03	-1.6498E-01
1.4100000E+00	-4.6919E-03	-1.6731E-01
1.4200000E+00	-4.0768E-03	-1.6733E-01
1.4300000E+00	-3.3844E-03	-1.6503E-01
1.4400000E+00	-2.6071E-03	-1.6036E-01
1.4500000E+00	-1.8588E-03	-1.5368E-01
1.4600000E+00	-1.0407E-03	-1.4504E-01
1.4700000E+00	-1.6539E-04	-1.3403E-01
1.4800000E+00	5.7879E-04	-1.2172E-01
1.4900000E+00	1.4789E-03	-1.0742E-01
1.5000000E+00	2.2393E-03	-9.1762E-02
1.5100000E+00	2.9854E-03	-7.5072E-02
1.5200000E+00	3.6828E-03	-5.7438E-02
1.5300000E+00	4.3936E-03	-3.8768E-02
1.5400000E+00	4.9094E-03	-2.0107E-02
1.5500000E+00	5.4619E-03	-1.1428E-03
1.5600000E+00	5.8661E-03	1.7889E-02
1.5700000E+00	6.1319E-03	3.6220E-02
1.5800000E+00	6.4366E-03	5.3900E-02
1.5900000E+00	6.5761E-03	7.0849E-02
1.6000000E+00	6.5816E-03	8.6511E-02
1.6100000E+00	6.5734E-03	1.0086E-01
1.6200000E+00	6.5004E-03	1.1348E-01
1.6300000E+00	6.2484E-03	1.2418E-01
1.6400000E+00	5.9891E-03	1.3318E-01
1.6500000E+00	5.6044E-03	1.3984E-01
1.6600000E+00	5.0994E-03	1.4448E-01
1.6700000E+00	4.5668E-03	1.4715E-01
1.6800000E+00	3.9558E-03	1.4714E-01
1.6900000E+00	3.3342E-03	1.4517E-01
1.7000000E+00	2.5830E-03	1.4080E-01
1.7100000E+00	1.7805E-03	1.3452E-01
1.7200000E+00	1.0051E-03	1.2585E-01
1.7300000E+00	3.1720E-04	1.1552E-01
1.7400000E+00	-4.4564E-04	1.0353E-01
1.7500000E+00	-1.1656E-03	8.9854E-02
1.7600000E+00	-1.8776E-03	7.4846E-02
1.7700000E+00	-2.4848E-03	5.8861E-02
1.7800000E+00	-3.1168E-03	4.2205E-02
1.7900000E+00	-3.7270E-03	2.4551E-02
1.8000000E+00	-4.2426E-03	6.9320E-03
1.8100000E+00	-4.8162E-03	-1.0783E-02
1.8200000E+00	-5.2255E-03	-2.8406E-02
1.8300000E+00	-5.5983E-03	-4.5422E-02
1.8400000E+00	-5.8305E-03	-6.1730E-02
1.8500000E+00	-6.0192E-03	-7.7084E-02
1.8600000E+00	-6.0766E-03	-9.0714E-02
1.8700000E+00	-6.0948E-03	-1.0336E-01
1.8800000E+00	-5.9830E-03	-1.1401E-01
1.8900000E+00	-5.7061E-03	-1.2300E-01
1.9000000E+00	-5.3701E-03	-1.2968E-01
1.9100000E+00	-5.0092E-03	-1.3470E-01
1.9200000E+00	-4.4763E-03	-1.3702E-01
1.9300000E+00	-3.9145E-03	-1.3734E-01
1.9400000E+00	-3.2845E-03	-1.3570E-01
1.9500000E+00	-2.5248E-03	-1.3138E-01
1.9600000E+00	-1.7846E-03	-1.2506E-01
1.9700000E+00	-9.8313E-04	-1.1674E-01
1.9800000E+00	-1.2246E-04	-1.0608E-01
1.9900000E+00	6.8084E-04	-9.4056E-02
2.0000000E+00	1.3916E-03	-8.0074E-02
2.0100000E+00	2.2496E-03	-6.4715E-02
2.0200000E+00	2.9751E-03	-4.8071E-02
2.0300000E+00	3.6626E-03	-3.0431E-02
2.0400000E+00	4.3342E-03	-1.2099E-02
2.0500000E+00	4.8838E-03	6.5655E-03
2.0600000E+00	5.4096E-03	2.5577E-02
2.0700000E+00	5.8139E-03	4.4519E-02
2.0800000E+00	6.1870E-03	6.2866E-02
2.0900000E+00	6.4432E-03	8.0885E-02
2.1000000E+00	6.5298E-03	9.7854E-02
2.1100000E+00	6.6624E-03	1.1385E-01
2.1200000E+00	6.6357E-03	1.2818E-01
2.1300000E+00	6.6319E-03	1.4118E-01
2.1400000E+00	6.4995E-03	1.5248E-01
2.1500000E+00	6.2927E-03	1.6184E-01
2.1600000E+00	5.9454E-03	1.6885E-01
2.1700000E+00	5.5263E-03	1.7385E-01
2.1800000E+00	4.9582E-03	1.7683E-01
2.1900000E+00	4.3558E-03	1.7750E-01
2.2000000E+00	3.6464E-03	1.7551E-01
2.2100000E+00	2.8400E-03	1.7183E-01
2.2200000E+00	2.0870E-03	1.6587E-01
2.2300000E+00	1.2296E-03	1.5750E-01
2.2400000E+00	4.6208E-04	1.4751E-01
2.2500000E+00	-3.1839E-04	1.3584E-01
2.2600000E+00	-1.0190E-03	1.2253E-01
2.2700000E+00	-1.6635E-03	1.0785E-01
2.2800000E+00	-2.4306E-03	9.1853E-02
2.2900000E+00	-2.9177E-03	7.5199E-02
2.3000000E+00	-3.5229E-03	5.7874E-02
2.3100000E+00	-4.0674E-03	3.9886E-02
2.3200000E+00	-4.5797E-03	2.2214E-02
2.3300000E+00	-5.0012E-03	4.5768E-03
2.3400000E+00	-5.2765E-03	-1.2429E-02
2.3500000E+00	-5.7057E-03	-2.9055E-02
2.3600000E+00	-5.8070E-03	-4.4413E-02
2.3700000E+00	-5.8882E-03	-5.8387E-02
2.3800000E+00	-5.8008E-03	-7.1035E-02
2.3900000E+00	-5.8405E-03	-8.2375E-02
2.4000000E+00	-5.5439E-03	-9.1410E-02
2.4100000E+00	-5.3338E-03	-9.8736E-02
2.4200000E+00	-4.9117E-03	-1.0403E-01
2.4300000E+00	-4.3677E-03	-1.0671E-01
2.4400000E+00	-3.8543E-03	-1.0772E-01
2.4500000E+00	-3.1973E-03	-1.0608E-01
2.4600000E+00	-2.5076E-03	-1.0236E-01
2.4700000E+00	-1.7281E-03	-9.6372E-02
2.4800000E+00	-1.0070E-03	-8.8402E-02
2.4900000E+00	-1.5335E-04	-7.8068E-02
2.5000000E+00	6.0166E-04	-6.6080E-02
2.5100000E+00	1.3459E-03	-5.2795E-02
2.5200000E+00	2.1783E-03	-3.7436E-02
2.5300000E+00	2.9583E-03	-2.1103E-02
2.5400000E+00	3.5575E-03	-3.7367E-03
2.5500000E+00	4.2858E-03	1.4565E-02
2.5600000E+00	4.7788E-03	3.3201E-02
2.5700000E+00	5.3434E-03	5.2245E-02
2.5800000E+00	5.7534E-03	7.1208E-02
2.5900000E+00	6.0750E-03	8.9879E-02
2.6000000E+00	6.3131E-03	1.0783E-01
2.6100000E+00	6.5710E-03	1.2515E-01
2.6200000E+00	6.7383E-03	1.4118E-01
2.6300000E+00	6.8028E-03	1.5585E-01
2.6400000E+00	6.8343E-03	1.6913E-01
2.6500000E+00	6.8018E-03	1.8049E-01
2.6600000E+00	6.7282E-03	1.9015E-01
2.6700000E+00	6.4823E-03	1.9778E-01
2.6800000E+00	6.0410E-03	2.0316E-01
2.6900000E+00	5.5327E-03	2.0651E-01
2.7000000E+00	4.8262E-03	2.0746E-01
2.7100000E+00	4.0324E-03	2.0614E-01
2.7200000E+00	3.1635E-03	2.0247E-01
2.7300000E+00	2.2848E-03	1.9680E-01
2.7400000E+00	1.4515E-03	1.8916E-01
2.7500000E+00	5.6923E-04	1.7949E-01
2.7600000E+00	-2.7561E-04	1.6783E-01
2.7700000E+00	-9.8318E-04	1.5485E-01
2.7800000E+00	-1.6762E-03	1.4049E-01
2.7900000E+00	-2.3804E-03	1.2484E-01
2.8000000E+00	-2.9181E-03	1.0817E-01
2.8100000E+00	-3.5030E-03	9.0843E-02
2.8200000E+00	-4.0060E-03	7.3215E-02
2.8300000E+00	-4.4922E-03	5.5202E-02
2.8400000E+00	-4.8906E-03	3.7554E-02
2.8500000E+00	-5.2304E-03	2.0549E-02
2.8600000E+00	-5.4696E-03	3.9173E-03
2.8700000E+00	-5.7029E-03	-1.1744E-02
2.8800000E+00	-5.8164E-03	-2.6072E-02
2.8900000E+00	-5.8235E-03	-3.9096E-02
2.9000000E+00	-5.6830E-03	-5.0362E-02
2.9100000E+00	-5.5948E-03	-6.0062E-02
2.9200000E+00	-5.2077E-03	-6.7715E-02
2.9300000E+00	-4.8337E-03	-7.3061E-02
2.9400000E+00	-4.3254E-03	-7.6386E-02
2.9500000E+00	-3.8296E-03	-7.7708E-02
2.9600000E+00	-3.1549E-03	-7.6349E-02
2.9700000E+00	-2.5411E-03	-7.3075E-02
2.9800000E+00	-1.7873E-03	-6.7435E-02
2.9900000E+00	-1.0232E-03	-5.9706E-02
3.0000000E+00	-2.7163E-04	-5.0059E-02
3.0100000E+00	5.3282E-04	-3.8425E-02
3.0200000E+00	1.3209E-03	-2.5082E-02
3.0300000E+00	2.0691E-03	-1.0092E-02
3.0400000E+00	2.7914E-03	5.9087E-03
3.0500000E+00	3.5178E-03	2.3228E-02
3.0600000E+00	4.1184E-03	4.1234E-02
3.0700000E+00	4.6989E-03	5.9891E-02
3.0800000E+00	5.2502E-03	7.8854E-02
3.0900000E+00	5.5888E-03	9.7865E-02
3.1000000E+00	6.0338E-03	1.1651E-01
3.1100000E+00	6.3737E-03	1.3487E-01
3.1200000E+00	6.6419E-03	1.5215E-01
3.1300000E+00	6.9585E-03	1.6851E-01
3.1400000E+00	7.1841E-03	1.8349E-01
3.1500000E+00	7.2582E-03	1.9682E-01
3.1600000E+00	7.4179E-03	2.0882E-01
3.1700000E+00	7.3514E-03	2.1880E-01
3.1800000E+00	7.0725E-03	2.2646E-01
3.1900000E+00	6.7415E-03	2.3247E-01
3.2000000E+00	6.0908E-03	2.3615E-01
3.2100000E+00	5.3528E-03	2.3746E-01
3.2200000E+00	4.4645E-03	2.3644E-01
3.2300000E+00	3.5821E-03	2.3347E-01
3.2400000E+00	2.6220E-03	2.2814E-01
3.2500000E+00	1.6505E-03	2.2048E-01
3.2600000E+00	6.6769E-04	2.1112E-01
3.2700000E+00	-8.2018E-05	2.0015E-01
3.2800000E+00	-9.9607E-04	1.8718E-01
3.2900000E+00	-1.7509E-03	1.7284E-01
3.3000000E+00	-2.3917E-03	1.5751E-01
3.3100000E+00	-2.9829E-03	1.4119E-01
3.3200000E+00	-3.6220E-03	1.2387E-01
3.3300000E+00	-4.0830E-03	1.0618E-01
3.3400000E+00	-4.4845E-03	8.8548E-02
3.3500000E+00	-4.9309E-03	7.0546E-02
3.3600000E+00	-5.2413E-03	5.3228E-02
3.3700000E+00	-5.4484E-03	3.6545E-02
3.3800000E+00	-5.6572E-03	2.0887E-02
3.3900000E+00	-5.7046E-03	6.2349E-03
3.4000000E+00	-5.7801E-03	-7.0590E-03
3.4100000E+00	-5.7134E-03	-1.8715E-02
3.4200000E+00	-5.4454E-03	-2.8379E-02
3.4300000E+00	-5.2761E-03	-3.6438E-02
3.4400000E+00	-4.8349E-03	-4.2387E-02
3.4500000E+00	-4.3926E-03	-4.6061E-02
3.4600000E+00	-3.8593E-03	-4.7731E-02
3.4700000E+00	-3.2519E-03	-4.6734E-02
3.4800000E+00	-2.5084E-03	-4.3774E-02
3.4900000E+00	-1.8540E-03	-3.8731E-02
3.5000000E+00	-1.1031E-03	-3.1392E-02
3.5100000E+00	-3.5273E-04	-2.2075E-02
3.5200000E+00	4.3512E-04	-1.0742E-02
3.5300000E+00	1.2663E-03	2.5720E-03
3.5400000E+00	1.9800E-03	1.7260E-02
3.5500000E+00	2.6754E-03	3.2906E-02
3.5600000E+00	3.3786E-03	5.0205E-02
3.5700000E+00	4.0134E-03	6.8230E-02
3.5800000E+00	4.6026E-03	8.6529E-02
3.5900000E+00	5.1206E-03	1.0556E-01
3.6000000E+00	5.6268E-03	1.2451E-01
3.6100000E+00	6.0806E-03	1.4317E-01
3.6200000E+00	6.4770E-03	1.6153E-01
3.6300000E+00	6.9218E-03	1.7916E-01
3.6400000E+00	7.3092E-03	1.9551E-01
3.6500000E+00	7.6486E-03	2.1082E-01
3.6600000E+00	7.9219E-03	2.2479E-01
3.6700000E+00	7.9735E-03	2.3679E-01
3.6800000E+00	7.8605E-03	2.4712E-01
3.6900000E+00	7.6303E-03	2.5550E-01
3.7000000E+00	7.0856E-03	2.6147E-01
3.7100000E+00	6.5034E-03	2.6545E-01
3.7200000E+00	5.7632E-03	2.6711E-01
3.7300000E+00	4.8869E-03	2.6677E-01
3.7400000E+00	4.0669E-03	2.6414E-01
3.7500000E+00	3.0180E-03	2.5913E-01
3.7600000E+00	2.0983E-03	2.5211E-01
3.7700000E+00	1.0207E-03	2.4312E-01
3.7800000E+00	-6.6835E-06	2.3211E-01
3.7900000E+00	-8.7090E-04	2.1949E-01
3.8000000E+00	-1.7476E-03	2.0547E-01
3.8100000E+00	-2.5055E-03	1.9013E-01
3.8200000E+00	-3.1312E-03	1.7383E-01
3.8300000E+00	-3.7541E-03	1.5679E-01
3.8400000E+00	-4.2656E-03	1.3917E-01
3.8500000E+00	-4.7141E-03	1.2154E-01
3.8600000E+00	-4.9839E-03	1.0386E-01
3.8700000E+00	-5.3028E-03	8.6191E-02
3.8800000E+00	-5.5432E-03	6.9532E-02
3.8900000E+00	-5.7382E-03	5.3536E-02
3.9000000E+00	-5.7373E-03	3.8897E-02
3.9100000E+00	-5.7829E-03	2.5226E-02
3.9200000E+00	-5.7283E-03	1.3247E-02
3.9300000E+00	-5.5624E-03	2.9021E-03
3.9400000E+00	-5.2585E-03	-5.0749E-03
3.9500000E+00	-4.8615E-03	-1.1440E-02
3.9600000E+00	-4.4507E-03	-1.5732E-02
3.9700000E+00	-3.9141E-03	-1.7404E-02
3.9800000E+00	-3.3267E-03	-1.7115E-02
3.9900000E+00	-2.6592E-03	-1.4389E-02
4.0000000E+00	-1.9320E-03	-9.7276E-03
4.0100000E+00	-1.2251E-03	-2.7569E-03
4.0200000E+00	-4.9448E-04	6.2169E-03
4.0300000E+00	3.0650E-04	1.7234E-02
4.0400000E+00	1.0525E-03	2.9892E-02
4.0500000E+00	1.8345E-03	4.4554E-02
4.0600000E+00	2.6070E-03	6.0220E-02
4.0700000E+00	3.2782E-03	7.7202E-02
4.0800000E+00	3.8723E-03	9.4830E-02
4.0900000E+00	4.5477E-03	1.1354E-01
4.1000000E+00	5.0756E-03	1.3218E-01
4.1100000E+00	5.6930E-03	1.5121E-01
4.1200000E+00	6.2606E-03	1.7018E-01
4.1300000E+00	6.8096E-03	1.8849E-01
4.1400000E+00	7.2834E-03	2.0617E-01
4.1500000E+00	7.7863E-03	2.2281E-01
4.1600000E+00	8.0924E-03	2.3815E-01
4.1700000E+00	8.3003E-03	2.5243E-01
4.1800000E+00	8.2435E-03	2.6478E-01
4.1900000E+00	8.1184E-03	2.7544E-01
4.2000000E+00	7.8851E-03	2.8412E-01
4.2100000E+00	7.3536E-03	2.9047E-01
4.2200000E+00	6.9169E-03	2.9509E-01
4.2300000E+00	6.1720E-03	2.9712E-01
4.2400000E+00	5.3422E-03	2.9712E-01
4.2500000E+00	4.4425E-03	2.9481E-01
4.2600000E+00	3.4551E-03	2.9011E-01
4.2700000E+00	2.4235E-03	2.8345E-01
4.2800000E+00	1.3436E-03	2.7478E-01
4.2900000E+00	2.7667E-04	2.6409E-01
4.3000000E+00	-6.0823E-04	2.5179E-01
4.3100000E+00	-1.5775E-03	2.3814E-01
4.3200000E+00	-2.3964E-03	2.2313E-01
4.3300000E+00	-3.2448E-03	2.0683E-01
4.3400000E+00	-3.8780E-03	1.8982E-01
4.3500000E+00	-4.4009E-03	1.7247E-01
4.3600000E+00	-4.9488E-03	1.5450E-01
4.3700000E+00	-5.2923E-03	1.3683E-01
4.3800000E+00	-5.5624E-03	1.1920E-01
4.3900000E+00	-5.7807E-03	1.0250E-01
4.4000000E+00	-5.8945E-03	8.6219E-02
4.4100000E+00	-5.9678E-03	7.1180E-02
4.4200000E+00	-5.9642E-03	5.7537E-02
4.4300000E+00	-5.8276E-03	4.5225E-02
4.4400000E+00	-5.7029E-03	3.4575E-02
4.4500000E+00	-5.3957E-03	2.5906E-02
4.4600000E+00	-5.0009E-03	1.9580E-02
4.4700000E+00	-4.6106E-03	1.4916E-02
4.4800000E+00	-4.0962E-03	1.2592E-02
4.4900000E+00	-3.4603E-03	1.2562E-02
4.5000000E+00	-2.7769E-03	1.4899E-02
4.5100000E+00	-2.0970E-03	1.9248E-02
4.5200000E+00	-1.3749E-03	2.5916E-02
4.5300000E+00	-6.2317E-04	3.4563E-02
4.5400000E+00	1.3741E-04	4.5236E-02
4.5500000E+00	8.9929E-04	5.7566E-02
4.5600000E+00	1.6491E-03	7.1868E-02
4.5700000E+00	2.3938E-03	8.7196E-02
4.5800000E+00	3.1375E-03	1.0388E-01
4.5900000E+00	3.8253E-03	1.2186E-01
4.6000000E+00	4.5168E-03	1.4016E-01
4.6100000E+00	5.1857E-03	1.5883E-01
4.6200000E+00	5.8563E-03	1.7781E-01
4.6300000E+00	6.5290E-03	1.9682E-01
4.6400000E+00	7.1386E-03	2.1513E-01
4.6500000E+00	7.7555E-03	2.3314E-01
4.6600000E+00	8.1121E-03	2.4979E-01
4.6700000E+00	8.3841E-03	2.6582E-01
4.6800000E+00	8.5075E-03	2.8009E-01
4.6900000E+00	8.5050E-03	2.9277E-01
4.7000000E+00	8.4705E-03	3.0375E-01
4.7100000E+00	8.1958E-03	3.1276E-01
4.7200000E+00	7.7605E-03	3.1941E-01
4.7300000E+00	7.2159E-03	3.2446E-01
4.7400000E+00	6.5241E-03	3.2674E-01
4.7500000E+00	5.6203E-03	3.2710E-01
4.7600000E+00	4.7775E-03	3.2508E-01
4.7700000E+00	3.8140E-03	3.2110E-01
4.7800000E+00	2.8237E-03	3.1476E-01
4.7900000E+00	1.7584E-03	3.0644E-01
4.8000000E+00	6.0202E-04	2.9613E-01
4.8100000E+00	-4.0002E-04	2.8409E-01
4.8200000E+00	-1.3994E-03	2.7047E-01
4.8300000E+00	-2.3976E-03	2.5581E-01
4.8400000E+00	-3.2334E-03	2.3981E-01
4.8500000E+00	-3.9961E-03	2.2280E-01
4.8600000E+00	-4.6211E-03	2.0550E-01
4.8700000E+00	-5.1569E-03	1.8783E-01
4.8800000E+00	-5.5776E-03	1.6984E-01
4.8900000E+00	-5.8294E-03	1.5253E-01
4.9000000E+00	-6.0511E-03	1.3521E-01
4.9100000E+00	-6.2160E-03	1.1884E-01
4.9200000E+00	-6.2177E-03	1.0385E-01
4.9300000E+00	-6.1933E-03	8.9890E-02
4.9400000E+00	-6.0525E-03	7.7225E-02
4.9500000E+00	-5.8267E-03	6.6541E-02
4.9600000E+00	-5.5928E-03	5.7541E-02
4.9700000E+00	-5.2480E-03	5.0580E-02
4.9800000E+00	-4.7690E-03	4.5538E-02
4.9900000E+00	-4.2798E-03	4.2864E-02
5.0000000E+00	-3.5946E-03	4.2559E-02
5.0100000E+00	-3.0099E-03	4.4254E-02
5.0200000E+00	-2.2834E-03	4.8223E-02
5.0300000E+00	-1.5293E-03	5.4536E-02
5.0400000E+00	-8.3676E-04	6.2877E-02
5.0500000E+00	-7.1430E-06	7.3226E-02
5.0600000E+00	7.0382E-04	8.5215E-02
5.0700000E+00	1.4850E-03	9.9202E-02
5.0800000E+00	2.2858E-03	1.1450E-01
5.0900000E+00	3.0094E-03	1.3087E-01
5.1000000E+00	3.8216E-03	1.4850E-01
5.1100000E+00	4.5635E-03	1.6686E-01
5.1200000E+00	5.3501E-03	1.8552E-01
5.1300000E+00	6.1048E-03	2.0449E-01
5.1400000E+00	6.8728E-03	2.2349E-01
5.1500000E+00	7.5434E-03	2.4216E-01
5.1600000E+00	8.0397E-03	2.6011E-01
5.1700000E+00	8.2822E-03	2.7711E-01
5.1800000E+00	8.6750E-03	2.9311E-01
5.1900000E+00	8.7631E-03	3.0744E-01
5.2000000E+00	8.8301E-03	3.2043E-01
5.2100000E+00	8.6905E-03	3.3177E-01
5.2200000E+00	8.4488E-03	3.4111E-01
5.2300000E+00	8.0071E-03	3.4841E-01
5.2400000E+00	7.4814E-03	3.5374E-01
5.2500000E+00	6.8125E-03	3.5674E-01
5.2600000E+00	6.0121E-03	3.5742E-01
5.2700000E+00	5.1255E-03	3.5575E-01
5.2800000E+00	4.1329E-03	3.5207E-01
5.2900000E+00	3.1185E-03	3.4606E-01
5.3000000E+00	2.0238E-03	3.3806E-01
5.3100000E+00	9.4007E-04	3.2809E-01
5.3200000E+00	-1.2620E-04	3.1644E-01
5.3300000E+00	-1.1616E-03	3.0305E-01
5.3400000E+00	-2.1940E-03	2.8846E-01
5.3500000E+00	-3.1534E-03	2.7244E-01
5.3600000E+00	-3.9553E-03	2.5579E-01
5.3700000E+00	-4.6552E-03	2.3846E-01
5.3800000E+00	-5.3578E-03	2.2082E-01
5.3900000E+00	-5.7859E-03	2.0318E-01
5.4000000E+00	-6.1659E-03	1.8551E-01
5.4100000E+00	-6.3614E-03	1.6820E-01
5.4200000E+00	-6.4414E-03	1.5183E-01
5.4300000E+00	-6.5989E-03	1.3618E-01
5.4400000E+00	-6.4415E-03	1.2222E-01
5.4500000E+00	-6.3724E-03	1.0919E-01
5.4600000E+00	-6.1127E-03	9.8205E-02
5.4700000E+00	-5.7576E-03	8.8867E-02
5.4800000E+00	-5.3932E-03	8.1570E-02
5.4900000E+00	-4.9504E-03	7.6196E-02
5.5000000E+00	-4.3837E-03	7.3219E-02
5.5100000E+00	-3.8512E-03	7.2203E-02
5.5200000E+00	-3.1591E-03	7.3874E-02
5.5300000E+00	-2.4495E-03	7.7563E-02
5.5400000E+00	-1.7596E-03	8.3193E-02
5.5500000E+00	-9.8066E-04	9.1225E-02
5.5600000E+00	-2.1459E-04	1.0118E-01
5.5700000E+00	5.8784E-04	1.1318E-01
5.5800000E+00	1.4163E-03	1.2654E-01
5.5900000E+00	2.2420E-03	1.4184E-01
5.6000000E+00	2.9763E-03	1.5818E-01
5.6100000E+00	3.8939E-03	1.7552E-01
5.6200000E+00	4.6794E-03	1.9348E-01
5.6300000E+00	5.5848E-03	2.1215E-01
5.6400000E+00	6.4544E-03	2.3113E-01
5.6500000E+00	7.1168E-03	2.5011E-01
5.6600000E+00	7.7276E-03	2.6878E-01
5.6700000E+00	8.1448E-03	2.8678E-01
5.6800000E+00	8.5533E-03	3.0411E-01
5.6900000E+00	8.8798E-03	3.2043E-01
5.7000000E+00	8.9974E-03	3.3510E-01
5.7100000E+00	9.0527E-03	3.4840E-01
5.7200000E+00	8.9872E-03	3.6010E-01
5.7300000E+00	8.7730E-03	3.6974E-01
5.7400000E+00	8.4270E-03	3.7743E-01
5.7500000E+00	7.9183E-03	3.8276E-01
5.7600000E+00	7.2903E-03	3.8607E-01
5.7700000E+00	6.5629E-03	3.8741E-01
5.7800000E+00	5.6055E-03	3.8604E-01
5.7900000E+00	4.5766E-03	3.8275E-01
5.8000000E+00	3.5121E-03	3.7708E-01
5.8100000E+00	2.4012E-03	3.6942E-01
5.8200000E+00	1.3071E-03	3.5973E-01
5.8300000E+00	2.1825E-04	3.4844E-01
5.8400000E+00	-8.4607E-04	3.3543E-01
5.8500000E+00	-1.8886E-03	3.2106E-01
5.8600000E+00	-2.9801E-03	3.0542E-01
5.8700000E+00	-3.9465E-03	2.8878E-01
5.8800000E+00	-4.7025E-03	2.7147E-01
5.8900000E+00	-5.3803E-03	2.5381E-01
5.9000000E+00	-5.8923E-03	2.3614E-01
5.9100000E+00	-6.2944E-03	2.1850E-01
5.9200000E+00	-6.5600E-03	2.0114E-01
5.9300000E+00	-6.8272E-03	1.8451E-01
5.9400000E+00	-6.8257E-03	1.6883E-01
5.9500000E+00	-6.7264E-03	1.5451E-01
5.9600000E+00	-6.5666E-03	1.4151E-01
5.9700000E+00	-6.4057E-03	1.2986E-01
5.9800000E+00	-6.0299E-03	1.2017E-01
5.9900000E+00	-5.6693E-03	1.1256E-01
6.0000000E+00	-5.2789E-03	1.0687E-01
6.0100000E+00	-4.6559E-03	1.0351E-01
6.0200000E+00	-4.0616E-03	1.0221E-01
6.0300000E+00	-3.4474E-03	1.0319E-01
6.0400000E+00	-2.7062E-03	1.0652E-01
6.0500000E+00	-1.9692E-03	1.1221E-01
6.0600000E+00	-1.2227E-03	1.1954E-01
6.0700000E+00	-4.1499E-04	1.2919E-01
6.0800000E+00	4.6250E-04	1.4083E-01
6.0900000E+00	1.3155E-03	1.5418E-01
6.1000000E+00	2.1757E-03	1.6883E-01
6.1100000E+00	3.0618E-03	1.8516E-01
6.1200000E+00	3.9564E-03	2.0215E-01
6.1300000E+00	4.9915E-03	2.2046E-01
6.1400000E+00	5.8397E-03	2.3879E-01
6.1500000E+00	6.6382E-03	2.5778E-01
6.1600000E+00	7.2478E-03	2.7680E-01
6.1700000E+00	7.8658E-03	2.9548E-01
6.1800000E+00	8.4187E-03	3.1378E-01
6.1900000E+00	8.7535E-03	3.3110E-01
6.2000000E+00	9.0141E-03	3.4740E-01
6.2100000E+00	9.2637E-03	3.6275E-01
6.2200000E+00	9.3425E-03	3.7608E-01
6.2300000E+00	9.3998E-03	3.8806E-01
6.2400000E+00	9.3277E-03	3.9807E-01
6.2500000E+00	9.1010E-03	4.0605E-01
6.2600000E+00	8.7651E-03	4.1208E-01
6.2700000E+00	8.1079E-03	4.1575E-01
6.2800000E+00	7.3481E-03	4.1738E-01
6.2900000E+00	6.2165E-03	4.1637E-01
6.3000000E+00	5.1388E-03	4.1338E-01
6.3100000E+00	3.9646E-03	4.0838E-01
6.3200000E+00	2.8083E-03	4.0104E-01
6.3300000E+00	1.6281E-03	3.9174E-01
6.3400000E+00	4.7041E-04	3.8072E-01
6.3500000E+00	-6.7688E-04	3.6774E-01
6.3600000E+00	-1.6840E-03	3.5373E-01
6.3700000E+00	-2.7110E-03	3.3809E-01
6.3800000E+00	-3.7466E-03	3.2177E-01
6.3900000E+00	-4.6724E-03	3.0476E-01
6.4000000E+00	-5.5207E-03	2.8712E-01
6.4100000E+00	-6.1150E-03	2.6913E-01
6.4200000E+00	-6.5187E-03	2.5146E-01
6.4300000E+00	-6.8835E-03	2.3413E-01
6.4400000E+00	-6.9901E-03	2.1750E-01
6.4500000E+00	-7.1092E-03	2.0149E-01
6.4600000E+00	-7.0021E-03	1.8685E-01
6.4700000E+00	-6.8958E-03	1.7354E-01
6.4800000E+00	-6.7309E-03	1.6187E-01
6.4900000E+00	-6.3106E-03	1.5183E-01
6.5000000E+00	-5.9508E-03	1.4385E-01
6.5100000E+00	-5.4850E-03	1.3786E-01
6.5200000E+00	-4.9196E-03	1.3386E-01
6.5300000E+00	-4.3208E-03	1.3220E-01
6.5400000E+00	-3.6331E-03	1.3284E-01
6.5500000E+00	-2.9150E-03	1.3584E-01
6.5600000E+00	-2.2025E-03	1.4084E-01
6.5700000E+00	-1.3374E-03	1.4817E-01
6.5800000E+00	-4.4553E-04	1.5753E-01
6.5900000E+00	3.9488E-04	1.6883E-01
6.6000000E+00	1.2466E-03	1.8182E-01
6.6100000E+00	2.1962E-03	1.9613E-01
6.6200000E+00	3.1424E-03	2.1215E-01
6.6300000E+00	4.1827E-03	2.2913E-01
6.6400000E+00	5.0814E-03	2.4716E-01
6.6500000E+00	5.9750E-03	2.6579E-01
6.6600000E+00	6.7335E-03	2.8446E-01
6.6700000E+00	7.3816E-03	3.0341E-01
6.6800000E+00	8.1579E-03	3.2245E-01
6.6900000E+00	8.5889E-03	3.4075E-01
6.7000000E+00	8.9045E-03	3.5810E-01
6.7100000E+00	9.3198E-03	3.7473E-01
6.7200000E+00	9.5984E-03	3.9006E-01
6.7300000E+00	9.9570E-03	4.0405E-01
6.7400000E+00	1.0321E-02	4.1604E-01
6.7500000E+00	1.0351E-02	4.2638E-01
6.7600000E+00	1.0375E-02	4.3506E-01
6.7700000E+00	9.7587E-03	4.4103E-01
6.7800000E+00	9.0220E-03	4.4536E-01
6.7900000E+00	8.0251E-03	4.4704E-01
6.8000000E+00	6.9088E-03	4.4673E-01
6.8100000E+00	5.6568E-03	4.4401E-01
6.8200000E+00	4.3695E-03	4.3939E-01
6.8300000E+00	3.0576E-03	4.3238E-01
6.8400000E+00	1.7588E-03	4.2339E-01
6.8500000E+00	6.0652E-04	4.1274E-01
6.8600000E+00	-6.0420E-04	4.0005E-01
6.8700000E+00	-1.5949E-03	3.8606E-01
6.8800000E+00	-2.5457E-03	3.7109E-01
6.8900000E+00	-3.5046E-03	3.5476E-01
6.9000000E+00	-4.4065E-03	3.3776E-01
6.9100000E+00	-5.3743E-03	3.2009E-01
6.9200000E+00	-6.1835E-03	3.0245E-01
6.9300000E+00	-6.8448E-03	2.8446E-01
6.9400000E+00	-7.1917E-03	2.6713E-01
6.9500000E+00	-7.3724E-03	2.5012E-01
6.9600000E+00	-7.4955E-03	2.3414E-01
6.9700000E+00	-7.3164E-03	2.1951E-01
6.9800000E+00	-7.2444E-03	2.0582E-01
6.9900000E+00	-7.0165E-03	1.9383E-01
7.0000000E+00	-6.6588E-03	1.8352E-01
7.0100000E+00	-6.2159E-03	1.7515E-01
7.0200000E+00	-5.7864E-03	1.6887E-01
7.0300000E+00	-5.2514E-03	1.6448E-01
7.0400000E+00	-4.5818E-03	1.6253E-01
7.0500000E+00	-3.8611E-03	1.6285E-01
7.0600000E+00	-3.1471E-03	1.6517E-01
7.0700000E+00	-2.3341E-03	1.6984E-01
7.0800000E+00	-1.5623E-03	1.7684E-01
7.0900000E+00	-6.3800E-04	1.8582E-01
7.1000000E+00	2.6113E-04	1.9648E-01
7.1100000E+00	1.2303E-03	2.0915E-01
7.1200000E+00	2.2364E-03	2.2351E-01
7.1300000E+00	3.2795E-03	2.3914E-01
7.1400000E+00	4.3144E-03	2.5614E-01
7.1500000E+00	5.1333E-03	2.7379E-01
7.1600000E+00	6.0625E-03	2.9245E-01
7.1700000E+00	6.8405E-03	3.1110E-01
7.1800000E+00	7.5723E-03	3.3008E-01
7.1900000E+00	8.1857E-03	3.4909E-01
7.2000000E+00	8.5775E-03	3.6741E-01
7.2100000E+00	9.1228E-03	3.8506E-01
7.2200000E+00	9.7928E-03	4.0205E-01
7.2300000E+00	1.0302E-02	4.1741E-01
7.2400000E+00	1.0954E-02	4.3172E-01
7.2500000E+00	1.1271E-02	4.4402E-01
7.2600000E+00	1.1317E-02	4.5473E-01
7.2700000E+00	1.1148E-02	4.6369E-01
7.2800000E+00	1.0575E-02	4.7034E-01
7.2900000E+00	9.7029E-03	4.7466E-01
7.3000000E+00	8.7412E-03	4.7702E-01
7.3100000E+00	7.4422E-03	4.7705E-01
7.3200000E+00	6.0268E-03	4.7467E-01
7.3300000E+00	4.6963E-03	4.7038E-01
7.3400000E+00	3.1548E-03	4.6371E-01
7.3500000E+00	1.9283E-03	4.5505E-01
7.3600000E+00	6.7702E-04	4.4469E-01
7.3700000E+00	-5.4173E-04	4.3238E-01
7.3800000E+00	-1.5377E-03	4.1871E-01
7.3900000E+00	-2.5284E-03	4.0373E-01
7.4000000E+00	-3.4403E-03	3.8773E-01
7.4100000E+00	-4.2611E-03	3.7076E-01
7.4200000E+00	-5.1168E-03	3.5308E-01
7.4300000E+00	-5.8492E-03	3.3543E-01
7.4400000E+00	-6.6071E-03	3.1777E-01
7.4500000E+00	-7.2662E-03	3.0011E-01
7.4600000E+00	-7.6715E-03	2.8308E-01
7.4700000E+00	-7.7453E-03	2.6714E-01
7.4800000E+00	-7.7759E-03	2.5181E-01
7.4900000E+00	-7.5591E-03	2.3815E-01
7.5000000E+00	-7.4476E-03	2.2584E-01
7.5100000E+00	-7.0565E-03	2.1513E-01
7.5200000E+00	-6.6157E-03	2.0650E-01
7.5300000E+00	-6.1392E-03	1.9948E-01
7.5400000E+00	-5.5428E-03	1.9517E-01
7.5500000E+00	-4.8871E-03	1.9251E-01
7.5600000E+00	-4.1997E-03	1.9248E-01
7.5700000E+00	-3.3894E-03	1.9449E-01
7.5800000E+00	-2.6446E-03	1.9885E-01
7.5900000E+00	-1.6623E-03	2.0549E-01
7.6000000E+00	-8.2612E-04	2.1381E-01
7.6100000E+00	2.2251E-04	2.2448E-01
7.6200000E+00	1.2621E-03	2.3683E-01
7.6300000E+00	2.2013E-03	2.5080E-01
7.6400000E+00	3.2260E-03	2.6644E-01
7.6500000E+00	4.2255E-03	2.8310E-01
7.6600000E+00	5.2077E-03	3.0078E-01
7.6700000E+00	6.1400E-03	3.1912E-01
7.6800000E+00	6.7943E-03	3.3774E-01
7.6900000E+00	7.4939E-03	3.5677E-01
7.7000000E+00	8.0978E-03	3.7576E-01
7.7100000E+00	8.7812E-03	3.9439E-01
7.7200000E+00	9.5353E-03	4.1206E-01
7.7300000E+00	1.0455E-02	4.2905E-01
7.7400000E+00	1.1148E-02	4.4471E-01
7.7500000E+00	1.1816E-02	4.5934E-01
7.7600000E+00	1.2107E-02	4.7204E-01
7.7700000E+00	1.2116E-02	4.8303E-01
7.7800000E+00	1.1906E-02	4.9201E-01
7.7900000E+00	1.1451E-02	4.9938E-01
7.8000000E+00	1.0487E-02	5.0404E-01
7.8100000E+00	9.3476E-03	5.0670E-01
7.8200000E+00	7.8573E-03	5.0700E-01
7.8300000E+00	6.5238E-03	5.0536E-01
7.8400000E+00	4.9515E-03	5.0137E-01
7.8500000E+00	3.4084E-03	4.9505E-01
7.8600000E+00	1.9584E-03	4.8668E-01
7.8700000E+00	6.3422E-04	4.7669E-01
7.8800000E+00	-6.6072E-04	4.6469E-01
7.8900000E+00	-1.7026E-03	4.5138E-01
7.9000000E+00	-2.7325E-03	4.3639E-01
7.9100000E+00	-3.5121E-03	4.2039E-01
7.9200000E+00	-4.4007E-03	4.0373E-01
7.9300000E+00	-5.0352E-03	3.8643E-01
7.9400000E+00	-5.7631E-03	3.6842E-01
7.9500000E+00	-6.3153E-03	3.5076E-01
7.9600000E+00	-6.8719E-03	3.3310E-01
7.9700000E+00	-7.3716E-03	3.1609E-01
7.9800000E+00	-7.7515E-03	2.9977E-01
7.9900000E+00	-7.9185E-03	2.8444E-01
8.0000000E+00	-7.8981E-03	2.7046E-01
8.0100000E+00	-7.6854E-03	2.5778E-01
8.0200000E+00	-7.3430E-03	2.4682E-01
8.0300000E+00	-6.9002E-03	2.3782E-01
8.0400000E+00	-6.4797E-03	2.3083E-01
8.0500000E+00	-5.8503E-03	2.2582E-01
8.0600000E+00	-5.2247E-03	2.2285E-01
8.0700000E+00	-4.5739E-03	2.2217E-01
8.0800000E+00	-3.6129E-03	2.2415E-01
8.0900000E+00	-2.8117E-03	2.2781E-01
8.1000000E+00	-1.7816E-03	2.3416E-01
8.1100000E+00	-8.7153E-04	2.4247E-01
8.1200000E+00	8.1475E-05	2.5246E-01
8.1300000E+00	1.1084E-03	2.6446E-01
8.1400000E+00	2.1459E-03	2.7843E-01
8.1500000E+00	3.1572E-03	2.9343E-01
8.1600000E+00	4.1888E-03	3.1012E-01
8.1700000E+00	5.0628E-03	3.2746E-01
8.1800000E+00	5.8832E-03	3.4579E-01
8.1900000E+00	6.6018E-03	3.6443E-01
8.2000000E+00	7.3249E-03	3.8339E-01
8.2100000E+00	8.2442E-03	4.0237E-01
8.2200000E+00	9.1302E-03	4.2107E-01
8.2300000E+00	1.0110E-02	4.3903E-01
8.2400000E+00	1.1054E-02	4.5606E-01
8.2500000E+00	1.1818E-02	4.7202E-01
8.2600000E+00	1.2512E-02	4.8671E-01
8.2700000E+00	1.2995E-02	5.0000E-01
8.2800000E+00	1.2944E-02	5.1133E-01
8.2900000E+00	1.2453E-02	5.2067E-01
8.3000000E+00	1.1426E-02	5.2803E-01
8.3100000E+00	1.0427E-02	5.3333E-01
8.3200000E+00	9.1631E-03	5.3632E-01
8.3300000E+00	7.9414E-03	5.3733E-01
8.3400000E+00	6.6048E-03	5.3567E-01
8.3500000E+00	5.2090E-03	5.3198E-01
8.3600000E+00	3.8847E-03	5.2636E-01
8.3700000E+00	2.3745E-03	5.1834E-01
8.3800000E+00	9.1245E-04	5.0840E-01
8.3900000E+00	-4.3790E-04	4.9701E-01
8.4000000E+00	-1.6763E-03	4.8369E-01
8.4100000E+00	-2.8077E-03	4.6905E-01
8.4200000E+00	-3.7279E-03	4.5337E-01
8.4300000E+00	-4.5256E-03	4.3673E-01
8.4400000E+00	-5.2438E-03	4.1937E-01
8.4500000E+00	-5.7820E-03	4.0170E-01
8.4600000E+00	-6.2891E-03	3.8374E-01
8.4700000E+00	-6.8264E-03	3.6608E-01
8.4800000E+00	-6.9925E-03	3.4909E-01
8.4900000E+00	-7.4425E-03	3.3244E-01
8.5000000E+00	-7.5954E-03	3.1710E-01
8.5100000E+00	-7.6415E-03	3.0275E-01
8.5200000E+00	-7.6408E-03	2.8978E-01
8.5300000E+00	-7.3818E-03	2.7843E-01
8.5400000E+00	-7.1132E-03	2.6911E-01
8.5500000E+00	-6.5180E-03	2.6179E-01
8.5600000E+00	-6.0078E-03	2.5649E-01
8.5700000E+00	-5.3791E-03	2.5314E-01
8.5800000E+00	-4.6716E-03	2.5212E-01
8.5900000E+00	-3.8171E-03	2.5346E-01
8.6000000E+00	-2.9533E-03	2.5716E-01
8.6100000E+00	-1.9765E-03	2.6281E-01
8.6200000E+00	-1.0653E-03	2.7081E-01
8.6300000E+00	-1.1005E-04	2.8044E-01
8.6400000E+00	1.0421E-03	2.9246E-01
8.6500000E+00	1.9769E-03	3.0579E-01
8.6600000E+00	2.9396E-03	3.2077E-01
8.6700000E+00	3.9162E-03	3.3711E-01
8.6800000E+00	4.6906E-03	3.5440E-01
8.6900000E+00	5.5774E-03	3.7240E-01
8.7000000E+00	6.4273E-03	3.9142E-01
8.7100000E+00	7.3308E-03	4.1005E-01
8.7200000E+00	8.4081E-03	4.2904E-01
8.7300000E+00	9.4323E-03	4.4772E-01
8.7400000E+00	1.0617E-02	4.6601E-01
8.7500000E+00	1.1714E-02	4.8336E-01
8.7600000E+00	1.2471E-02	4.9935E-01
8.7700000E+00	1.3182E-02	5.1435E-01
8.7800000E+00	1.2985E-02	5.2768E-01
8.7900000E+00	1.2369E-02	5.3934E-01
8.8000000E+00	1.1572E-02	5.4933E-01
8.8100000E+00	1.0665E-02	5.5697E-01
8.8200000E+00	9.8209E-03	5.6265E-01
8.8300000E+00	8.7854E-03	5.6599E-01
8.8400000E+00	7.6614E-03	5.6730E-01
8.8500000E+00	6.5791E-03	5.6633E-01
8.8600000E+00	5.4265E-03	5.6302E-01
8.8700000E+00	4.1961E-03	5.5732E-01
8.8800000E+00	2.9813E-03	5.5002E-01
8.8900000E+00	1.6562E-03	5.4034E-01
8.9000000E+00	2.0100E-04	5.2900E-01
8.9100000E+00	-1.1327E-03	5.1598E-01
8.9200000E+00	-2.4797E-03	5.0167E-01
8.9300000E+00	-3.4176E-03	4.8604E-01
8.9400000E+00	-4.3948E-03	4.6973E-01
8.9500000E+00	-5.1367E-03	4.5238E-01
8.9600000E+00	-5.7454E-03	4.3471E-01
8.9700000E+00	-6.3153E-03	4.1708E-01
8.9800000E+00	-6.5655E-03	3.9944E-01
8.9900000E+00	-6.9022E-03	3.8208E-01
9.0000000E+00	-7.1888E-03	3.6544E-01
9.0100000E+00	-7.2579E-03	3.4977E-01
9.0200000E+00	-7.4051E-03	3.3508E-01
9.0300000E+00	-7.1905E-03	3.2211E-01
9.0400000E+00	-7.2129E-03	3.1046E-01
9.0500000E+00	-6.9455E-03	3.0079E-01
9.0600000E+00	-6.5132E-03	2.9280E-01
9.0700000E+00	-6.0057E-03	2.8710E-01
9.0800000E+00	-5.3845E-03	2.8345E-01
9.0900000E+00	-4.6788E-03	2.8214E-01
9.1000000E+00	-3.9448E-03	2.8311E-01
9.1100000E+00	-3.0700E-03	2.8646E-01
9.1200000E+00	-2.1637E-03	2.9173E-01
9.1300000E+00	-1.1119E-03	2.9913E-01
9.1400000E+00	-2.7214E-04	3.0880E-01
9.1500000E+00	7.4261E-04	3.2014E-01
9.1600000E+00	1.6622E-03	3.3343E-01
9.1700000E+00	2.7638E-03	3.4808E-01
9.1800000E+00	3.5464E-03	3.6408E-01
9.1900000E+00	4.5514E-03	3.8142E-01
9.2000000E+00	5.4261E-03	3.9937E-01
9.2100000E+00	6.4304E-03	4.1805E-01
9.2200000E+00	7.4384E-03	4.3673E-01
9.2300000E+00	8.6965E-03	4.5567E-01
9.2400000E+00	9.9188E-03	4.7470E-01
9.2500000E+00	1.1122E-02	4.9271E-01
9.2600000E+00	1.2152E-02	5.1034E-01
9.2700000E+00	1.2578E-02	5.2668E-01
9.2800000E+00	1.2302E-02	5.4166E-01
9.2900000E+00	1.1848E-02	5.5533E-01
9.3000000E+00	1.1340E-02	5.6732E-01
9.3100000E+00	1.0719E-02	5.7768E-01
9.3200000E+00	9.9023E-03	5.8568E-01
9.3300000E+00	9.0654E-03	5.9164E-01
9.3400000E+00	8.1626E-03	5.9564E-01
9.3500000E+00	7.2738E-03	5.9729E-01
9.3600000E+00	6.3647E-03	5.9663E-01
9.3700000E+00	5.2370E-03	5.9364E-01
9.3800000E+00	4.3142E-03	5.8867E-01
9.3900000E+00	3.2869E-03	5.8132E-01
9.4000000E+00	2.0665E-03	5.7199E-01
9.4100000E+00	8.9619E-04	5.6100E-01
9.4200000E+00	-2.1662E-04	5.4834E-01
9.4300000E+00	-1.4901E-03	5.3436E-01
9.4400000E+00	-2.7260E-03	5.1900E-01
9.4500000E+00	-3.9031E-03	5.0268E-01
9.4600000E+00	-4.8340E-03	4.8534E-01
9.4700000E+00	-5.6437E-03	4.6768E-01
9.4800000E+00	-6.1779E-03	4.5005E-01
9.4900000E+00	-6.5023E-03	4.3240E-01
9.5000000E+00	-6.8213E-03	4.1507E-01
9.5100000E+00	-7.0591E-03	3.9806E-01
9.5200000E+00	-7.1625E-03	3.8244E-01
9.5300000E+00	-7.2935E-03	3.6746E-01
9.5400000E+00	-7.1161E-03	3.5412E-01
9.5500000E+00	-6.8682E-03	3.4244E-01
9.5600000E+00	-6.6779E-03	3.3212E-01
9.5700000E+00	-6.4093E-03	3.2406E-01
9.5800000E+00	-5.9163E-03	3.1810E-01
9.5900000E+00	-5.4039E-03	3.1411E-01
9.6000000E+00	-4.5381E-03	3.1247E-01
9.6100000E+00	-3.9776E-03	3.1278E-01
9.6200000E+00	-3.1542E-03	3.1542E-01
9.6300000E+00	-2.1559E-03	3.2044E-01
9.6400000E+00	-1.4053E-03	3.2776E-01
9.6500000E+00	-4.4080E-04	3.3677E-01
9.6600000E+00	5.6354E-04	3.4810E-01
9.6700000E+00	1.3700E-03	3.6075E-01
9.6800000E+00	2.4968E-03	3.7541E-01
9.6900000E+00	3.4032E-03	3.9143E-01
9.7000000E+00	4.4237E-03	4.0841E-01
9.7100000E+00	5.4342E-03	4.2606E-01
9.7200000E+00	6.5511E-03	4.4471E-01
9.7300000E+00	7.7466E-03	4.6338E-01
9.7400000E+00	8.9868E-03	4.8233E-01
9.7500000E+00	1.0383E-02	5.0134E-01
9.7600000E+00	1.1398E-02	5.1964E-01
9.7700000E+00	1.1686E-02	5.3735E-01
9.7800000E+00	1.1588E-02	5.5402E-01
9.7900000E+00	1.1293E-02	5.6935E-01
9.8000000E+00	1.0852E-02	5.8332E-01
9.8100000E+00	1.0321E-02	5.9564E-01
9.8200000E+00	9.7182E-03	6.0598E-01
9.8300000E+00	9.0607E-03	6.1430E-01
9.8400000E+00	8.4171E-03	6.2096E-01
9.8500000E+00	7.6891E-03	6.2498E-01
9.8600000E+00	6.8632E-03	6.2695E-01
9.8700000E+00	6.0291E-03	6.2663E-01
9.8800000E+00	5.1290E-03	6.2427E-01
9.8900000E+00	4.2508E-03	6.1965E-01
9.9000000E+00	3.3171E-03	6.1264E-01
9.9100000E+00	2.3519E-03	6.0400E-01
9.9200000E+00	1.4620E-03	5.9329E-01
9.9300000E+00	3.3306E-04	5.8067E-01
9.9400000E+00	-6.3051E-04	5.6699E-01
9.9500000E+00	-1.8170E-03	5.5168E-01
9.9600000E+00	-2.9217E-03	5.3533E-01
9.9700000E+00	-3.9891E-03	5.1833E-01
9.9800000E+00	-4.9562E-03	5.0102E-01
9.9900000E+00	-5.8262E-03	4.8301E-01
1.0000000E+01	-6.2926E-03	4.6537E-01
1.0010000E+01	-6.7010E-03	4.4806E-01
1.0020000E+01	-6.9004E-03	4.3106E-01
1.0030000E+01	-7.0501E-03	4.1506E-01
1.0040000E+01	-7.0495E-03	4.0006E-01
1.0050000E+01	-6.9742E-03	3.8641E-01
1.0060000E+01	-6.8495E-03	3.7410E-01
1.0070000E+01	-6.6517E-03	3.6377E-01
1.0080000E+01	-6.1964E-03	3.5541E-01
1.0090000E+01	-5.7436E-03	3.4875E-01
1.0100000E+01	-5.2380E-03	3.4443E-01
1.0110000E+01	-4.6428E-03	3.4243E-01
1.0120000E+01	-3.9431E-03	3.4243E-01
1.0130000E+01	-3.0709E-03	3.4476E-01
1.0140000E+01	-2.3042E-03	3.4942E-01
1.0150000E+01	-1.3552E-03	3.5640E-01
1.0160000E+01	-4.4244E-04	3.6512E-01
1.0170000E+01	4.8541E-04	3.7609E-01
1.0180000E+01	1.3676E-03	3.8844E-01
1.0190000E+01	2.4137E-03	4.0275E-01
1.0200000E+01	3.3274E-03	4.1841E-01
1.0210000E+01	4.5010E-03	4.3506E-01
1.0220000E+01	5.5696E-03	4.5306E-01
1.0230000E+01	6.8191E-03	4.7137E-01
1.0240000E+01	8.0846E-03	4.9037E-01
1.0250000E+01	9.3189E-03	5.0869E-01
1.0260000E+01	1.0101E-02	5.2633E-01
1.0270000E+01	1.0382E-02	5.4367E-01
1.0280000E+01	1.0241E-02	5.5997E-01
1.0290000E+01	1.0110E-02	5.7568E-01
1.0300000E+01	9.8228E-03	5.9032E-01
1.0310000E+01	9.4445E-03	6.0329E-01
1.0320000E+01	9.0029E-03	6.1458E-01
1.0330000E+01	8.6318E-03	6.2430E-01
1.0340000E+01	8.0334E-03	6.3193E-01
1.0350000E+01	7.5052E-03	6.3760E-01
1.0360000E+01	6.7818E-03	6.4092E-01
1.0370000E+01	6.1695E-03	6.4228E-01
1.0380000E+01	5.3763E-03	6.4131E-01
1.0390000E+01	4.4971E-03	6.3795E-01
1.0400000E+01	3.6869E-03	6.3230E-01
1.0410000E+01	2.6720E-03	6.2463E-01
1.0420000E+01	1.7604E-03	6.1497E-01
1.0430000E+01	8.4073E-04	6.0330E-01
1.0440000E+01	-1.0510E-04	5.9033E-01
1.0450000E+01	-1.0632E-03	5.7533E-01
1.0460000E+01	-2.1503E-03	5.5931E-01
1.0470000E+01	-3.2454E-03	5.4198E-01
1.0480000E+01	-4.3568E-03	5.2402E-01
1.0490000E+01	-5.3794E-03	5.0535E-01
1.0500000E+01	-6.1553E-03	4.8636E-01
1.0510000E+01	-6.7124E-03	4.6737E-01
1.0520000E+01	-7.1810E-03	4.4874E-01
1.0530000E+01	-7.4874E-03	4.3039E-01
1.0540000E+01	-7.6430E-03	4.1306E-01
1.0550000E+01	-7.7076E-03	3.9674E-01
1.0560000E+01	-7.6104E-03	3.8175E-01
1.0570000E+01	-7.4777E-03	3.6811E-01
1.0580000E+01	-7.3010E-03	3.5641E-01
1.0590000E+01	-6.9079E-03	3.4612E-01
1.0600000E+01	-6.7377E-03	3.3809E-01
1.0610000E+01	-6.0516E-03	3.3243E-01
1.0620000E+01	-5.5453E-03	3.2876E-01
1.0630000E+01	-4.8831E-03	3.2710E-01
1.0640000E+01	-4.0449E-03	3.2811E-01
1.0650000E+01	-3.1659E-03	3.3112E-01
1.0660000E+01	-2.4730E-03	3.3643E-01
1.0670000E+01	-1.4865E-03	3.4376E-01
1.0680000E+01	-6.7173E-04	3.5276E-01
1.0690000E+01	3.9921E-04	3.6413E-01
1.0700000E+01	1.2414E-03	3.7676E-01
1.0710000E+01	2.1063E-03	3.9107E-01
1.0720000E+01	3.0227E-03	4.0640E-01
1.0730000E+01	4.0499E-03	4.2305E-01
1.0740000E+01	4.9687E-03	4.4002E-01
1.0750000E+01	5.9949E-03	4.5770E-01
1.0760000E+01	6.9429E-03	4.7535E-01
1.0770000E+01	8.0942E-03	4.9337E-01
1.0780000E+01	9.0570E-03	5.1067E-01
1.0790000E+01	9.6569E-03	5.2731E-01
1.0800000E+01	9.7075E-03	5.4300E-01
1.0810000E+01	9.4915E-03	5.5766E-01
1.0820000E+01	9.1938E-03	5.7096E-01
1.0830000E+01	8.7739E-03	5.8265E-01
1.0840000E+01	8.2296E-03	5.9263E-01
1.0850000E+01	7.7233E-03	6.0063E-01
1.0860000E+01	7.0210E-03	6.0663E-01
1.0870000E+01	6.4478E-03	6.1066E-01
1.0880000E+01	5.8043E-03	6.1231E-01
1.0890000E+01	4.8412E-03	6.1165E-01
1.0900000E+01	4.1377E-03	6.0862E-01
1.0910000E+01	3.1986E-03	6.0331E-01
1.0920000E+01	2.3362E-03	5.9632E-01
1.0930000E+01	1.5180E-03	5.8700E-01
1.0940000E+01	4.0764E-04	5.7564E-01
1.0950000E+01	-5.2630E-04	5.6266E-01
1.0960000E+01	-1.6326E-03	5.4801E-01
1.0970000E+01	-2.8051E-03	5.3199E-01
1.0980000E+01	-3.8595E-03	5.1502E-01
1.0990000E+01	-4.7950E-03	4.9706E-01
1.1000000E+01	-5.6700E-03	4.7869E-01
1.1010000E+01	-6.3415E-03	4.5971E-01
1.1020000E+01	-6.8776E-03	4.4072E-01
1.1030000E+01	-7.2441E-03	4.2205E-01
1.1040000E+01	-7.5349E-03	4.0372E-01
1.1050000E+01	-7.7796E-03	3.8603E-01
1.1060000E+01	-7.9020E-03	3.6944E-01
1.1070000E+01	-7.9503E-03	3.5409E-01
1.1080000E+01	-7.7750E-03	3.4047E-01
1.1090000E+01	-7.6444E-03	3.2809E-01
1.1100000E+01	-7.4328E-03	3.1778E-01
1.1110000E+01	-6.9747E-03	3.0944E-01
1.1120000E+01	-6.5628E-03	3.0312E-01
1.1130000E+01	-6.0536E-03	2.9912E-01
1.1140000E+01	-5.3359E-03	2.9746E-01
1.1150000E+01	-4.5732E-03	2.9778E-01
1.1160000E+01	-3.7890E-03	3.0048E-01
1.1170000E+01	-2.9298E-03	3.0512E-01
1.1180000E+01	-2.0259E-03	3.1212E-01
1.1190000E+01	-1.0665E-03	3.2111E-01
1.1200000E+01	-1.3558E-04	3.3210E-01
1.1210000E+01	8.3160E-04	3.4443E-01
1.1220000E+01	1.6991E-03	3.5842E-01
1.1230000E+01	2.6105E-03	3.7375E-01
1.1240000E+01	3.4719E-03	3.9007E-01
1.1250000E+01	4.3200E-03	4.0708E-01
1.1260000E+01	5.0795E-03	4.2476E-01
1.1270000E+01	6.0623E-03	4.4240E-01
1.1280000E+01	6.8441E-03	4.6004E-01
1.1290000E+01	7.7517E-03	4.7769E-01
1.1300000E+01	8.4918E-03	4.9437E-01
1.1310000E+01	9.1441E-03	5.1035E-01
1.1320000E+01	9.5190E-03	5.2531E-01
1.1330000E+01	9.4246E-03	5.3900E-01
1.1340000E+01	8.9654E-03	5.5099E-01
1.1350000E+01	8.4264E-03	5.6099E-01
1.1360000E+01	8.0200E-03	5.6966E-01
1.1370000E+01	7.3464E-03	5.7605E-01
1.1380000E+01	6.4509E-03	5.7998E-01
1.1390000E+01	5.7906E-03	5.8197E-01
1.1400000E+01	4.9373E-03	5.8164E-01
1.1410000E+01	4.0815E-03	5.7928E-01
1.1420000E+01	3.1983E-03	5.7464E-01
1.1430000E+01	2.2288E-03	5.6766E-01
1.1440000E+01	1.2207E-03	5.5864E-01
1.1450000E+01	2.2547E-04	5.4768E-01
1.1460000E+01	-8.9019E-04	5.3501E-01
1.1470000E+01	-2.1111E-03	5.2067E-01
1.1480000E+01	-3.1991E-03	5.0503E-01
1.1490000E+01	-4.2250E-03	4.8802E-01
1.1500000E+01	-5.0337E-03	4.7037E-01
1.1510000E+01	-5.7262E-03	4.5203E-01
1.1520000E+01	-6.3289E-03	4.3305E-01
1.1530000E+01	-6.9229E-03	4.1407E-01
1.1540000E+01	-7.3008E-03	3.9508E-01
1.1550000E+01	-7.5076E-03	3.7674E-01
1.1560000E+01	-7.8432E-03	3.5907E-01
1.1570000E+01	-7.9512E-03	3.4244E-01
1.1580000E+01	-8.0755E-03	3.2678E-01
1.1590000E+01	-8.0352E-03	3.1274E-01
1.1600000E+01	-7.9486E-03	3.0013E-01
1.1610000E+01	-7.8088E-03	2.8945E-01
1.1620000E+01	-7.4381E-03	2.8080E-01
1.1630000E+01	-6.8890E-03	2.7411E-01
1.1640000E+01	-6.3991E-03	2.6979E-01
1.1650000E+01	-5.8417E-03	2.6745E-01
1.1660000E+01	-5.0511E-03	2.6747E-01
1.1670000E+01	-4.2209E-03	2.6981E-01
1.1680000E+01	-3.3604E-03	2.7410E-01
1.1690000E+01	-2.3991E-03	2.8079E-01
1.1700000E+01	-1.5078E-03	2.8946E-01
1.1710000E+01	-4.0912E-04	3.0011E-01
1.1720000E+01	3.8252E-04	3.1212E-01
1.1730000E+01	1.4101E-03	3.2576E-01
1.1740000E+01	2.3009E-03	3.4110E-01
1.1750000E+01	3.0985E-03	3.5709E-01
1.1760000E+01	3.9555E-03	3.7408E-01
1.1770000E+01	4.7067E-03	3.9141E-01
1.1780000E+01	5.4241E-03	4.0938E-01
1.1790000E+01	6.1705E-03	4.2705E-01
1.1800000E+01	6.8356E-03	4.4470E-01
1.1810000E+01	7.5586E-03	4.6169E-01
1.1820000E+01	8.1360E-03	4.7771E-01
1.1830000E+01	8.6854E-03	4.9269E-01
1.1840000E+01	9.0254E-03	5.0667E-01
1.1850000E+01	9.0576E-03	5.1899E-01
1.1860000E+01	8.8107E-03	5.2934E-01
1.1870000E+01	8.3706E-03	5.3833E-01
1.1880000E+01	7.6300E-03	5.4500E-01
1.1890000E+01	6.9069E-03	5.4967E-01
1.1900000E+01	6.0789E-03	5.5199E-01
1.1910000E+01	5.1186E-03	5.5196E-01
1.1920000E+01	4.2078E-03	5.5000E-01
1.1930000E+01	3.2257E-03	5.4566E-01
1.1940000E+01	2.1385E-03	5.3900E-01
1.1950000E+01	1.1223E-03	5.3035E-01
1.1960000E+01	-1.4192E-04	5.1967E-01
1.1970000E+01	-1.1801E-03	5.0738E-01
1.1980000E+01	-2.2204E-03	4.9339E-01
1.1990000E+01	-3.0715E-03	4.7803E-01
1.2000000E+01	-4.1336E-03	4.6101E-01
1.2010000E+01	-4.8815E-03	4.4338E-01
1.2020000E+01	-5.5951E-03	4.2505E-01
1.2030000E+01	-6.1906E-03	4.0640E-01
1.2040000E+01	-6.7278E-03	3.8742E-01
1.2050000E+01	-7.2190E-03	3.6840E-01
1.2060000E+01	-7.4502E-03	3.5011E-01
1.2070000E+01	-7.7353E-03	3.3215E-01
1.2080000E+01	-8.1159E-03	3.1510E-01
1.2090000E+01	-8.1142E-03	2.9943E-01
1.2100000E+01	-8.2701E-03	2.8510E-01
1.2110000E+01	-8.0962E-03	2.7246E-01
1.2120000E+01	-7.9793E-03	2.6144E-01
1.2130000E+01	-7.5828E-03	2.5216E-01
1.2140000E+01	-7.1881E-03	2.4516E-01
1.2150000E+01	-6.6002E-03	2.4050E-01
1.2160000E+01	-6.0782E-03	2.3785E-01
1.2170000E+01	-5.4029E-03	2.3747E-01
1.2180000E+01	-4.5924E-03	2.3916E-01
1.2190000E+01	-3.7055E-03	2.4346E-01
1.2200000E+01	-2.7560E-03	2.4948E-01
1.2210000E+01	-1.8095E-03	2.5778E-01
1.2220000E+01	-7.7248E-04	2.6813E-01
1.2230000E+01	1.3937E-04	2.7978E-01
1.2240000E+01	1.0132E-03	2.9342E-01
1.2250000E+01	1.9918E-03	3.0810E-01
1.2260000E+01	2.7988E-03	3.2410E-01
1.2270000E+01	3.7773E-03	3.4112E-01
1.2280000E+01	4.4281E-03	3.5843E-01
1.2290000E+01	5.0500E-03	3.7607E-01
1.2300000E+01	5.7289E-03	3.9406E-01
1.2310000E+01	6.3952E-03	4.1140E-01
1.2320000E+01	6.9114E-03	4.2875E-01
1.2330000E+01	7.4137E-03	4.4504E-01
1.2340000E+01	7.9265E-03	4.6035E-01
1.2350000E+01	8.2744E-03	4.7435E-01
1.2360000E+01	8.4013E-03	4.8702E-01
1.2370000E+01	8.4130E-03	4.9770E-01
1.2380000E+01	8.2778E-03	5.0700E-01
1.2390000E+01	7.8164E-03	5.1403E-01
1.2400000E+01	7.1155E-03	5.1902E-01
1.2410000E+01	6.3454E-03	5.2170E-01
1.2420000E+01	5.2863E-03	5.2201E-01
1.2430000E+01	4.2987E-03	5.2035E-01
1.2440000E+01	3.2221E-03	5.1636E-01
1.2450000E+01	2.2867E-03	5.1036E-01
1.2460000E+01	1.1337E-03	5.0206E-01
1.2470000E+01	-8.5900E-05	4.9169E-01
1.2480000E+01	-1.0740E-03	4.7972E-01
1.2490000E+01	-2.0550E-03	4.6603E-01
1.2500000E+01	-3.0110E-03	4.5072E-01
1.2510000E+01	-3.8921E-03	4.3405E-01
1.2520000E+01	-4.5760E-03	4.1676E-01
1.2530000E+01	-5.3603E-03	3.9838E-01
1.2540000E+01	-5.9380E-03	3.7974E-01
1.2550000E+01	-6.5659E-03	3.6077E-01
1.2560000E+01	-7.0651E-03	3.4179E-01
1.2570000E+01	-7.4568E-03	3.2313E-01
1.2580000E+01	-7.9697E-03	3.0511E-01
1.2590000E+01	-8.1440E-03	2.8813E-01
1.2600000E+01	-8.2527E-03	2.7214E-01
1.2610000E+01	-8.3576E-03	2.5745E-01
1.2620000E+01	-8.2867E-03	2.4445E-01
1.2630000E+01	-8.2186E-03	2.3315E-01
1.2640000E+01	-7.8493E-03	2.2384E-01
1.2650000E+01	-7.5697E-03	2.1613E-01
1.2660000E+01	-6.8816E-03	2.1116E-01
1.2670000E+01	-6.2975E-03	2.0816E-01
1.2680000E+01	-5.6870E-03	2.0717E-01
1.2690000E+01	-4.7318E-03	2.0883E-01
1.2700000E+01	-3.9755E-03	2.1249E-01
1.2710000E+01	-3.0403E-03	2.1850E-01
1.2720000E+01	-2.1285E-03	2.2616E-01
1.2730000E+01	-1.1126E-03	2.3613E-01
1.2740000E+01	-2.1645E-04	2.4780E-01
1.2750000E+01	8.6934E-04	2.6113E-01
1.2760000E+01	1.7680E-03	2.7544E-01
1.2770000E+01	2.6224E-03	2.9142E-01
1.2780000E+01	3.5135E-03	3.0812E-01
1.2790000E+01	4.2505E-03	3.2542E-01
1.2800000E+01	4.8753E-03	3.4310E-01
1.2810000E+01	5.4594E-03	3.6075E-01
1.2820000E+01	6.0259E-03	3.7844E-01
1.2830000E+01	6.5108E-03	3.9576E-01
1.2840000E+01	6.8495E-03	4.1207E-01
1.2850000E+01	7.3162E-03	4.2775E-01
1.2860000E+01	7.5618E-03	4.4206E-01
1.2870000E+01	7.6529E-03	4.5472E-01
1.2880000E+01	7.7621E-03	4.6603E-01
1.2890000E+01	7.5264E-03	4.7536E-01
1.2900000E+01	7.2354E-03	4.8270E-01
1.2910000E+01	6.8060E-03	4.8801E-01
1.2920000E+01	6.1079E-03	4.9134E-01
1.2930000E+01	5.2659E-03	4.9236E-01
1.2940000E+01	4.3187E-03	4.9105E-01
1.2950000E+01	3.2720E-03	4.8734E-01
1.2960000E+01	2.2665E-03	4.8172E-01
1.2970000E+01	1.1440E-03	4.7370E-01
1.2980000E+01	8.2555E-05	4.6372E-01
1.2990000E+01	-8.7021E-04	4.5201E-01
1.3000000E+01	-1.8284E-03	4.3840E-01
1.3010000E+01	-2.7507E-03	4.2339E-01
1.3020000E+01	-3.6996E-03	4.0707E-01
1.3030000E+01	-4.4152E-03	3.8978E-01
1.3040000E+01	-5.1374E-03	3.7176E-01
1.3050000E+01	-5.8796E-03	3.5310E-01
1.3060000E+01	-6.4994E-03	3.3409E-01
1.3070000E+01	-7.1288E-03	3.1511E-01
1.3080000E+01	-7.4606E-03	2.9646E-01
1.3090000E+01	-7.9232E-03	2.7844E-01
1.3100000E+01	-8.2972E-03	2.6113E-01
1.3110000E+01	-8.3830E-03	2.4480E-01
1.3120000E+01	-8.5066E-03	2.3014E-01
1.3130000E+01	-8.4341E-03	2.1647E-01
1.3140000E+01	-8.2740E-03	2.0483E-01
1.3150000E+01	-7.9108E-03	1.9515E-01
1.3160000E+01	-7.4966E-03	1.8750E-01
1.3170000E+01	-6.9442E-03	1.8185E-01
1.3180000E+01	-6.3906E-03	1.7849E-01
1.3190000E+01	-5.6738E-03	1.7717E-01
1.3200000E+01	-4.9458E-03	1.7851E-01
1.3210000E+01	-4.0753E-03	1.8183E-01
1.3220000E+01	-3.2864E-03	1.8716E-01
1.3230000E+01	-2.2484E-03	1.9482E-01
1.3240000E+01	-1.4787E-03	2.0414E-01
1.3250000E+01	-5.0075E-04	2.1552E-01
1.3260000E+01	4.7602E-04	2.2848E-01
1.3270000E+01	1.4882E-03	2.4279E-01
1.3280000E+01	2.3928E-03	2.5845E-01
1.3290000E+01	3.3391E-03	2.7513E-01
1.3300000E+01	4.0688E-03	2.9242E-01
1.3310000E+01	4.6991E-03	3.1009E-01
1.3320000E+01	5.4057E-03	3.2777E-01
1.3330000E+01	5.8162E-03	3.4542E-01
1.3340000E+01	6.2776E-03	3.6271E-01
1.3350000E+01	6.6331E-03	3.7940E-01
1.3360000E+01	6.8313E-03	3.9502E-01
1.3370000E+01	7.1021E-03	4.0973E-01
1.3380000E+01	7.2173E-03	4.2272E-01
1.3390000E+01	7.2374E-03	4.3404E-01
1.3400000E+01	7.1506E-03	4.4403E-01
1.3410000E+01	6.7816E-03	4.5165E-01
1.3420000E+01	6.4016E-03	4.5738E-01
1.3430000E+01	5.8265E-03	4.6102E-01
1.3440000E+01	5.0599E-03	4.6235E-01
1.3450000E+01	4.2160E-03	4.6135E-01
1.3460000E+01	3.2480E-03	4.5801E-01
1.3470000E+01	2.3840E-03	4.5272E-01
1.3480000E+01	1.2762E-03	4.4503E-01
1.3490000E+01	4.3814E-04	4.3573E-01
1.3500000E+01	-6.1591E-04	4.2406E-01
1.3510000E+01	-1.5434E-03	4.1106E-01
1.3520000E+01	-2.4882E-03	3.9607E-01
1.3530000E+01	-3.2813E-03	3.8008E-01
1.3540000E+01	-4.1919E-03	3.6309E-01
1.3550000E+01	-4.8361E-03	3.4509E-01
1.3560000E+01	-5.7835E-03	3.2642E-01
1.3570000E+01	-6.3960E-03	3.0743E-01
1.3580000E+01	-7.1451E-03	2.8844E-01
1.3590000E+01	-7.4367E-03	2.6979E-01
1.3600000E+01	-7.9929E-03	2.5147E-01
1.3610000E+01	-8.2172E-03	2.3415E-01
1.3620000E+01	-8.4776E-03	2.1749E-01
1.3630000E+01	-8.3785E-03	2.0250E-01
1.3640000E+01	-8.3452E-03	1.8884E-01
1.3650000E+01	-8.0564E-03	1.7683E-01
1.3660000E+01	-7.8156E-03	1.6686E-01
1.3670000E+01	-7.4147E-03	1.5849E-01
1.3680000E+01	-6.9208E-03	1.5250E-01
1.3690000E+01	-6.3204E-03	1.4883E-01
1.3700000E+01	-5.7260E-03	1.4716E-01
1.3710000E+01	-5.0376E-03	1.4783E-01
1.3720000E+01	-4.3011E-03	1.5085E-01
1.3730000E+01	-3.4165E-03	1.5616E-01
1.3740000E+01	-2.5982E-03	1.6318E-01
1.3750000E+01	-1.6440E-03	1.7248E-01
1.3760000E+01	-7.8440E-04	1.8349E-01
1.3770000E+01	1.9667E-04	1.9614E-01
1.3780000E+01	1.0446E-03	2.1047E-01
1.3790000E+01	2.0263E-03	2.2582E-01
1.3800000E+01	2.9663E-03	2.4216E-01
1.3810000E+01	3.7694E-03	2.5913E-01
1.3820000E+01	4.4776E-03	2.7680E-01
1.3830000E+01	5.2110E-03	2.9478E-01
1.3840000E+01	5.7540E-03	3.1246E-01
1.3850000E+01	6.1601E-03	3.2978E-01
1.3860000E+01	6.5350E-03	3.4642E-01
1.3870000E+01	6.8122E-03	3.6240E-01
1.3880000E+01	6.8974E-03	3.7706E-01
1.3890000E+01	6.9475E-03	3.9041E-01
1.3900000E+01	6.9575E-03	4.0238E-01
1.3910000E+01	6.7549E-03	4.1239E-01
1.3920000E+01	6.4873E-03	4.2039E-01
1.3930000E+01	6.2783E-03	4.2673E-01
1.3940000E+01	5.5372E-03	4.3039E-01
1.3950000E+01	4.9756E-03	4.3204E-01
1.3960000E+01	4.2068E-03	4.3173E-01
1.3970000E+01	3.3023E-03	4.2874E-01
1.3980000E+01	2.3688E-03	4.2375E-01
1.3990000E+01	1.4924E-03	4.1674E-01
1.4000000E+01	5.1105E-04	4.0739E-01
1.4010000E+01	-4.2785E-04	3.9642E-01
1.4020000E+01	-1.4733E-03	3.8340E-01
1.4030000E+01	-2.2981E-03	3.6876E-01
1.4040000E+01	-3.1811E-03	3.5307E-01
1.4050000E+01	-3.9757E-03	3.3609E-01
1.4060000E+01	-4.9119E-03	3.1810E-01
1.4070000E+01	-5.6393E-03	2.9979E-01
1.4080000E+01	-6.3477E-03	2.8078E-01
1.4090000E+01	-7.0376E-03	2.6180E-01
1.4100000E+01	-7.4958E-03	2.4283E-01
1.4110000E+01	-7.8834E-03	2.2449E-01
1.4120000E+01	-8.1375E-03	2.0714E-01
1.4130000E+01	-8.2956E-03	1.9051E-01
1.4140000E+01	-8.2372E-03	1.7516E-01
1.4150000E+01	-8.1913E-03	1.6118E-01
1.4160000E+01	-8.0641E-03	1.4885E-01
1.4170000E+01	-7.8399E-03	1.3855E-01
1.4180000E+01	-7.3773E-03	1.2987E-01
1.4190000E+01	-6.9019E-03	1.2353E-01
1.4200000E+01	-6.3779E-03	1.1954E-01
1.4210000E+01	-5.6859E-03	1.1754E-01
1.4220000E+01	-5.0414E-03	1.1787E-01
1.4230000E+01	-4.3092E-03	1.2022E-01
1.4240000E+01	-3.4623E-03	1.2520E-01
1.4250000E+01	-2.7037E-03	1.3186E-01
1.4260000E+01	-1.9278E-03	1.4084E-01
1.4270000E+01	-9.4603E-04	1.5150E-01
1.4280000E+01	-1.1692E-04	1.6384E-01
1.4290000E+01	8.1285E-04	1.7785E-01
1.4300000E+01	1.6371E-03	1.9318E-01
1.4310000E+01	2.5231E-03	2.0915E-01
1.4320000E+01	3.3427E-03	2.2617E-01
1.4330000E+01	4.0981E-03	2.4382E-01
1.4340000E+01	4.8944E-03	2.6149E-01
1.4350000E+01	5.5426E-03	2.7947E-01
1.4360000E+01	5.9291E-03	2.9678E-01
1.4370000E+01	6.3824E-03	3.1382E-01
1.4380000E+01	6.6155E-03	3.2975E-01
1.4390000E+01	6.8550E-03	3.4476E-01
1.4400000E+01	6.8355E-03	3.5840E-01
1.4410000E+01	6.7120E-03	3.7043E-01
1.4420000E+01	6.5018E-03	3.8074E-01
1.4430000E+01	6.3162E-03	3.8940E-01
1.4440000E+01	5.8922E-03	3.9575E-01
1.4450000E+01	5.3797E-03	4.0004E-01
1.4460000E+01	4.7421E-03	4.0204E-01
1.4470000E+01	4.1222E-03	4.0203E-01
1.4480000E+01	3.2198E-03	3.9940E-01
1.4490000E+01	2.4715E-03	3.9508E-01
1.4500000E+01	1.5446E-03	3.8807E-01
1.4510000E+01	5.7953E-04	3.7905E-01
1.4520000E+01	-2.2475E-04	3.6845E-01
1.4530000E+01	-1.2546E-03	3.5575E-01
1.4540000E+01	-2.1708E-03	3.4143E-01
1.4550000E+01	-3.1258E-03	3.2579E-01
1.4560000E+01	-4.0042E-03	3.0911E-01
1.4570000E+01	-4.7410E-03	2.9144E-01
1.4580000E+01	-5.6107E-03	2.7281E-01
1.4590000E+01	-6.2851E-03	2.5415E-01
1.4600000E+01	-6.9442E-03	2.3512E-01
1.4610000E+01	-7.3787E-03	2.1615E-01
1.4620000E+01	-7.8671E-03	1.9780E-01
1.4630000E+01	-7.9451E-03	1.8015E-01
1.4640000E+01	-8.2828E-03	1.6317E-01
1.4650000E+01	-8.1276E-03	1.4748E-01
1.4660000E+01	-8.1135E-03	1.3351E-01
1.4670000E+01	-8.0349E-03	1.2088E-01
1.4680000E+01	-7.6644E-03	1.1021E-01
1.4690000E+01	-7.3385E-03	1.0121E-01
1.4700000E+01	-6.8444E-03	9.4544E-02
1.4710000E+01	-6.3696E-03	8.9921E-02
1.4720000E+01	-5.7869E-03	8.7518E-02
1.4730000E+01	-5.1191E-03	8.7550E-02
1.4740000E+01	-4.4431E-03	8.9564E-02
1.4750000E+01	-3.5600E-03	9.4218E-02
1.4760000E+01	-2.8718E-03	1.0054E-01
1.4770000E+01	-2.0058E-03	1.0920E-01
1.4780000E+01	-1.2732E-03	1.1953E-01
1.4790000E+01	-4.2437E-04	1.3152E-01
1.4800000E+01	5.2414E-04	1.4519E-01
1.4810000E+01	1.3074E-03	1.6017E-01
1.4820000E+01	2.1640E-03	1.7650E-01
1.4830000E+01	2.8882E-03	1.9316E-01
1.4840000E+01	3.8242E-03	2.1080E-01
1.4850000E+01	4.6203E-03	2.2848E-01
1.4860000E+01	5.1570E-03	2.4614E-01
1.4870000E+01	5.6611E-03	2.6381E-01
1.4880000E+01	6.0343E-03	2.8077E-01
1.4890000E+01	6.4393E-03	2.9713E-01
1.4900000E+01	6.6546E-03	3.1211E-01
1.4910000E+01	6.6122E-03	3.2609E-01
1.4920000E+01	6.6175E-03	3.3842E-01
1.4930000E+01	6.4484E-03	3.4909E-01
1.4940000E+01	6.0654E-03	3.5774E-01
1.4950000E+01	5.7843E-03	3.6479E-01
1.4960000E+01	5.4336E-03	3.6943E-01
1.4970000E+01	4.6165E-03	3.7178E-01
1.4980000E+01	3.9991E-03	3.7209E-01
1.4990000E+01	3.2600E-03	3.7006E-01
1.5000000E+01	2.4775E-03	3.6576E-01
1.5010000E+01	1.6131E-03	3.5942E-01
1.5020000E+01	7.1017E-04	3.5107E-01
1.5030000E+01	-2.7670E-04	3.4041E-01
1.5040000E+01	-1.2292E-03	3.2812E-01
1.5050000E+01	-2.0442E-03	3.1409E-01
1.5060000E+01	-2.9953E-03	2.9876E-01
1.5070000E+01	-3.9850E-03	2.8210E-01
1.5080000E+01	-4.7098E-03	2.6444E-01
1.5090000E+01	-5.4796E-03	2.4614E-01
1.5100000E+01	-6.1896E-03	2.2743E-01
1.5110000E+01	-6.8245E-03	2.0851E-01
1.5120000E+01	-7.2774E-03	1.8950E-01
1.5130000E+01	-7.5922E-03	1.7121E-01
1.5140000E+01	-7.7994E-03	1.5314E-01
1.5150000E+01	-7.9735E-03	1.3616E-01
1.5160000E+01	-7.8783E-03	1.2019E-01
1.5170000E+01	-7.9518E-03	1.0583E-01
1.5180000E+01	-7.8404E-03	9.2869E-02
1.5190000E+01	-7.5596E-03	8.1884E-02
1.5200000E+01	-7.1930E-03	7.2543E-02
1.5210000E+01	-6.8149E-03	6.5568E-02
1.5220000E+01	-6.3562E-03	6.0543E-02
1.5230000E+01	-5.8173E-03	5.7888E-02
1.5240000E+01	-5.1705E-03	5.7565E-02
1.5250000E+01	-4.4561E-03	5.9223E-02
1.5260000E+01	-3.6854E-03	6.3195E-02
1.5270000E+01	-2.9664E-03	6.9223E-02
1.5280000E+01	-2.1296E-03	7.7552E-02
1.5290000E+01	-1.3611E-03	8.7533E-02
1.5300000E+01	-5.4141E-04	9.9526E-02
1.5310000E+01	2.4649E-04	1.1284E-01
1.5320000E+01	1.0692E-03	1.2751E-01
1.5330000E+01	1.8713E-03	1.4350E-01
1.5340000E+01	2.6484E-03	1.6017E-01
1.5350000E+01	3.3235E-03	1.7751E-01
1.5360000E+01	4.2395E-03	1.9548E-01
1.5370000E+01	4.8672E-03	2.1315E-01
1.5380000E+01	5.4338E-03	2.3079E-01
1.5390000E+01	5.9044E-03	2.4778E-01
1.5400000E+01	6.2882E-03	2.6411E-01
1.5410000E+01	6.3431E-03	2.7946E-01
1.5420000E+01	6.5959E-03	2.9378E-01
1.5430000E+01	6.5796E-03	3.0645E-01
1.5440000E+01	6.3536E-03	3.1742E-01
1.5450000E+01	6.1859E-03	3.2645E-01
1.5460000E+01	5.8164E-03	3.3375E-01
1.5470000E+01	5.3817E-03	3.3877E-01
1.5480000E+01	4.8115E-03	3.4172E-01
1.5490000E+01	4.0934E-03	3.4242E-01
1.5500000E+01	3.3151E-03	3.4076E-01
1.5510000E+01	2.6130E-03	3.3677E-01
1.5520000E+01	1.6564E-03	3.3077E-01
1.5530000E+01	7.8937E-04	3.2240E-01
1.5540000E+01	4.0072E-05	3.1244E-01
1.5550000E+01	-9.7146E-04	3.0044E-01
1.5560000E+01	-1.9585E-03	2.8677E-01
1.5570000E+01	-2.8069E-03	2.7144E-01
1.5580000E+01	-3.7199E-03	2.5510E-01
1.5590000E+01	-4.5058E-03	2.3781E-01
1.5600000E+01	-5.3001E-03	2.1947E-01
1.5610000E+01	-5.9771E-03	2.0081E-01
1.5620000E+01	-6.5394E-03	1.8183E-01
1.5630000E+01	-6.9844E-03	1.6284E-01
1.5640000E+01	-7.2735E-03	1.4418E-01
1.5650000E+01	-7.4838E-03	1.2619E-01
1.5660000E+01	-7.6561E-03	1.0921E-01
1.5670000E+01	-7.6991E-03	9.2846E-02
1.5680000E+01	-7.7287E-03	7.8221E-02
1.5690000E+01	-7.6570E-03	6.5209E-02
1.5700000E+01	-7.5168E-03	5.3560E-02
1.5710000E+01	-7.2614E-03	4.4240E-02
1.5720000E+01	-6.8538E-03	3.6581E-02
1.5730000E+01	-6.3467E-03	3.1238E-02
1.5740000E+01	-5.8495E-03	2.8234E-02
1.5750000E+01	-5.2985E-03	2.7235E-02
1.5760000E+01	-4.5252E-03	2.8584E-02
1.5770000E+01	-3.8516E-03	3.2211E-02
1.5780000E+01	-3.0901E-03	3.8227E-02
1.5790000E+01	-2.2367E-03	4.5913E-02
1.5800000E+01	-1.4440E-03	5.5532E-02
1.5810000E+01	-6.2105E-04	6.7180E-02
1.5820000E+01	1.0922E-04	8.0202E-02
1.5830000E+01	9.3445E-04	9.4868E-02
1.5840000E+01	1.6707E-03	1.1051E-01
1.5850000E+01	2.3670E-03	1.2718E-01
1.5860000E+01	3.1880E-03	1.4450E-01
1.5870000E+01	3.7966E-03	1.6217E-01
1.5880000E+01	4.4341E-03	1.8013E-01
1.5890000E+01	5.0437E-03	1.9783E-01
1.5900000E+01	5.5727E-03	2.1483E-01
1.5910000E+01	5.8581E-03	2.3150E-01
1.5920000E+01	6.1889E-03	2.4713E-01
1.5930000E+01	6.3524E-03	2.6147E-01
1.5940000E+01	6.3970E-03	2.7447E-01
1.5950000E+01	6.1987E-03	2.8545E-01
1.5960000E+01	6.0228E-03	2.9514E-01
1.5970000E+01	5.6314E-03	3.0247E-01
1.5980000E+01	5.3099E-03	3.0809E-01
1.5990000E+01	4.6026E-03	3.1144E-01
1.6000000E+01	4.0740E-03	3.1246E-01
1.6010000E+01	3.3915E-03	3.1111E-01
1.6020000E+01	2.6195E-03	3.0779E-01
1.6030000E+01	1.6767E-03	3.0212E-01
1.6040000E+01	8.4514E-04	2.9410E-01
1.6050000E+01	-4.5248E-05	2.8445E-01
1.6060000E+01	-1.0840E-03	2.7281E-01
1.6070000E+01	-1.9400E-03	2.5917E-01
1.6080000E+01	-2.7153E-03	2.4448E-01
1.6090000E+01	-3.5849E-03	2.2815E-01
1.6100000E+01	-4.4141E-03	2.1084E-01
1.6110000E+01	-5.1671E-03	1.9286E-01
1.6120000E+01	-5.7877E-03	1.7415E-01
1.6130000E+01	-6.3184E-03	1.5517E-01
1.6140000E+01	-6.6109E-03	1.3620E-01
1.6150000E+01	-6.9995E-03	1.1752E-01
1.6160000E+01	-7.3412E-03	9.9210E-02
1.6170000E+01	-7.5504E-03	8.1882E-02
1.6180000E+01	-7.5907E-03	6.5907E-02
1.6190000E+01	-7.6046E-03	5.0868E-02
1.6200000E+01	-7.5511E-03	3.7227E-02
1.6210000E+01	-7.4295E-03	2.5592E-02
1.6220000E+01	-7.2724E-03	1.5575E-02
1.6230000E+01	-6.8397E-03	7.9073E-03
1.6240000E+01	-6.3703E-03	2.2379E-03
1.6250000E+01	-5.9387E-03	-1.3993E-03
1.6260000E+01	-5.3586E-03	-2.7464E-03
1.6270000E+01	-4.6423E-03	-1.7619E-03
1.6280000E+01	-3.9228E-03	1.5879E-03
1.6290000E+01	-3.2254E-03	6.9609E-03
1.6300000E+01	-2.3474E-03	1.4261E-02
1.6310000E+01	-1.4578E-03	2.3942E-02
1.6320000E+01	-7.7896E-04	3.5231E-02
1.6330000E+01	-2.2367E-05	4.7945E-02
1.6340000E+01	8.5175E-04	6.2221E-02
1.6350000E+01	1.4720E-03	7.7882E-02
1.6360000E+01	2.2007E-03	9.4223E-02
1.6370000E+01	2.8325E-03	1.1153E-01
1.6380000E+01	3.4748E-03	1.2920E-01
1.6390000E+01	4.0879E-03	1.4685E-01
1.6400000E+01	4.6979E-03	1.6485E-01
1.6410000E+01	5.0575E-03	1.8188E-01
1.6420000E+01	5.5064E-03	1.9848E-01
1.6430000E+01	5.9274E-03	2.1444E-01
1.6440000E+01	6.0034E-03	2.2883E-01
1.6450000E+01	6.0993E-03	2.4215E-01
1.6460000E+01	5.9976E-03	2.5381E-01
1.6470000E+01	5.7859E-03	2.6347E-01
1.6480000E+01	5.5071E-03	2.7146E-01
1.6490000E+01	5.0570E-03	2.7713E-01
1.6500000E+01	4.5046E-03	2.8077E-01
1.6510000E+01	4.0153E-03	2.8242E-01
1.6520000E+01	3.2123E-03	2.8142E-01
1.6530000E+01	2.4261E-03	2.7843E-01
1.6540000E+01	1.7353E-03	2.7313E-01
1.6550000E+01	8.1918E-04	2.6580E-01
1.6560000E+01	-1.4752E-04	2.5611E-01
1.6570000E+01	-9.8144E-04	2.4481E-01
1.6580000E+01	-1.8155E-03	2.3183E-01
1.6590000E+01	-2.7808E-03	2.1712E-01
1.6600000E+01	-3.5657E-03	2.0116E-01
1.6610000E+01	-4.2222E-03	1.8384E-01
1.6620000E+01	-4.9628E-03	1.6585E-01
1.6630000E+01	-5.4174E-03	1.4718E-01
1.6640000E+01	-6.0756E-03	1.2852E-01
1.6650000E+01	-6.4012E-03	1.0953E-01
1.6660000E+01	-6.8320E-03	9.0525E-02
1.6670000E+01	-7.0764E-03	7.2535E-02
1.6680000E+01	-7.3639E-03	5.4892E-02
1.6690000E+01	-7.3935E-03	3.8567E-02
1.6700000E+01	-7.5632E-03	2.3233E-02
1.6710000E+01	-7.5834E-03	9.5707E-03
1.6720000E+01	-7.4635E-03	-2.4102E-03
1.6730000E+01	-7.2557E-03	-1.2766E-02
1.6740000E+01	-6.8688E-03	-2.0729E-02
1.6750000E+01	-6.5449E-03	-2.7068E-02
1.6760000E+01	-6.1010E-03	-3.1054E-02
1.6770000E+01	-5.4349E-03	-3.2714E-02
1.6780000E+01	-4.7492E-03	-3.2082E-02
1.6790000E+01	-4.0980E-03	-2.9033E-02
1.6800000E+01	-3.2362E-03	-2.4056E-02
1.6810000E+01	-2.4737E-03	-1.7090E-02
1.6820000E+01	-1.6986E-03	-8.0878E-03
1.6830000E+01	-8.7094E-04	2.9130E-03
1.6840000E+01	-8.8604E-05	1.5588E-02
1.6850000E+01	7.8606E-04	2.9560E-02
1.6860000E+01	1.4769E-03	4.4902E-02
1.6870000E+01	2.2165E-03	6.1568E-02
1.6880000E+01	2.8460E-03	7.8553E-02
1.6890000E+01	3.4089E-03	9.6203E-02
1.6900000E+01	3.9780E-03	1.1386E-01
1.6910000E+01	4.5232E-03	1.3153E-01
1.6920000E+01	4.9434E-03	1.4885E-01
1.6930000E+01	5.2930E-03	1.6584E-01
1.6940000E+01	5.5994E-03	1.8185E-01
1.6950000E+01	5.7022E-03	1.9651E-01
1.6960000E+01	5.8379E-03	2.0982E-01
1.6970000E+01	5.8573E-03	2.2183E-01
1.6980000E+01	5.7995E-03	2.3212E-01
1.6990000E+01	5.4430E-03	2.4013E-01
1.7000000E+01	5.0599E-03	2.4648E-01
1.7010000E+01	4.6647E-03	2.5045E-01
1.7020000E+01	3.8964E-03	2.5215E-01
1.7030000E+01	3.2358E-03	2.5180E-01
1.7040000E+01	2.5731E-03	2.4914E-01
1.7050000E+01	1.6425E-03	2.4412E-01
1.7060000E+01	8.8507E-04	2.3712E-01
1.7070000E+01	-2.3899E-05	2.2813E-01
1.7080000E+01	-8.6829E-04	2.1714E-01
1.7090000E+01	-1.6514E-03	2.0414E-01
1.7100000E+01	-2.5042E-03	1.8981E-01
1.7110000E+01	-3.2495E-03	1.7383E-01
1.7120000E+01	-3.9761E-03	1.5688E-01
1.7130000E+01	-4.5180E-03	1.3918E-01
1.7140000E+01	-5.1733E-03	1.2053E-01
1.7150000E+01	-5.6962E-03	1.0185E-01
1.7160000E+01	-6.0554E-03	8.2884E-02
1.7170000E+01	-6.4543E-03	6.3888E-02
1.7180000E+01	-6.9195E-03	4.5548E-02
1.7190000E+01	-7.1539E-03	2.7899E-02
1.7200000E+01	-7.4147E-03	1.1255E-02
1.7210000E+01	-7.4916E-03	-4.0970E-03
1.7220000E+01	-7.5415E-03	-1.8029E-02
1.7230000E+01	-7.4975E-03	-3.0379E-02
1.7240000E+01	-7.3289E-03	-4.1053E-02
1.7250000E+01	-7.0157E-03	-4.9735E-02
1.7260000E+01	-6.5792E-03	-5.6050E-02
1.7270000E+01	-6.1795E-03	-6.0366E-02
1.7280000E+01	-5.6132E-03	-6.2366E-02
1.7290000E+01	-5.0101E-03	-6.2404E-02
1.7300000E+01	-4.2102E-03	-5.9694E-02
1.7310000E+01	-3.4104E-03	-5.5069E-02
1.7320000E+01	-2.6020E-03	-4.8393E-02
1.7330000E+01	-1.7800E-03	-3.9734E-02
1.7340000E+01	-9.6994E-04	-2.9034E-02
1.7350000E+01	-1.4528E-04	-1.6732E-02
1.7360000E+01	5.7467E-04	-2.7647E-03
1.7370000E+01	1.4332E-03	1.2262E-02
1.7380000E+01	2.1432E-03	2.8568E-02
1.7390000E+01	2.7825E-03	4.5586E-02
1.7400000E+01	3.4563E-03	6.2868E-02
1.7410000E+01	3.9859E-03	8.0881E-02
1.7420000E+01	4.3461E-03	9.8556E-02
1.7430000E+01	4.6911E-03	1.1589E-01
1.7440000E+01	5.1245E-03	1.3287E-01
1.7450000E+01	5.2779E-03	1.4918E-01
1.7460000E+01	5.4932E-03	1.6418E-01
1.7470000E+01	5.6043E-03	1.7784E-01
1.7480000E+01	5.7138E-03	1.8980E-01
1.7490000E+01	5.5029E-03	2.0048E-01
1.7500000E+01	5.1973E-03	2.0883E-01
1.7510000E+01	4.8496E-03	2.1552E-01
1.7520000E+01	4.5074E-03	2.1982E-01
1.7530000E+01	3.9052E-03	2.2216E-01
1.7540000E+01	3.2396E-03	2.2217E-01
1.7550000E+01	2.4453E-03	2.1983E-01
1.7560000E+01	1.6807E-03	2.1517E-01
1.7570000E+01	8.5786E-04	2.0852E-01
1.7580000E+01	6.7272E-05	1.9982E-01
1.7590000E+01	-6.4944E-04	1.8914E-01
1.7600000E+01	-1.4152E-03	1.7652E-01
1.7610000E+01	-2.2926E-03	1.6252E-01
1.7620000E+01	-2.9786E-03	1.4683E-01
1.7630000E+01	-3.7056E-03	1.3018E-01
1.7640000E+01	-4.3792E-03	1.1218E-01
1.7650000E+01	-4.9226E-03	9.3874E-02
1.7660000E+01	-5.5001E-03	7.5244E-02
1.7670000E+01	-5.9219E-03	5.6219E-02
1.7680000E+01	-6.4435E-03	3.7241E-02
1.7690000E+01	-6.8133E-03	1.8926E-02
1.7700000E+01	-7.1723E-03	9.1746E-04
1.7710000E+01	-7.4115E-03	-1.5756E-02
1.7720000E+01	-7.4991E-03	-3.1407E-02
1.7730000E+01	-7.6087E-03	-4.5730E-02
1.7740000E+01	-7.5354E-03	-5.8378E-02
1.7750000E+01	-7.4222E-03	-6.9380E-02
1.7760000E+01	-7.1839E-03	-7.8361E-02
1.7770000E+01	-6.7847E-03	-8.5052E-02
1.7780000E+01	-6.3544E-03	-8.9725E-02
1.7790000E+01	-5.8138E-03	-9.2321E-02
1.7800000E+01	-5.2795E-03	-9.2359E-02
1.7810000E+01	-4.4230E-03	-9.0392E-02
1.7820000E+01	-3.6754E-03	-8.6054E-02
1.7830000E+01	-2.7680E-03	-7.9705E-02
1.7840000E+01	-2.1134E-03	-7.1386E-02
1.7850000E+01	-1.1621E-03	-6.1068E-02
1.7860000E+01	-3.8739E-04	-4.9037E-02
1.7870000E+01	5.3394E-04	-3.5404E-02
1.7880000E+01	1.2817E-03	-2.0394E-02
1.7890000E+01	1.9208E-03	-4.4390E-03
1.7900000E+01	2.6594E-03	1.2577E-02
1.7910000E+01	3.4195E-03	2.9932E-02
1.7920000E+01	3.8272E-03	4.7585E-02
1.7930000E+01	4.4304E-03	6.5553E-02
1.7940000E+01	4.6154E-03	8.2859E-02
1.7950000E+01	5.0312E-03	1.0023E-01
1.7960000E+01	5.2243E-03	1.1622E-01
1.7970000E+01	5.3457E-03	1.3153E-01
1.7980000E+01	5.4431E-03	1.4549E-01
1.7990000E+01	5.4159E-03	1.5787E-01
1.8000000E+01	5.3223E-03	1.6883E-01
1.8010000E+01	5.0025E-03	1.7751E-01
1.8020000E+01	4.7203E-03	1.8451E-01
1.8030000E+01	4.3117E-03	1.8917E-01
1.8040000E+01	3.8024E-03	1.9184E-01
1.8050000E+01	3.1608E-03	1.9217E-01
1.8060000E+01	2.5055E-03	1.9052E-01
1.8070000E+01	1.7268E-03	1.8618E-01
1.8080000E+01	9.8149E-04	1.7983E-01
1.8090000E+01	2.2795E-04	1.7150E-01
1.8100000E+01	-5.5323E-04	1.6118E-01
1.8110000E+01	-1.2433E-03	1.4883E-01
1.8120000E+01	-2.0649E-03	1.3485E-01
1.8130000E+01	-2.8234E-03	1.1949E-01
1.8140000E+01	-3.5344E-03	1.0318E-01
1.8150000E+01	-4.1586E-03	8.5526E-02
1.8160000E+01	-4.7290E-03	6.7206E-02
1.8170000E+01	-5.3420E-03	4.8558E-02
1.8180000E+01	-5.8810E-03	2.9593E-02
1.8190000E+01	-6.3452E-03	1.0558E-02
1.8200000E+01	-6.8319E-03	-8.0575E-03
1.8210000E+01	-7.1199E-03	-2.6086E-02
1.8220000E+01	-7.4743E-03	-4.3050E-02
1.8230000E+01	-7.5952E-03	-5.8745E-02
1.8240000E+01	-7.7150E-03	-7.3373E-02
1.8250000E+01	-7.6582E-03	-8.6384E-02
1.8260000E+01	-7.6123E-03	-9.7367E-02
1.8270000E+01	-7.3150E-03	-1.0669E-01
1.8280000E+01	-7.0119E-03	-1.1401E-01
1.8290000E+01	-6.4829E-03	-1.1903E-01
1.8300000E+01	-6.0659E-03	-1.2202E-01
1.8310000E+01	-5.4130E-03	-1.2268E-01
1.8320000E+01	-4.7270E-03	-1.2102E-01
1.8330000E+01	-3.8096E-03	-1.1702E-01
1.8340000E+01	-3.0050E-03	-1.1104E-01
1.8350000E+01	-2.2779E-03	-1.0304E-01
1.8360000E+01	-1.4369E-03	-9.3046E-02
1.8370000E+01	-4.8789E-04	-8.1062E-02
1.8380000E+01	3.8848E-04	-6.7762E-02
1.8390000E+01	1.1242E-03	-5.3073E-02
1.8400000E+01	1.8621E-03	-3.7454E-02
1.8410000E+01	2.6121E-03	-2.0412E-02
1.8420000E+01	3.2706E-03	-3.0892E-03
1.8430000E+01	3.9036E-03	1.4588E-02
1.8440000E+01	4.2899E-03	3.2236E-02
1.8450000E+01	4.7577E-03	4.9885E-02
1.8460000E+01	5.1082E-03	6.7199E-02
1.8470000E+01	5.3263E-03	8.3552E-02
1.8480000E+01	5.4247E-03	9.8884E-02
1.8490000E+01	5.4931E-03	1.1320E-01
1.8500000E+01	5.4271E-03	1.2588E-01
1.8510000E+01	5.2771E-03	1.3688E-01
1.8520000E+01	5.0063E-03	1.4617E-01
1.8530000E+01	4.7361E-03	1.5351E-01
1.8540000E+01	4.3326E-03	1.5851E-01
1.8550000E+01	3.7778E-03	1.6153E-01
1.8560000E+01	3.1791E-03	1.6249E-01
1.8570000E+01	2.6322E-03	1.6086E-01
1.8580000E+01	1.9044E-03	1.5718E-01
1.8590000E+01	1.1691E-03	1.5118E-01
1.8600000E+01	3.6653E-04	1.4318E-01
1.8610000E+01	-3.3269E-04	1.3321E-01
1.8620000E+01	-1.1552E-03	1.2120E-01
1.8630000E+01	-1.8411E-03	1.0750E-01
1.8640000E+01	-2.5856E-03	9.2520E-02
1.8650000E+01	-3.2133E-03	7.6187E-02
1.8660000E+01	-4.0373E-03	5.8523E-02
1.8670000E+01	-4.5232E-03	4.0593E-02
1.8680000E+01	-5.2838E-03	2.1569E-02
1.8690000E+01	-5.7692E-03	2.9016E-03
1.8700000E+01	-6.3671E-03	-1.6083E-02
1.8710000E+01	-6.8183E-03	-3.4728E-02
1.8720000E+01	-7.2485E-03	-5.2733E-02
1.8730000E+01	-7.5345E-03	-7.0047E-02
1.8740000E+01	-7.6861E-03	-8.6047E-02
1.8750000E+01	-7.9372E-03	-1.0102E-01
1.8760000E+01	-7.8557E-03	-1.1405E-01
1.8770000E+01	-7.7616E-03	-1.2565E-01
1.8780000E+01	-7.6008E-03	-1.3534E-01
1.8790000E+01	-7.1950E-03	-1.4298E-01
1.8800000E+01	-6.8257E-03	-1.4835E-01
1.8810000E+01	-6.1782E-03	-1.5165E-01
1.8820000E+01	-5.5960E-03	-1.5268E-01
1.8830000E+01	-4.7752E-03	-1.5134E-01
1.8840000E+01	-4.1197E-03	-1.4766E-01
1.8850000E+01	-3.1642E-03	-1.4202E-01
1.8860000E+01	-2.4495E-03	-1.3436E-01
1.8870000E+01	-1.4699E-03	-1.2468E-01
1.8880000E+01	-7.2332E-04	-1.1335E-01
1.8890000E+01	2.7781E-04	-1.0040E-01
1.8900000E+01	1.0267E-03	-8.5717E-02
1.8910000E+01	1.8448E-03	-7.0084E-02
1.8920000E+01	2.5633E-03	-5.3409E-02
1.8930000E+01	3.3142E-03	-3.6045E-02
1.8940000E+01	3.9269E-03	-1.8423E-02
1.8950000E+01	4.4599E-03	-8.0078E-04
1.8960000E+01	4.8075E-03	1.6921E-02
1.8970000E+01	5.2550E-03	3.4227E-02
1.8980000E+01	5.3914E-03	5.0891E-02
1.8990000E+01	5.5083E-03	6.6202E-02
1.9000000E+01	5.6125E-03	8.0881E-02
1.9010000E+01	5.5959E-03	9.3873E-02
1.9020000E+01	5.3213E-03	1.0524E-01
1.9030000E+01	5.1357E-03	1.1484E-01
1.9040000E+01	4.6665E-03	1.2219E-01
1.9050000E+01	4.3844E-03	1.2784E-01
1.9060000E+01	3.8483E-03	1.3118E-01
1.9070000E+01	3.3465E-03	1.3255E-01
1.9080000E+01	2.5909E-03	1.3120E-01
1.9090000E+01	2.1211E-03	1.2785E-01
1.9100000E+01	1.4260E-03	1.2253E-01
1.9110000E+01	6.3523E-04	1.1484E-01
1.9120000E+01	-2.9928E-04	1.0485E-01
1.9130000E+01	-9.1275E-04	9.3552E-02
1.9140000E+01	-1.6340E-03	8.0202E-02
1.9150000E+01	-2.4564E-03	6.5211E-02
1.9160000E+01	-3.1729E-03	4.8936E-02
1.9170000E+01	-3.8476E-03	3.1911E-02
1.9180000E+01	-4.5907E-03	1.3563E-02
1.9190000E+01	-5.2543E-03	-5.1029E-03
1.9200000E+01	-5.8225E-03	-2.3741E-02
1.9210000E+01	-6.2754E-03	-4.2736E-02
1.9220000E+01	-6.8574E-03	-6.1400E-02
1.9230000E+01	-7.1910E-03	-7.9723E-02
1.9240000E+01	-7.5596E-03	-9.7023E-02
1.9250000E+01	-7.8321E-03	-1.1336E-01
1.9260000E+01	-7.9962E-03	-1.2834E-01
1.9270000E+01	-8.0744E-03	-1.4198E-01
1.9280000E+01	-7.8650E-03	-1.5362E-01
1.9290000E+01	-7.7247E-03	-1.6363E-01
1.9300000E+01	-7.4790E-03	-1.7165E-01
1.9310000E+01	-7.0618E-03	-1.7764E-01
1.9320000E+01	-6.5177E-03	-1.8131E-01
1.9330000E+01	-5.8472E-03	-1.8266E-01
1.9340000E+01	-5.1978E-03	-1.8167E-01
1.9350000E+01	-4.3801E-03	-1.7865E-01
1.9360000E+01	-3.4796E-03	-1.7334E-01
1.9370000E+01	-2.6570E-03	-1.6601E-01
1.9380000E+01	-1.8010E-03	-1.5667E-01
1.9390000E+01	-8.2135E-04	-1.4533E-01
1.9400000E+01	3.2365E-05	-1.3267E-01
1.9410000E+01	8.9257E-04	-1.1837E-01
1.9420000E+01	1.6078E-03	-1.0304E-01
1.9430000E+01	2.4428E-03	-8.6382E-02
1.9440000E+01	3.0818E-03	-6.9392E-02
1.9450000E+01	3.7634E-03	-5.1736E-02
1.9460000E+01	4.2800E-03	-3.3759E-02
1.9470000E+01	4.8198E-03	-1.6074E-02
1.9480000E+01	5.2025E-03	1.2276E-03
1.9490000E+01	5.3521E-03	1.7873E-02
1.9500000E+01	5.5369E-03	3.3567E-02
1.9510000E+01	5.5933E-03	4.8234E-02
1.9520000E+01	5.6151E-03	6.1561E-02
1.9530000E+01	5.4379E-03	7.3231E-02
1.9540000E+01	5.2086E-03	8.3207E-02
1.9550000E+01	4.9078E-03	9.1216E-02
1.9560000E+01	4.4748E-03	9.7235E-02
1.9570000E+01	3.9918E-03	1.0086E-01
1.9580000E+01	3.4619E-03	1.0251E-01
1.9590000E+01	2.7672E-03	1.0156E-01
1.9600000E+01	2.1933E-03	9.8862E-02
1.9610000E+01	1.4602E-03	9.3531E-02
1.9620000E+01	6.4562E-04	8.6222E-02
1.9630000E+01	-1.4499E-04	7.6864E-02
1.9640000E+01	-8.5124E-04	6.5551E-02
1.9650000E+01	-1.6343E-03	5.2574E-02
1.9660000E+01	-2.3791E-03	3.7912E-02
1.9670000E+01	-3.1197E-03	2.1895E-02
1.9680000E+01	-3.8047E-03	4.9321E-03
1.9690000E+01	-4.5031E-03	-1.3088E-02
1.9700000E+01	-5.2341E-03	-3.1697E-02
1.9710000E+01	-5.7432E-03	-5.0396E-02
1.9720000E+01	-6.3721E-03	-6.9384E-02
1.9730000E+01	-6.8406E-03	-8.8333E-02
1.9740000E+01	-7.3388E-03	-1.0669E-01
1.9750000E+01	-7.6197E-03	-1.2400E-01
1.9760000E+01	-7.9152E-03	-1.4067E-01
1.9770000E+01	-8.1531E-03	-1.5599E-01
1.9780000E+01	-8.3206E-03	-1.6964E-01
1.9790000E+01	-8.1747E-03	-1.8161E-01
1.9800000E+01	-8.0664E-03	-1.9200E-01
1.9810000E+01	-7.7939E-03	-2.0031E-01
1.9820000E+01	-7.4371E-03	-2.0667E-01
1.9830000E+01	-6.9042E-03	-2.1061E-01
1.9840000E+01	-6.2347E-03	-2.1236E-01
1.9850000E+01	-5.4320E-03	-2.1196E-01
1.9860000E+01	-4.7505E-03	-2.0931E-01
1.9870000E+01	-3.7813E-03	-2.0433E-01
1.9880000E+01	-2.9061E-03	-1.9734E-01
1.9890000E+01	-2.0748E-03	-1.8836E-01
1.9900000E+01	-1.1650E-03	-1.7733E-01
1.9910000E+01	-2.1654E-04	-1.6502E-01
1.9920000E+01	5.8358E-04	-1.5102E-01
1.9930000E+01	1.4853E-03	-1.3576E-01
1.9940000E+01	2.1928E-03	-1.1935E-01
1.9950000E+01	2.8939E-03	-1.0242E-01
1.9960000E+01	3.6102E-03	-8.4767E-02
1.9970000E+01	4.1915E-03	-6.7073E-02
1.9980000E+01	4.7044E-03	-4.9103E-02
1.9990000E+01	5.0914E-03	-3.1742E-02
2.0000000E+01	5.4733E-03	-1.5090E-02
2.0010000E+01	5.6222E-03	8.7161E-04
2.0020000E+01	5.7872E-03	1.5882E-02
2.0030000E+01	5.7523E-03	2.9550E-02
2.0040000E+01	5.5791E-03	4.1231E-02
2.0050000E+01	5.2723E-03	5.1587E-02
2.0060000E+01	5.0038E-03	5.9889E-02
2.0070000E+01	4.7366E-03	6.6222E-02
2.0080000E+01	4.1915E-03	7.0201E-02
2.0090000E+01	3.6593E-03	7.2209E-02
2.0100000E+01	2.9226E-03	7.1887E-02
2.0110000E+01	2.3603E-03	6.9538E-02
2.0120000E+01	1.6113E-03	6.4534E-02
2.0130000E+01	8.0246E-04	5.7555E-02
2.0140000E+01	5.3040E-05	4.8550E-02
2.0150000E+01	-6.8125E-04	3.7550E-02
2.0160000E+01	-1.4458E-03	2.4893E-02
2.0170000E+01	-2.3086E-03	1.0530E-02
2.0180000E+01	-2.9747E-03	-5.0675E-03
2.0190000E+01	-3.7331E-03	-2.2043E-02
2.0200000E+01	-4.4790E-03	-3.9731E-02
2.0210000E+01	-5.1233E-03	-5.8366E-02
2.0220000E+01	-5.7795E-03	-7.7027E-02
2.0230000E+01	-6.3631E-03	-9.6025E-02
2.0240000E+01	-6.9017E-03	-1.1503E-01
2.0250000E+01	-7.2898E-03	-1.3332E-01
2.0260000E+01	-7.7759E-03	-1.5100E-01
2.0270000E+01	-8.0029E-03	-1.6763E-01
2.0280000E+01	-8.3827E-03	-1.8329E-01
2.0290000E+01	-8.4394E-03	-1.9734E-01
2.0300000E+01	-8.2651E-03	-2.0963E-01
2.0310000E+01	-8.2417E-03	-2.2030E-01
2.0320000E+01	-8.0543E-03	-2.2896E-01
2.0330000E+01	-7.6976E-03	-2.3566E-01
2.0340000E+01	-7.1269E-03	-2.3994E-01
2.0350000E+01	-6.5007E-03	-2.4228E-01
2.0360000E+01	-5.7959E-03	-2.4229E-01
2.0370000E+01	-4.9626E-03	-2.3998E-01
2.0380000E+01	-4.0303E-03	-2.3531E-01
2.0390000E+01	-3.1602E-03	-2.2865E-01
2.0400000E+01	-2.2531E-03	-2.2000E-01
2.0410000E+01	-1.3346E-03	-2.0962E-01
2.0420000E+01	-2.9931E-04	-1.9731E-01
2.0430000E+01	5.9098E-04	-1.8332E-01
2.0440000E+01	1.3986E-03	-1.6837E-01
2.0450000E+01	2.1596E-03	-1.5238E-01
2.0460000E+01	2.9067E-03	-1.3539E-01
2.0470000E+01	3.5486E-03	-1.1772E-01
2.0480000E+01	4.1827E-03	-1.0007E-01
