time /s	I /mA	E /V
1.0000000E-02	-8.1662E-03	-9.9976E-02
2.0000000E-02	-2.1271E-03	-4.5387E-02
3.0000000E-02	1.1116E-03	1.9130E-03
4.0000000E-02	2.5048E-03	3.5568E-02
5.0000000E-02	2.3804E-03	5.1578E-02
6.0000000E-02	1.0066E-03	4.7260E-02
7.0000000E-02	-1.2833E-03	2.3963E-02
8.0000000E-02	-4.1022E-03	-1.5676E-02
9.0000000E-02	-7.1459E-03	-6.6303E-02
1.0000000E-01	-9.9900E-03	-1.2066E-01
1.1000000E-01	-1.2115E-02	-1.7127E-01
1.2000000E-01	-1.3179E-02	-2.1193E-01
1.3000000E-01	-1.2773E-02	-2.3661E-01
1.4000000E-01	-1.0932E-02	-2.4195E-01
1.5000000E-01	-7.9379E-03	-2.2729E-01
1.6000000E-01	-4.3419E-03	-1.9432E-01
1.7000000E-01	-5.7742E-04	-1.4765E-01
1.8000000E-01	2.8559E-03	-9.3388E-02
1.9000000E-01	5.5585E-03	-3.8407E-02
2.0000000E-01	7.2109E-03	9.5719E-03
2.1000000E-01	7.6676E-03	4.4202E-02
2.2000000E-01	6.8249E-03	6.1231E-02
2.3000000E-01	4.8853E-03	5.8218E-02
2.4000000E-01	2.0616E-03	3.5578E-02
2.5000000E-01	-1.1506E-03	-3.0076E-03
2.6000000E-01	-4.4543E-03	-5.3028E-02
2.7000000E-01	-7.4128E-03	-1.0735E-01
2.8000000E-01	-9.5819E-03	-1.5866E-01
2.9000000E-01	-1.0670E-02	-1.9994E-01
3.0000000E-01	-1.0516E-02	-2.2559E-01
3.1000000E-01	-8.9875E-03	-2.3227E-01
3.2000000E-01	-6.3303E-03	-2.1862E-01
3.3000000E-01	-3.0206E-03	-1.8668E-01
3.4000000E-01	5.1009E-04	-1.4073E-01
3.5000000E-01	3.7736E-03	-8.6718E-02
3.6000000E-01	6.4333E-03	-3.1707E-02
3.7000000E-01	8.1205E-03	1.6905E-02
3.8000000E-01	8.5826E-03	5.2548E-02
3.9000000E-01	7.7812E-03	7.0531E-02
4.0000000E-01	5.8542E-03	6.8915E-02
4.1000000E-01	3.0586E-03	4.7592E-02
4.2000000E-01	-2.4623E-04	9.2777E-03
4.3000000E-01	-3.5465E-03	-4.0015E-02
4.4000000E-01	-6.5191E-03	-9.4310E-02
4.5000000E-01	-8.7677E-03	-1.4594E-01
4.6000000E-01	-9.8900E-03	-1.8794E-01
4.7000000E-01	-9.7808E-03	-2.1462E-01
4.8000000E-01	-8.3731E-03	-2.2230E-01
4.9000000E-01	-5.8648E-03	-2.0996E-01
5.0000000E-01	-2.6316E-03	-1.7899E-01
5.1000000E-01	8.0133E-04	-1.3368E-01
5.2000000E-01	4.0769E-03	-7.9702E-02
5.3000000E-01	6.7290E-03	-2.4749E-02
5.4000000E-01	8.4099E-03	2.4209E-02
5.5000000E-01	8.9880E-03	6.0866E-02
5.6000000E-01	8.2817E-03	8.0182E-02
5.7000000E-01	6.3522E-03	7.9521E-02
5.8000000E-01	3.5709E-03	5.9231E-02
5.9000000E-01	3.0248E-04	2.1938E-02
6.0000000E-01	-3.0152E-03	-2.6985E-02
6.1000000E-01	-6.0024E-03	-8.0996E-02
6.2000000E-01	-8.2834E-03	-1.3297E-01
6.3000000E-01	-9.4836E-03	-1.7596E-01
6.4000000E-01	-9.4578E-03	-2.0361E-01
6.5000000E-01	-8.1119E-03	-2.1229E-01
6.6000000E-01	-5.6755E-03	-2.0128E-01
6.7000000E-01	-2.5257E-03	-1.7130E-01
6.8000000E-01	8.6943E-04	-1.2671E-01
6.9000000E-01	4.1099E-03	-7.3032E-02
7.0000000E-01	6.8006E-03	-1.7747E-02
7.1000000E-01	8.5834E-03	3.1906E-02
7.2000000E-01	9.1613E-03	6.9223E-02
7.3000000E-01	8.5180E-03	8.9542E-02
7.4000000E-01	6.7151E-03	9.0187E-02
7.5000000E-01	3.9392E-03	7.0890E-02
7.6000000E-01	7.0424E-04	3.4570E-02
7.7000000E-01	-2.6581E-03	-1.4046E-02
7.8000000E-01	-5.6661E-03	-6.7992E-02
7.9000000E-01	-7.9558E-03	-1.2028E-01
8.0000000E-01	-9.1785E-03	-1.6363E-01
8.1000000E-01	-9.2446E-03	-1.9233E-01
8.2000000E-01	-7.9769E-03	-2.0265E-01
8.3000000E-01	-5.6309E-03	-1.9234E-01
8.4000000E-01	-2.5223E-03	-1.6330E-01
8.5000000E-01	8.4216E-04	-1.1934E-01
8.6000000E-01	4.0643E-03	-6.6381E-02
8.7000000E-01	6.7542E-03	-1.1075E-02
8.8000000E-01	8.6200E-03	3.9200E-02
8.9000000E-01	9.3199E-03	7.7532E-02
9.0000000E-01	8.6983E-03	9.8861E-02
9.1000000E-01	6.9399E-03	1.0052E-01
9.2000000E-01	4.2507E-03	8.2546E-02
9.3000000E-01	1.0057E-03	4.6950E-02
9.4000000E-01	-2.2902E-03	-7.0316E-04
9.5000000E-01	-5.3386E-03	-5.4677E-02
9.6000000E-01	-7.6977E-03	-1.0729E-01
9.7000000E-01	-9.0045E-03	-1.5162E-01
9.8000000E-01	-9.1241E-03	-1.8126E-01
9.9000000E-01	-7.9631E-03	-1.9227E-01
1.0000000E+00	-5.6707E-03	-1.8366E-01
1.0100000E+00	-2.6484E-03	-1.5565E-01
1.0200000E+00	7.5493E-04	-1.1235E-01
1.0300000E+00	4.0057E-03	-5.9388E-02
1.0400000E+00	6.7247E-03	-4.1056E-03
1.0500000E+00	8.6158E-03	4.6549E-02
1.0600000E+00	9.3667E-03	8.5545E-02
1.0700000E+00	8.8870E-03	1.0817E-01
1.0800000E+00	7.1963E-03	1.1119E-01
1.0900000E+00	4.5116E-03	9.4234E-02
1.1000000E+00	1.3294E-03	5.9593E-02
1.1100000E+00	-2.0291E-03	1.2281E-02
1.1200000E+00	-5.0475E-03	-4.1652E-02
1.1300000E+00	-7.5096E-03	-9.4637E-02
1.1400000E+00	-8.8576E-03	-1.3929E-01
1.1500000E+00	-9.0309E-03	-1.6994E-01
1.1600000E+00	-7.9330E-03	-1.8229E-01
1.1700000E+00	-5.7490E-03	-1.7461E-01
1.1800000E+00	-2.7063E-03	-1.4764E-01
1.1900000E+00	6.0737E-04	-1.0535E-01
1.2000000E+00	3.8567E-03	-5.2760E-02
1.2100000E+00	6.6416E-03	2.5643E-03
1.2200000E+00	8.5903E-03	5.3888E-02
1.2300000E+00	9.3905E-03	9.3855E-02
1.2400000E+00	9.0033E-03	1.1752E-01
1.2500000E+00	7.3357E-03	1.2152E-01
1.2600000E+00	4.7202E-03	1.0554E-01
1.2700000E+00	1.5813E-03	7.1947E-02
1.2800000E+00	-1.7547E-03	2.5293E-02
1.2900000E+00	-4.8516E-03	-2.8321E-02
1.3000000E+00	-7.3342E-03	-8.1647E-02
1.3100000E+00	-8.7517E-03	-1.2695E-01
1.3200000E+00	-8.9913E-03	-1.5862E-01
1.3300000E+00	-7.9744E-03	-1.7228E-01
1.3400000E+00	-5.8150E-03	-1.6564E-01
1.3500000E+00	-2.7762E-03	-1.3965E-01
1.3600000E+00	5.3390E-04	-9.7992E-02
1.3700000E+00	3.7099E-03	-4.6042E-02
1.3800000E+00	6.5122E-03	9.5455E-03
1.3900000E+00	8.5412E-03	6.1215E-02
1.4000000E+00	9.4214E-03	1.0185E-01
1.4100000E+00	9.0972E-03	1.2650E-01
1.4200000E+00	7.5207E-03	1.3185E-01
1.4300000E+00	4.9449E-03	1.1686E-01
1.4400000E+00	1.7975E-03	8.4231E-02
1.4500000E+00	-1.4884E-03	3.8275E-02
1.4600000E+00	-4.6118E-03	-1.5355E-02
1.4700000E+00	-7.1045E-03	-6.8664E-02
1.4800000E+00	-8.6180E-03	-1.1461E-01
1.4900000E+00	-8.9373E-03	-1.4730E-01
1.5000000E+00	-8.0370E-03	-1.6194E-01
1.5100000E+00	-5.9069E-03	-1.5662E-01
1.5200000E+00	-2.9904E-03	-1.3165E-01
1.5300000E+00	3.0877E-04	-9.0702E-02
1.5400000E+00	3.5691E-03	-3.9073E-02
1.5500000E+00	6.4247E-03	1.6213E-02
1.5600000E+00	8.4228E-03	6.8222E-02
1.5700000E+00	9.3865E-03	1.0984E-01
1.5800000E+00	9.1406E-03	1.3550E-01
1.5900000E+00	7.6761E-03	1.4218E-01
1.6000000E+00	5.1863E-03	1.2854E-01
1.6100000E+00	2.0084E-03	9.6559E-02
1.6200000E+00	-1.2573E-03	5.1296E-02
1.6300000E+00	-4.4158E-03	-2.0091E-03
1.6400000E+00	-6.9386E-03	-5.5657E-02
1.6500000E+00	-8.5424E-03	-1.0228E-01
1.6600000E+00	-8.8982E-03	-1.3594E-01
1.6700000E+00	-8.0412E-03	-1.5162E-01
1.6800000E+00	-6.0140E-03	-1.4730E-01
1.6900000E+00	-3.1500E-03	-1.2366E-01
1.7000000E+00	1.1680E-04	-8.3692E-02
1.7100000E+00	3.4130E-03	-3.2420E-02
1.7200000E+00	6.2924E-03	2.3246E-02
1.7300000E+00	8.3619E-03	7.5517E-02
1.7400000E+00	9.4046E-03	1.1784E-01
1.7500000E+00	9.2343E-03	1.4451E-01
1.7600000E+00	7.8241E-03	1.5218E-01
1.7700000E+00	5.3237E-03	1.3986E-01
1.7800000E+00	2.2528E-03	1.0889E-01
1.7900000E+00	-1.0292E-03	6.3937E-02
1.8000000E+00	-4.1779E-03	1.0973E-02
1.8100000E+00	-6.7376E-03	-4.2676E-02
1.8200000E+00	-8.3751E-03	-8.9931E-02
1.8300000E+00	-8.8572E-03	-1.2428E-01
1.8400000E+00	-8.0762E-03	-1.4130E-01
1.8500000E+00	-6.0858E-03	-1.3834E-01
1.8600000E+00	-3.2692E-03	-1.1568E-01
1.8700000E+00	3.6858E-06	-7.6379E-02
1.8800000E+00	3.3288E-03	-2.5423E-02
1.8900000E+00	6.1823E-03	2.9889E-02
1.9000000E+00	8.2963E-03	8.2539E-02
1.9100000E+00	9.4238E-03	1.2584E-01
1.9200000E+00	9.3352E-03	1.5348E-01
1.9300000E+00	7.9873E-03	1.6217E-01
1.9400000E+00	5.5412E-03	1.5087E-01
1.9500000E+00	2.4757E-03	1.2120E-01
1.9600000E+00	-7.9349E-04	7.6930E-02
1.9700000E+00	-3.9584E-03	2.4311E-02
1.9800000E+00	-6.5904E-03	-2.9671E-02
1.9900000E+00	-8.2939E-03	-7.7629E-02
2.0000000E+00	-8.8067E-03	-1.1296E-01
2.0100000E+00	-8.0425E-03	-1.3063E-01
2.0200000E+00	-6.1776E-03	-1.2895E-01
2.0300000E+00	-3.4030E-03	-1.0735E-01
2.0400000E+00	-1.3710E-04	-6.9029E-02
2.0500000E+00	3.1513E-03	-1.8747E-02
2.0600000E+00	6.0817E-03	3.6538E-02
2.0700000E+00	8.2624E-03	8.9843E-02
2.0800000E+00	9.3860E-03	1.3352E-01
2.0900000E+00	9.4172E-03	1.6250E-01
2.1000000E+00	8.1519E-03	1.7250E-01
2.1100000E+00	5.7543E-03	1.6220E-01
2.1200000E+00	2.6838E-03	1.3321E-01
2.1300000E+00	-5.5330E-04	8.9943E-02
2.1400000E+00	-3.7240E-03	3.7598E-02
2.1500000E+00	-6.3662E-03	-1.6690E-02
2.1600000E+00	-8.1446E-03	-6.4968E-02
2.1700000E+00	-8.7800E-03	-1.0130E-01
2.1800000E+00	-8.1828E-03	-1.2028E-01
2.1900000E+00	-6.2707E-03	-1.1962E-01
2.2000000E+00	-3.5475E-03	-9.9006E-02
2.2100000E+00	-3.5695E-04	-6.1696E-02
2.2200000E+00	2.9732E-03	-1.1735E-02
2.2300000E+00	5.9292E-03	4.3220E-02
2.2400000E+00	8.1773E-03	9.6825E-02
2.2500000E+00	9.3920E-03	1.4148E-01
2.2600000E+00	9.4497E-03	1.7116E-01
2.2700000E+00	8.2720E-03	1.8216E-01
2.2800000E+00	5.9557E-03	1.7320E-01
2.2900000E+00	2.9341E-03	1.4555E-01
2.3000000E+00	-3.8379E-04	1.0258E-01
2.3100000E+00	-3.4941E-03	5.0622E-02
2.3200000E+00	-6.2122E-03	-3.3332E-03
2.3300000E+00	-8.0436E-03	-5.2285E-02
2.3400000E+00	-8.7768E-03	-8.9627E-02
2.3500000E+00	-8.1834E-03	-1.0957E-01
2.3600000E+00	-6.4271E-03	-1.1031E-01
2.3700000E+00	-3.6856E-03	-9.0681E-02
2.3800000E+00	-4.8677E-04	-5.4046E-02
2.3900000E+00	2.7726E-03	-5.0919E-03
2.4000000E+00	5.8190E-03	5.0195E-02
2.4100000E+00	8.0479E-03	1.0384E-01
2.4200000E+00	9.3578E-03	1.4915E-01
2.4300000E+00	9.5357E-03	1.7983E-01
2.4400000E+00	8.4617E-03	1.9216E-01
2.4500000E+00	6.1312E-03	1.8452E-01
2.4600000E+00	3.0981E-03	1.5754E-01
2.4700000E+00	-1.4993E-04	1.1558E-01
2.4800000E+00	-3.3370E-03	6.3933E-02
2.4900000E+00	-6.0218E-03	9.6586E-03
2.5000000E+00	-7.9317E-03	-3.9983E-02
2.5100000E+00	-8.6857E-03	-7.7620E-02
2.5200000E+00	-8.1732E-03	-9.8964E-02
2.5300000E+00	-6.4951E-03	-1.0066E-01
2.5400000E+00	-3.8269E-03	-8.2346E-02
2.5500000E+00	-6.1458E-04	-4.6702E-02
2.5600000E+00	2.6510E-03	1.8923E-03
2.5700000E+00	5.5956E-03	5.6860E-02
2.5800000E+00	7.9512E-03	1.1085E-01
2.5900000E+00	9.3234E-03	1.5681E-01
2.6000000E+00	9.5858E-03	1.8845E-01
2.6100000E+00	8.6023E-03	2.0213E-01
2.6200000E+00	6.3230E-03	1.9551E-01
2.6300000E+00	3.2593E-03	1.6954E-01
2.6400000E+00	1.2710E-05	1.2824E-01
2.6500000E+00	-3.1315E-03	7.6921E-02
2.6600000E+00	-5.8880E-03	2.2625E-02
2.6700000E+00	-7.8365E-03	-2.7328E-02
2.6800000E+00	-8.6462E-03	-6.5969E-02
2.6900000E+00	-8.2485E-03	-8.8265E-02
2.7000000E+00	-6.6480E-03	-9.1319E-02
2.7100000E+00	-3.9940E-03	-7.4004E-02
2.7200000E+00	-8.4490E-04	-3.9055E-02
2.7300000E+00	2.4466E-03	8.9345E-03
2.7400000E+00	5.4474E-03	6.3522E-02
2.7500000E+00	7.8304E-03	1.1782E-01
2.7600000E+00	9.2870E-03	1.6448E-01
2.7700000E+00	9.6258E-03	1.9713E-01
2.7800000E+00	8.7075E-03	2.1177E-01
2.7900000E+00	6.4888E-03	2.0617E-01
2.8000000E+00	3.4842E-03	1.8151E-01
2.8100000E+00	1.8662E-04	1.4084E-01
2.8200000E+00	-2.9908E-03	8.9943E-02
2.8300000E+00	-5.7264E-03	3.5632E-02
2.8400000E+00	-7.6881E-03	-1.4637E-02
2.8500000E+00	-8.6384E-03	-5.4309E-02
2.8600000E+00	-8.2742E-03	-7.7621E-02
2.8700000E+00	-6.7169E-03	-8.1654E-02
2.8800000E+00	-4.1811E-03	-6.5693E-02
2.8900000E+00	-1.0200E-03	-3.1664E-02
2.9000000E+00	2.3029E-03	1.5918E-02
2.9100000E+00	5.2983E-03	7.0226E-02
2.9200000E+00	7.7085E-03	1.2485E-01
2.9300000E+00	9.2498E-03	1.7216E-01
2.9400000E+00	9.6694E-03	2.0582E-01
2.9500000E+00	8.8524E-03	2.2149E-01
2.9600000E+00	6.7107E-03	2.1717E-01
2.9700000E+00	3.7054E-03	1.9353E-01
2.9800000E+00	3.6700E-04	1.5355E-01
2.9900000E+00	-2.8185E-03	1.0324E-01
3.0000000E+00	-5.5324E-03	4.8965E-02
3.0100000E+00	-7.6079E-03	-1.9866E-03
3.0200000E+00	-8.5856E-03	-4.2319E-02
3.0300000E+00	-8.3151E-03	-6.6667E-02
3.0400000E+00	-6.8158E-03	-7.1973E-02
3.0500000E+00	-4.2750E-03	-5.7007E-02
3.0600000E+00	-1.1943E-03	-2.4008E-02
3.0700000E+00	2.0783E-03	2.2605E-02
3.0800000E+00	5.1757E-03	7.7215E-02
3.0900000E+00	7.5846E-03	1.3183E-01
3.1000000E+00	9.2181E-03	1.7983E-01
3.1100000E+00	9.7188E-03	2.1416E-01
3.1200000E+00	8.9987E-03	2.3115E-01
3.1300000E+00	6.8798E-03	2.2781E-01
3.1400000E+00	3.9343E-03	2.0550E-01
3.1500000E+00	5.5577E-04	1.6623E-01
3.1600000E+00	-2.6267E-03	1.1628E-01
3.1700000E+00	-5.3942E-03	6.1987E-02
3.1800000E+00	-7.4699E-03	1.1010E-02
3.1900000E+00	-8.5003E-03	-3.0321E-02
3.2000000E+00	-8.3390E-03	-5.5636E-02
3.2100000E+00	-6.9215E-03	-6.1989E-02
3.2200000E+00	-4.4709E-03	-4.8331E-02
3.2300000E+00	-1.3715E-03	-1.6380E-02
3.2400000E+00	1.9072E-03	2.9594E-02
3.2500000E+00	5.0418E-03	8.3857E-02
3.2600000E+00	7.4677E-03	1.3884E-01
3.2700000E+00	9.1511E-03	1.8714E-01
3.2800000E+00	9.8167E-03	2.2280E-01
3.2900000E+00	9.1273E-03	2.4080E-01
3.3000000E+00	7.0851E-03	2.3879E-01
3.3100000E+00	4.0985E-03	2.1716E-01
3.3200000E+00	7.7241E-04	1.7888E-01
3.3300000E+00	-2.4609E-03	1.2958E-01
3.3400000E+00	-5.2334E-03	7.5301E-02
3.3500000E+00	-7.3515E-03	2.3621E-02
3.3600000E+00	-8.5025E-03	-1.8336E-02
3.3700000E+00	-8.3593E-03	-4.4650E-02
3.3800000E+00	-7.0337E-03	-5.2327E-02
3.3900000E+00	-4.6237E-03	-3.9667E-02
3.4000000E+00	-1.5719E-03	-8.7224E-03
3.4100000E+00	1.7081E-03	3.6584E-02
3.4200000E+00	4.8351E-03	9.0553E-02
3.4300000E+00	7.3372E-03	1.4546E-01
3.4400000E+00	9.1440E-03	1.9481E-01
3.4500000E+00	9.8264E-03	2.3114E-01
3.4600000E+00	9.2473E-03	2.5012E-01
3.4700000E+00	7.2976E-03	2.4948E-01
3.4800000E+00	4.3194E-03	2.2883E-01
3.4900000E+00	9.6282E-04	1.9153E-01
3.5000000E+00	-2.2623E-03	1.4261E-01
3.5100000E+00	-5.1049E-03	8.8248E-02
3.5200000E+00	-7.2243E-03	3.6333E-02
3.5300000E+00	-8.4213E-03	-6.3373E-03
3.5400000E+00	-8.3834E-03	-3.3664E-02
3.5500000E+00	-7.1095E-03	-4.2328E-02
3.5600000E+00	-4.7451E-03	-3.1006E-02
3.5700000E+00	-1.7401E-03	-1.0814E-03
3.5800000E+00	1.5662E-03	4.3916E-02
3.5900000E+00	4.6227E-03	9.7198E-02
3.6000000E+00	7.2240E-03	1.5249E-01
3.6100000E+00	9.0573E-03	2.0215E-01
3.6200000E+00	9.8875E-03	2.3946E-01
3.6300000E+00	9.3721E-03	2.5946E-01
3.6400000E+00	7.4988E-03	2.5979E-01
3.6500000E+00	4.5294E-03	2.4050E-01
3.6600000E+00	1.1765E-03	2.0417E-01
3.6700000E+00	-2.1273E-03	1.5557E-01
3.6800000E+00	-4.9811E-03	1.0160E-01
3.6900000E+00	-7.1227E-03	4.9270E-02
3.7000000E+00	-8.3307E-03	6.0071E-03
3.7100000E+00	-8.4026E-03	-2.2675E-02
3.7200000E+00	-7.2112E-03	-3.2661E-02
3.7300000E+00	-4.9120E-03	-2.2353E-02
3.7400000E+00	-1.9032E-03	6.9648E-03
3.7500000E+00	1.3389E-03	5.0885E-02
3.7600000E+00	4.5138E-03	1.0421E-01
3.7700000E+00	7.1010E-03	1.5948E-01
3.7800000E+00	8.9978E-03	2.0947E-01
3.7900000E+00	9.8880E-03	2.4774E-01
3.8000000E+00	9.5591E-03	2.6872E-01
3.8100000E+00	7.7114E-03	2.7046E-01
3.8200000E+00	4.7682E-03	2.5215E-01
3.8300000E+00	1.3455E-03	2.1654E-01
3.8400000E+00	-1.8787E-03	1.6857E-01
3.8500000E+00	-4.8141E-03	1.1460E-01
3.8600000E+00	-7.0134E-03	6.1988E-02
3.8700000E+00	-8.2960E-03	1.8013E-02
3.8800000E+00	-8.3756E-03	-1.1352E-02
3.8900000E+00	-7.3151E-03	-2.2336E-02
3.9000000E+00	-5.0405E-03	-1.3355E-02
3.9100000E+00	-2.0876E-03	1.4623E-02
3.9200000E+00	1.2230E-03	5.7889E-02
3.9300000E+00	4.3087E-03	1.1085E-01
3.9400000E+00	6.9867E-03	1.6616E-01
3.9500000E+00	8.9763E-03	2.1678E-01
3.9600000E+00	1.0020E-02	2.5577E-01
3.9700000E+00	9.6884E-03	2.7808E-01
3.9800000E+00	7.9175E-03	2.8079E-01
3.9900000E+00	4.9831E-03	2.6382E-01
4.0000000E+00	1.5993E-03	2.2917E-01
4.0100000E+00	-1.7962E-03	1.8156E-01
4.0200000E+00	-4.6774E-03	1.2791E-01
4.0300000E+00	-6.9793E-03	7.4956E-02
4.0400000E+00	-8.2280E-03	3.0312E-02
4.0500000E+00	-8.4732E-03	-3.0676E-04
4.0600000E+00	-7.3510E-03	-1.2349E-02
4.0700000E+00	-5.1908E-03	-4.3613E-03
4.0800000E+00	-2.2226E-03	2.2597E-02
4.0900000E+00	9.9843E-04	6.5227E-02
4.1000000E+00	4.1539E-03	1.1750E-01
4.1100000E+00	6.8837E-03	1.7318E-01
4.1200000E+00	8.9785E-03	2.2416E-01
4.1300000E+00	9.9961E-03	2.6411E-01
4.1400000E+00	9.8292E-03	2.8742E-01
4.1500000E+00	8.1336E-03	2.9146E-01
4.1600000E+00	5.2280E-03	2.7515E-01
4.1700000E+00	1.7790E-03	2.4149E-01
4.1800000E+00	-1.5677E-03	1.9454E-01
4.1900000E+00	-4.5608E-03	1.4094E-01
4.2000000E+00	-6.8232E-03	8.7955E-02
4.2100000E+00	-8.2110E-03	4.2631E-02
4.2200000E+00	-8.5015E-03	1.0989E-02
4.2300000E+00	-7.4624E-03	-2.3601E-03
4.2400000E+00	-5.2868E-03	4.6336E-03
4.2500000E+00	-2.4096E-03	3.0577E-02
4.2600000E+00	8.0639E-04	7.2225E-02
4.2700000E+00	3.9913E-03	1.2450E-01
4.2800000E+00	6.7392E-03	1.7983E-01
4.2900000E+00	8.9044E-03	2.3146E-01
4.3000000E+00	1.0013E-02	2.7210E-01
4.3100000E+00	9.9949E-03	2.9646E-01
4.3200000E+00	8.4236E-03	3.0179E-01
4.3300000E+00	5.4650E-03	2.8680E-01
4.3400000E+00	2.0087E-03	2.5383E-01
4.3500000E+00	-1.3676E-03	2.0750E-01
4.3600000E+00	-4.3622E-03	1.5426E-01
4.3700000E+00	-6.7065E-03	1.0095E-01
4.3800000E+00	-8.1579E-03	5.4971E-02
4.3900000E+00	-8.4598E-03	2.2303E-02
4.4000000E+00	-7.5237E-03	7.9908E-03
4.4100000E+00	-5.4530E-03	1.3630E-02
4.4200000E+00	-2.6147E-03	3.8622E-02
4.4300000E+00	6.2657E-04	7.9610E-02
4.4400000E+00	3.8187E-03	1.3119E-01
4.4500000E+00	6.6374E-03	1.8684E-01
4.4600000E+00	8.7909E-03	2.3844E-01
4.4700000E+00	1.0094E-02	2.8009E-01
4.4800000E+00	1.0152E-02	3.0579E-01
4.4900000E+00	8.6093E-03	3.1177E-01
4.5000000E+00	5.7008E-03	2.9809E-01
4.5100000E+00	2.2753E-03	2.6612E-01
4.5200000E+00	-1.2149E-03	2.2050E-01
4.5300000E+00	-4.2207E-03	1.6755E-01
4.5400000E+00	-6.6241E-03	1.1392E-01
4.5500000E+00	-8.0785E-03	6.7298E-02
4.5600000E+00	-8.5130E-03	3.3988E-02
4.5700000E+00	-7.6285E-03	1.8290E-02
4.5800000E+00	-5.6256E-03	2.2644E-02
4.5900000E+00	-2.7702E-03	4.6594E-02
4.6000000E+00	4.8441E-04	8.6911E-02
4.6100000E+00	3.6799E-03	1.3786E-01
4.6200000E+00	6.5268E-03	1.9350E-01
4.6300000E+00	8.7847E-03	2.4578E-01
4.6400000E+00	1.0142E-02	2.8809E-01
4.6500000E+00	1.0292E-02	3.1477E-01
4.6600000E+00	8.8559E-03	3.2212E-01
4.6700000E+00	5.9421E-03	3.0943E-01
4.6800000E+00	2.4366E-03	2.7848E-01
4.6900000E+00	-1.0065E-03	2.3353E-01
4.7000000E+00	-4.1069E-03	1.8057E-01
4.7100000E+00	-6.5048E-03	1.2693E-01
4.7200000E+00	-8.0240E-03	7.9652E-02
4.7300000E+00	-8.5108E-03	4.5320E-02
4.7400000E+00	-7.6944E-03	2.8687E-02
4.7500000E+00	-5.7157E-03	3.1979E-02
4.7600000E+00	-2.9384E-03	5.4598E-02
4.7700000E+00	2.5872E-04	9.3881E-02
4.7800000E+00	3.5057E-03	1.4489E-01
4.7900000E+00	6.3923E-03	2.0014E-01
4.8000000E+00	8.6939E-03	2.5278E-01
4.8100000E+00	1.0152E-02	2.9611E-01
4.8200000E+00	1.0477E-02	3.2377E-01
4.8300000E+00	9.1720E-03	3.3210E-01
4.8400000E+00	6.2351E-03	3.2078E-01
4.8500000E+00	2.6279E-03	2.9081E-01
4.8600000E+00	-7.5307E-04	2.4653E-01
4.8700000E+00	-3.9426E-03	1.9389E-01
4.8800000E+00	-6.3794E-03	1.3992E-01
4.8900000E+00	-8.0134E-03	9.1933E-02
4.9000000E+00	-8.5121E-03	5.6959E-02
4.9100000E+00	-7.7736E-03	3.8990E-02
4.9200000E+00	-5.8863E-03	4.0929E-02
4.9300000E+00	-3.1279E-03	6.2915E-02
4.9400000E+00	7.4614E-05	1.0123E-01
4.9500000E+00	3.3356E-03	1.5152E-01
4.9600000E+00	6.3120E-03	2.0713E-01
4.9700000E+00	8.6487E-03	2.6010E-01
4.9800000E+00	1.0185E-02	3.0375E-01
4.9900000E+00	1.0688E-02	3.3240E-01
5.0000000E+00	9.4983E-03	3.4244E-01
5.0100000E+00	6.4792E-03	3.3175E-01
5.0200000E+00	2.8871E-03	3.0280E-01
5.0300000E+00	-6.3316E-04	2.5917E-01
5.0400000E+00	-3.7886E-03	2.0689E-01
5.0500000E+00	-6.3420E-03	1.5292E-01
5.0600000E+00	-7.9412E-03	1.0461E-01
5.0700000E+00	-8.5243E-03	6.8649E-02
5.0800000E+00	-7.8755E-03	4.9654E-02
5.0900000E+00	-6.0455E-03	5.0267E-02
5.1000000E+00	-3.2714E-03	7.0944E-02
5.1100000E+00	-7.1612E-05	1.0888E-01
5.1200000E+00	3.1969E-03	1.5851E-01
5.1300000E+00	6.1710E-03	2.1382E-01
5.1400000E+00	8.5995E-03	2.6712E-01
5.1500000E+00	1.0273E-02	3.1179E-01
5.1600000E+00	1.0863E-02	3.4142E-01
5.1700000E+00	9.7279E-03	3.5208E-01
5.1800000E+00	6.8993E-03	3.4310E-01
5.1900000E+00	3.1604E-03	3.1513E-01
5.2000000E+00	-4.7994E-04	2.7216E-01
5.2100000E+00	-3.6781E-03	2.2021E-01
5.2200000E+00	-6.2416E-03	1.6590E-01
5.2300000E+00	-7.9413E-03	1.1726E-01
5.2400000E+00	-8.5279E-03	8.0279E-02
5.2500000E+00	-7.9451E-03	6.0288E-02
5.2600000E+00	-6.1359E-03	5.9938E-02
5.2700000E+00	-3.4556E-03	7.9260E-02
5.2800000E+00	-2.5974E-04	1.1620E-01
5.2900000E+00	3.0410E-03	1.6554E-01
5.3000000E+00	6.0642E-03	2.2047E-01
5.3100000E+00	8.5029E-03	2.7413E-01
5.3200000E+00	1.0258E-02	3.1942E-01
5.3300000E+00	1.1121E-02	3.5009E-01
5.3400000E+00	1.0213E-02	3.6210E-01
5.3500000E+00	7.2171E-03	3.5413E-01
5.3600000E+00	3.3575E-03	3.2712E-01
5.3700000E+00	-3.1845E-04	2.8483E-01
5.3800000E+00	-3.5266E-03	2.3320E-01
5.3900000E+00	-6.1689E-03	1.7890E-01
5.4000000E+00	-7.9105E-03	1.2960E-01
5.4100000E+00	-8.5816E-03	9.1948E-02
5.4200000E+00	-8.0430E-03	7.0632E-02
5.4300000E+00	-6.2644E-03	6.9298E-02
5.4400000E+00	-3.6425E-03	8.7560E-02
5.4500000E+00	-4.2564E-04	1.2355E-01
5.4600000E+00	2.8744E-03	1.7218E-01
5.4700000E+00	5.9116E-03	2.2714E-01
5.4800000E+00	8.4625E-03	2.8109E-01
5.4900000E+00	1.0325E-02	3.2711E-01
5.5000000E+00	1.1361E-02	3.5875E-01
5.5100000E+00	1.0595E-02	3.7207E-01
5.5200000E+00	7.5803E-03	3.6512E-01
5.5300000E+00	3.6197E-03	3.3914E-01
5.5400000E+00	-1.3303E-04	2.9782E-01
5.5500000E+00	-3.4282E-03	2.4655E-01
5.5600000E+00	-6.0975E-03	1.9225E-01
5.5700000E+00	-7.8831E-03	1.4229E-01
5.5800000E+00	-8.6166E-03	1.0360E-01
5.5900000E+00	-8.0935E-03	8.1638E-02
5.6000000E+00	-6.4424E-03	7.8924E-02
5.6100000E+00	-3.7948E-03	9.6253E-02
5.6200000E+00	-5.8263E-04	1.3121E-01
5.6300000E+00	2.7096E-03	1.7921E-01
5.6400000E+00	5.8561E-03	2.3414E-01
5.6500000E+00	8.3858E-03	2.8813E-01
5.6600000E+00	1.0381E-02	3.3477E-01
5.6700000E+00	1.1545E-02	3.6743E-01
5.6800000E+00	1.0979E-02	3.8174E-01
5.6900000E+00	8.0311E-03	3.7612E-01
5.7000000E+00	3.8810E-03	3.5114E-01
5.7100000E+00	-8.3002E-06	3.1047E-01
5.7200000E+00	-3.3568E-03	2.5953E-01
5.7300000E+00	-6.0277E-03	2.0523E-01
5.7400000E+00	-7.8660E-03	1.5493E-01
5.7500000E+00	-8.6486E-03	1.1561E-01
5.7600000E+00	-8.2223E-03	9.2281E-02
5.7700000E+00	-6.6105E-03	8.8272E-02
5.7800000E+00	-3.9576E-03	1.0459E-01
5.7900000E+00	-7.7837E-04	1.3857E-01
5.8000000E+00	2.5221E-03	1.8620E-01
5.8100000E+00	5.6960E-03	2.4082E-01
5.8200000E+00	8.3364E-03	2.9509E-01
5.8300000E+00	1.0451E-02	3.4245E-01
5.8400000E+00	1.1888E-02	3.7606E-01
5.8500000E+00	1.1479E-02	3.9142E-01
5.8600000E+00	8.5038E-03	3.8708E-01
5.8700000E+00	4.1867E-03	3.6312E-01
5.8800000E+00	1.1573E-04	3.2316E-01
5.8900000E+00	-3.2745E-03	2.7286E-01
5.9000000E+00	-6.0141E-03	2.1823E-01
5.9100000E+00	-7.9041E-03	1.6757E-01
5.9200000E+00	-8.7249E-03	1.2730E-01
5.9300000E+00	-8.3572E-03	1.0295E-01
5.9400000E+00	-6.7493E-03	9.7931E-02
5.9500000E+00	-4.1629E-03	1.1325E-01
5.9600000E+00	-9.7945E-04	1.4622E-01
5.9700000E+00	2.3984E-03	1.9317E-01
5.9800000E+00	5.5421E-03	2.4748E-01
5.9900000E+00	8.2737E-03	3.0210E-01
6.0000000E+00	1.0557E-02	3.5008E-01
6.0100000E+00	1.2171E-02	3.8439E-01
6.0200000E+00	1.1992E-02	4.0105E-01
6.0300000E+00	9.0061E-03	3.9777E-01
6.0400000E+00	4.5387E-03	3.7512E-01
6.0500000E+00	2.8608E-04	3.3582E-01
6.0600000E+00	-3.2393E-03	2.8582E-01
6.0700000E+00	-5.9774E-03	2.3153E-01
6.0800000E+00	-7.9394E-03	1.8020E-01
6.0900000E+00	-8.7920E-03	1.3929E-01
6.1000000E+00	-8.4748E-03	1.1395E-01
6.1100000E+00	-6.9048E-03	1.0792E-01
6.1200000E+00	-4.3758E-03	1.2159E-01
6.1300000E+00	-1.1598E-03	1.5388E-01
6.1400000E+00	2.1952E-03	2.0016E-01
6.1500000E+00	5.3895E-03	2.5412E-01
6.1600000E+00	8.2115E-03	3.0909E-01
6.1700000E+00	1.0637E-02	3.5741E-01
6.1800000E+00	1.2480E-02	3.9275E-01
6.1900000E+00	1.2546E-02	4.1071E-01
6.2000000E+00	9.5364E-03	4.0842E-01
6.2100000E+00	4.8900E-03	3.8677E-01
6.2200000E+00	4.4316E-04	3.4847E-01
6.2300000E+00	-3.2138E-03	2.9883E-01
6.2400000E+00	-6.0214E-03	2.4453E-01
6.2500000E+00	-7.9802E-03	1.9326E-01
6.2600000E+00	-8.9015E-03	1.5127E-01
6.2700000E+00	-8.6050E-03	1.2494E-01
6.2800000E+00	-7.0898E-03	1.1758E-01
6.2900000E+00	-4.5443E-03	1.3024E-01
6.3000000E+00	-1.3798E-03	1.6157E-01
6.3100000E+00	2.0221E-03	2.0715E-01
6.3200000E+00	5.2403E-03	2.6079E-01
6.3300000E+00	8.1832E-03	3.1610E-01
6.3400000E+00	1.0785E-02	3.6508E-01
6.3500000E+00	1.2848E-02	4.0140E-01
6.3600000E+00	1.3024E-02	4.2003E-01
6.3700000E+00	1.0098E-02	4.1903E-01
6.3800000E+00	5.2620E-03	3.9843E-01
6.3900000E+00	6.2555E-04	3.6113E-01
6.4000000E+00	-3.1557E-03	3.1215E-01
6.4100000E+00	-6.0661E-03	2.5786E-01
6.4200000E+00	-8.0462E-03	2.0588E-01
6.4300000E+00	-8.9959E-03	1.6328E-01
6.4400000E+00	-8.7783E-03	1.3593E-01
6.4500000E+00	-7.2600E-03	1.2757E-01
6.4600000E+00	-4.7888E-03	1.3892E-01
6.4700000E+00	-1.5886E-03	1.6922E-01
6.4800000E+00	1.8062E-03	2.1416E-01
6.4900000E+00	5.1180E-03	2.6780E-01
6.5000000E+00	8.1080E-03	3.2274E-01
6.5100000E+00	1.0878E-02	3.7238E-01
6.5200000E+00	1.3234E-02	4.0976E-01
6.5300000E+00	1.3672E-02	4.2971E-01
6.5400000E+00	1.0722E-02	4.2974E-01
6.5500000E+00	5.7733E-03	4.1044E-01
6.5600000E+00	8.2804E-04	3.7380E-01
6.5700000E+00	-3.1480E-03	3.2516E-01
6.5800000E+00	-6.1382E-03	2.7088E-01
6.5900000E+00	-8.1171E-03	2.1893E-01
6.6000000E+00	-9.1388E-03	1.7556E-01
6.6100000E+00	-8.9235E-03	1.4724E-01
6.6200000E+00	-7.5318E-03	1.3725E-01
6.6300000E+00	-4.9988E-03	1.4791E-01
6.6400000E+00	-1.8225E-03	1.7719E-01
6.6500000E+00	1.5883E-03	2.2118E-01
6.6600000E+00	4.9492E-03	2.7445E-01
6.6700000E+00	8.0788E-03	3.2976E-01
6.6800000E+00	1.1008E-02	3.7974E-01
6.6900000E+00	1.3550E-02	4.1773E-01
6.7000000E+00	1.4220E-02	4.3904E-01
6.7100000E+00	1.1347E-02	4.4039E-01
6.7200000E+00	6.2132E-03	4.2208E-01
6.7300000E+00	1.0812E-03	3.8610E-01
6.7400000E+00	-3.1311E-03	3.3815E-01
6.7500000E+00	-6.2666E-03	2.8419E-01
6.7600000E+00	-8.2665E-03	2.3156E-01
6.7700000E+00	-9.3127E-03	1.8757E-01
6.7800000E+00	-9.1420E-03	1.5827E-01
6.7900000E+00	-7.7608E-03	1.4759E-01
6.8000000E+00	-5.2690E-03	1.5658E-01
6.8100000E+00	-2.0495E-03	1.8486E-01
6.8200000E+00	1.3796E-03	2.2816E-01
6.8300000E+00	4.7709E-03	2.8114E-01
6.8400000E+00	8.0349E-03	3.3678E-01
6.8500000E+00	1.1188E-02	3.8708E-01
6.8600000E+00	1.3889E-02	4.2605E-01
6.8700000E+00	1.4794E-02	4.4838E-01
6.8800000E+00	1.1918E-02	4.5071E-01
6.8900000E+00	6.6761E-03	4.3345E-01
6.9000000E+00	1.3573E-03	3.9878E-01
6.9100000E+00	-3.0421E-03	3.5116E-01
6.9200000E+00	-6.2875E-03	2.9719E-01
6.9300000E+00	-8.4094E-03	2.4455E-01
6.9400000E+00	-9.5116E-03	1.9993E-01
6.9500000E+00	-9.3152E-03	1.6960E-01
6.9600000E+00	-7.9486E-03	1.5759E-01
6.9700000E+00	-5.5131E-03	1.6557E-01
6.9800000E+00	-2.3616E-03	1.9287E-01
6.9900000E+00	1.1775E-03	2.3552E-01
7.0000000E+00	4.6107E-03	2.8812E-01
7.0100000E+00	7.9696E-03	3.4342E-01
7.0200000E+00	1.1280E-02	3.9438E-01
7.0300000E+00	1.4244E-02	4.3403E-01
7.0400000E+00	1.5213E-02	4.5735E-01
7.0500000E+00	1.2632E-02	4.6136E-01
7.0600000E+00	7.1920E-03	4.4509E-01
7.0700000E+00	1.6767E-03	4.1111E-01
7.0800000E+00	-2.9427E-03	3.6416E-01
7.0900000E+00	-6.3917E-03	3.1049E-01
7.1000000E+00	-8.6139E-03	2.5754E-01
7.1100000E+00	-9.6752E-03	2.1224E-01
7.1200000E+00	-9.5766E-03	1.8093E-01
7.1300000E+00	-8.2405E-03	1.6758E-01
7.1400000E+00	-5.8062E-03	1.7458E-01
7.1500000E+00	-2.5343E-03	2.0087E-01
7.1600000E+00	9.0385E-04	2.4251E-01
7.1700000E+00	4.4743E-03	2.9478E-01
7.1800000E+00	7.9265E-03	3.5041E-01
7.1900000E+00	1.1496E-02	4.0172E-01
7.2000000E+00	1.4548E-02	4.4238E-01
7.2100000E+00	1.5740E-02	4.6669E-01
7.2200000E+00	1.3127E-02	4.7169E-01
7.2300000E+00	7.7160E-03	4.5637E-01
7.2400000E+00	2.0134E-03	4.2342E-01
7.2500000E+00	-2.8334E-03	3.7716E-01
7.2600000E+00	-6.4876E-03	3.2384E-01
7.2700000E+00	-8.7691E-03	2.7054E-01
7.2800000E+00	-9.9033E-03	2.2457E-01
7.2900000E+00	-9.8108E-03	1.9224E-01
7.3000000E+00	-8.5230E-03	1.7789E-01
7.3100000E+00	-6.0794E-03	1.8358E-01
7.3200000E+00	-2.8472E-03	2.0886E-01
7.3300000E+00	6.8125E-04	2.4986E-01
7.3400000E+00	4.2421E-03	3.0147E-01
7.3500000E+00	7.9887E-03	3.5710E-01
7.3600000E+00	1.1661E-02	4.0906E-01
7.3700000E+00	1.4829E-02	4.5036E-01
7.3800000E+00	1.6080E-02	4.7569E-01
7.3900000E+00	1.3643E-02	4.8166E-01
7.4000000E+00	8.1826E-03	4.6774E-01
7.4100000E+00	2.4129E-03	4.3575E-01
7.4200000E+00	-2.6291E-03	3.9015E-01
7.4300000E+00	-6.5179E-03	3.3685E-01
7.4400000E+00	-8.9714E-03	2.8319E-01
7.4500000E+00	-1.0093E-02	2.3687E-01
7.4600000E+00	-1.0089E-02	2.0356E-01
7.4700000E+00	-8.7665E-03	1.8822E-01
7.4800000E+00	-6.3295E-03	1.9291E-01
7.4900000E+00	-3.1225E-03	2.1690E-01
7.5000000E+00	4.3441E-04	2.5720E-01
7.5100000E+00	4.1204E-03	3.0847E-01
7.5200000E+00	7.8798E-03	3.6377E-01
7.5300000E+00	1.1755E-02	4.1606E-01
7.5400000E+00	1.5092E-02	4.5836E-01
7.5500000E+00	1.6414E-02	4.8466E-01
7.5600000E+00	1.4099E-02	4.9203E-01
7.5700000E+00	8.6699E-03	4.7905E-01
7.5800000E+00	2.8238E-03	4.4810E-01
7.5900000E+00	-2.3402E-03	4.0313E-01
7.6000000E+00	-6.4679E-03	3.5015E-01
7.6100000E+00	-9.1633E-03	2.9619E-01
7.6200000E+00	-1.0306E-02	2.4921E-01
7.6300000E+00	-1.0305E-02	2.1491E-01
7.6400000E+00	-9.0698E-03	1.9855E-01
7.6500000E+00	-6.6709E-03	2.0185E-01
7.6600000E+00	-3.4162E-03	2.2485E-01
7.6700000E+00	2.3000E-04	2.6449E-01
7.6800000E+00	3.9384E-03	3.1512E-01
7.6900000E+00	7.8486E-03	3.7075E-01
7.7000000E+00	1.1966E-02	4.2336E-01
7.7100000E+00	1.5306E-02	4.6636E-01
7.7200000E+00	1.6628E-02	4.9367E-01
7.7300000E+00	1.4383E-02	5.0202E-01
7.7400000E+00	9.1798E-03	4.9036E-01
7.7500000E+00	3.2660E-03	4.6040E-01
7.7600000E+00	-2.0198E-03	4.1611E-01
7.7700000E+00	-6.4663E-03	3.6315E-01
7.7800000E+00	-9.1852E-03	3.0949E-01
7.7900000E+00	-1.0557E-02	2.6154E-01
7.8000000E+00	-1.0561E-02	2.2655E-01
7.8100000E+00	-9.3923E-03	2.0892E-01
7.8200000E+00	-6.9466E-03	2.1120E-01
7.8300000E+00	-3.7237E-03	2.3287E-01
7.8400000E+00	-7.3540E-05	2.7180E-01
7.8500000E+00	3.7417E-03	3.2210E-01
7.8600000E+00	7.8845E-03	3.7740E-01
7.8700000E+00	1.2036E-02	4.3037E-01
7.8800000E+00	1.5392E-02	4.7402E-01
7.8900000E+00	1.6761E-02	5.0267E-01
7.9000000E+00	1.4716E-02	5.1234E-01
7.9100000E+00	9.5202E-03	5.0169E-01
7.9200000E+00	3.7271E-03	4.7273E-01
7.9300000E+00	-1.7344E-03	4.2878E-01
7.9400000E+00	-6.2469E-03	3.7647E-01
7.9500000E+00	-9.3330E-03	3.2252E-01
7.9600000E+00	-1.0727E-02	2.7421E-01
7.9700000E+00	-1.0870E-02	2.3823E-01
7.9800000E+00	-9.6060E-03	2.1955E-01
7.9900000E+00	-7.2546E-03	2.2056E-01
8.0000000E+00	-3.9945E-03	2.4120E-01
8.0100000E+00	-3.1244E-04	2.7916E-01
8.0200000E+00	3.6191E-03	3.2877E-01
8.0300000E+00	7.8416E-03	3.8408E-01
8.0400000E+00	1.2116E-02	4.3736E-01
8.0500000E+00	1.5476E-02	4.8202E-01
8.0600000E+00	1.6739E-02	5.1132E-01
8.0700000E+00	1.4782E-02	5.2199E-01
8.0800000E+00	9.8739E-03	5.1272E-01
8.0900000E+00	4.1108E-03	4.8471E-01
8.1000000E+00	-1.1833E-03	4.4178E-01
8.1100000E+00	-6.0453E-03	3.8948E-01
8.1200000E+00	-9.3638E-03	3.3550E-01
8.1300000E+00	-1.0962E-02	2.8653E-01
8.1400000E+00	-1.1070E-02	2.4987E-01
8.1500000E+00	-9.9333E-03	2.2988E-01
8.1600000E+00	-7.5215E-03	2.2986E-01
8.1700000E+00	-4.2886E-03	2.4952E-01
8.1800000E+00	-5.4072E-04	2.8648E-01
8.1900000E+00	3.4437E-03	3.3580E-01
8.2000000E+00	7.8112E-03	3.9073E-01
8.2100000E+00	1.2234E-02	4.4468E-01
8.2200000E+00	1.5406E-02	4.8965E-01
8.2300000E+00	1.6630E-02	5.1998E-01
8.2400000E+00	1.4893E-02	5.3199E-01
8.2500000E+00	1.0209E-02	5.2401E-01
8.2600000E+00	4.5321E-03	4.9673E-01
8.2700000E+00	-7.9441E-04	4.5444E-01
8.2800000E+00	-5.6871E-03	4.0282E-01
8.2900000E+00	-9.3251E-03	3.4850E-01
8.3000000E+00	-1.1042E-02	2.9922E-01
8.3100000E+00	-1.1260E-02	2.6157E-01
8.3200000E+00	-1.0170E-02	2.4054E-01
8.3300000E+00	-7.8138E-03	2.3919E-01
8.3400000E+00	-4.5843E-03	2.5783E-01
8.3500000E+00	-7.9983E-04	2.9381E-01
8.3600000E+00	3.3344E-03	3.4277E-01
8.3700000E+00	7.8156E-03	3.9772E-01
8.3800000E+00	1.2234E-02	4.5168E-01
8.3900000E+00	1.5314E-02	4.9735E-01
8.4000000E+00	1.6529E-02	5.2899E-01
8.4100000E+00	1.4908E-02	5.4197E-01
8.4200000E+00	1.0411E-02	5.3503E-01
8.4300000E+00	4.8610E-03	5.0870E-01
8.4400000E+00	-2.8684E-04	4.6742E-01
8.4500000E+00	-5.3118E-03	4.1579E-01
8.4600000E+00	-9.2045E-03	3.6149E-01
8.4700000E+00	-1.1126E-02	3.1186E-01
8.4800000E+00	-1.1455E-02	2.7321E-01
8.4900000E+00	-1.0412E-02	2.5123E-01
8.5000000E+00	-8.0988E-03	2.4887E-01
8.5100000E+00	-4.7846E-03	2.6618E-01
8.5200000E+00	-1.0096E-03	3.0147E-01
8.5300000E+00	3.1342E-03	3.4945E-01
8.5400000E+00	7.7972E-03	4.0439E-01
8.5500000E+00	1.2226E-02	4.5868E-01
8.5600000E+00	1.5180E-02	5.0499E-01
8.5700000E+00	1.6249E-02	5.3728E-01
8.5800000E+00	1.4869E-02	5.5165E-01
8.5900000E+00	1.0659E-02	5.4604E-01
8.6000000E+00	5.2178E-03	5.2070E-01
8.6100000E+00	1.4822E-04	4.8008E-01
8.6200000E+00	-4.8180E-03	4.2913E-01
8.6300000E+00	-8.9537E-03	3.7483E-01
8.6400000E+00	-1.1175E-02	3.2452E-01
8.6500000E+00	-1.1597E-02	2.8518E-01
8.6600000E+00	-1.0602E-02	2.6222E-01
8.6700000E+00	-8.3605E-03	2.5854E-01
8.6800000E+00	-5.0606E-03	2.7487E-01
8.6900000E+00	-1.2660E-03	3.0885E-01
8.7000000E+00	3.0118E-03	3.5643E-01
8.7100000E+00	7.7532E-03	4.1107E-01
8.7200000E+00	1.2178E-02	4.6566E-01
8.7300000E+00	1.4912E-02	5.1264E-01
8.7400000E+00	1.6035E-02	5.4599E-01
8.7500000E+00	1.4808E-02	5.6132E-01
8.7600000E+00	1.0749E-02	5.5669E-01
8.7700000E+00	5.5801E-03	5.3269E-01
8.7800000E+00	5.3897E-04	4.9278E-01
8.7900000E+00	-4.3041E-03	4.4210E-01
8.8000000E+00	-8.6446E-03	3.8781E-01
8.8100000E+00	-1.1148E-02	3.3719E-01
8.8200000E+00	-1.1724E-02	2.9722E-01
8.8300000E+00	-1.0863E-02	2.7287E-01
8.8400000E+00	-8.5780E-03	2.6822E-01
8.8500000E+00	-5.3707E-03	2.8317E-01
8.8600000E+00	-1.4756E-03	3.1649E-01
8.8700000E+00	2.8993E-03	3.6344E-01
8.8800000E+00	7.7220E-03	4.1772E-01
8.8900000E+00	1.2057E-02	4.7268E-01
8.9000000E+00	1.4673E-02	5.2035E-01
8.9100000E+00	1.5787E-02	5.5465E-01
8.9200000E+00	1.4727E-02	5.7095E-01
8.9300000E+00	1.1014E-02	5.6764E-01
8.9400000E+00	5.8770E-03	5.4467E-01
8.9500000E+00	9.1476E-04	5.0542E-01
8.9600000E+00	-3.7920E-03	4.5544E-01
8.9700000E+00	-8.2447E-03	4.0116E-01
8.9800000E+00	-1.1081E-02	3.4985E-01
8.9900000E+00	-1.1852E-02	3.0891E-01
9.0000000E+00	-1.0994E-02	2.8388E-01
9.0100000E+00	-8.8168E-03	2.7787E-01
9.0200000E+00	-5.5737E-03	2.9182E-01
9.0300000E+00	-1.6708E-03	3.2412E-01
9.0400000E+00	2.7655E-03	3.7043E-01
9.0500000E+00	7.6957E-03	4.2470E-01
9.0600000E+00	1.1902E-02	4.7933E-01
9.0700000E+00	1.4390E-02	5.2764E-01
9.0800000E+00	1.5497E-02	5.6298E-01
9.0900000E+00	1.4742E-02	5.8061E-01
9.1000000E+00	1.1159E-02	5.7832E-01
9.1100000E+00	6.1120E-03	5.5631E-01
9.1200000E+00	1.2719E-03	5.1806E-01
9.1300000E+00	-3.3209E-03	4.6843E-01
9.1400000E+00	-7.8120E-03	4.1418E-01
9.1500000E+00	-1.0906E-02	3.6284E-01
9.1600000E+00	-1.1891E-02	3.2087E-01
9.1700000E+00	-1.1138E-02	2.9486E-01
9.1800000E+00	-9.0346E-03	2.8752E-01
9.1900000E+00	-5.8141E-03	3.0052E-01
9.2000000E+00	-1.8546E-03	3.3180E-01
9.2100000E+00	2.6804E-03	3.7744E-01
9.2200000E+00	7.6310E-03	4.3138E-01
9.2300000E+00	1.1689E-02	4.8633E-01
9.2400000E+00	1.4098E-02	5.3529E-01
9.2500000E+00	1.5263E-02	5.7128E-01
9.2600000E+00	1.4794E-02	5.9028E-01
9.2700000E+00	1.1344E-02	5.8898E-01
9.2800000E+00	6.4323E-03	5.6831E-01
9.2900000E+00	1.5690E-03	5.3072E-01
9.3000000E+00	-2.9137E-03	4.8143E-01
9.3100000E+00	-7.3131E-03	4.2747E-01
9.3200000E+00	-1.0655E-02	3.7550E-01
9.3300000E+00	-1.1889E-02	3.3320E-01
9.3400000E+00	-1.1286E-02	3.0588E-01
9.3500000E+00	-9.2495E-03	2.9750E-01
9.3600000E+00	-6.0059E-03	3.0917E-01
9.3700000E+00	-2.0454E-03	3.3947E-01
9.3800000E+00	2.5411E-03	3.8442E-01
9.3900000E+00	7.5028E-03	4.3805E-01
9.4000000E+00	1.1482E-02	4.9334E-01
9.4100000E+00	1.3743E-02	5.4265E-01
9.4200000E+00	1.5061E-02	5.7962E-01
9.4300000E+00	1.4739E-02	5.9960E-01
9.4400000E+00	1.1609E-02	5.9962E-01
9.4500000E+00	6.7449E-03	5.7999E-01
9.4600000E+00	1.8907E-03	5.4339E-01
9.4700000E+00	-2.5425E-03	4.9444E-01
9.4800000E+00	-6.8586E-03	4.4046E-01
9.4900000E+00	-1.0392E-02	3.8816E-01
9.5000000E+00	-1.1859E-02	3.4520E-01
9.5100000E+00	-1.1402E-02	3.1689E-01
9.5200000E+00	-9.4553E-03	3.0719E-01
9.5300000E+00	-6.2118E-03	3.1784E-01
9.5400000E+00	-2.2047E-03	3.4712E-01
9.5500000E+00	2.4647E-03	3.9146E-01
9.5600000E+00	7.3746E-03	4.4469E-01
9.5700000E+00	1.1188E-02	4.9997E-01
9.5800000E+00	1.3457E-02	5.4997E-01
9.5900000E+00	1.4852E-02	5.8792E-01
9.6000000E+00	1.4790E-02	6.0894E-01
9.6100000E+00	1.1886E-02	6.1028E-01
9.6200000E+00	7.0530E-03	5.9167E-01
9.6300000E+00	2.1318E-03	5.5570E-01
9.6400000E+00	-2.1810E-03	5.0776E-01
9.6500000E+00	-6.3531E-03	4.5380E-01
9.6600000E+00	-1.0022E-02	4.0115E-01
9.6700000E+00	-1.1805E-02	3.5720E-01
9.6800000E+00	-1.1474E-02	3.2821E-01
9.6900000E+00	-9.5909E-03	3.1753E-01
9.7000000E+00	-6.4283E-03	3.2685E-01
9.7100000E+00	-2.3669E-03	3.5510E-01
9.7200000E+00	2.3535E-03	3.9876E-01
9.7300000E+00	7.2265E-03	4.5171E-01
9.7400000E+00	1.0902E-02	5.0700E-01
9.7500000E+00	1.3134E-02	5.5728E-01
9.7600000E+00	1.4737E-02	5.9628E-01
9.7700000E+00	1.4891E-02	6.1826E-01
9.7800000E+00	1.2173E-02	6.2062E-01
9.7900000E+00	7.4118E-03	6.0330E-01
9.8000000E+00	2.4443E-03	5.6835E-01
9.8100000E+00	-1.9059E-03	5.2073E-01
9.8200000E+00	-5.9773E-03	4.6678E-01
9.8300000E+00	-9.6323E-03	4.1417E-01
9.8400000E+00	-1.1653E-02	3.6956E-01
9.8500000E+00	-1.1603E-02	3.3920E-01
9.8600000E+00	-9.7375E-03	3.2752E-01
9.8700000E+00	-6.5816E-03	3.3583E-01
9.8800000E+00	-2.5156E-03	3.6315E-01
9.8900000E+00	2.2377E-03	4.0576E-01
9.9000000E+00	7.0935E-03	4.5838E-01
9.9100000E+00	1.0578E-02	5.1364E-01
9.9200000E+00	1.2879E-02	5.6463E-01
9.9300000E+00	1.4631E-02	6.0425E-01
9.9400000E+00	1.5041E-02	6.2763E-01
9.9500000E+00	1.2506E-02	6.3097E-01
9.9600000E+00	7.6904E-03	6.1467E-01
9.9700000E+00	2.7020E-03	5.8070E-01
9.9800000E+00	-1.6691E-03	5.3374E-01
9.9900000E+00	-5.5997E-03	4.8008E-01
1.0000000E+01	-9.2467E-03	4.2686E-01
1.0010000E+01	-1.1478E-02	3.8185E-01
1.0020000E+01	-1.1611E-02	3.5055E-01
1.0030000E+01	-9.8815E-03	3.3754E-01
1.0040000E+01	-6.7980E-03	3.4448E-01
1.0050000E+01	-2.6767E-03	3.7080E-01
1.0060000E+01	2.1260E-03	4.1309E-01
1.0070000E+01	6.8208E-03	4.6503E-01
1.0080000E+01	1.0301E-02	5.2065E-01
1.0090000E+01	1.2653E-02	5.7194E-01
1.0100000E+01	1.4566E-02	6.1261E-01
1.0110000E+01	1.5203E-02	6.3660E-01
1.0120000E+01	1.2877E-02	6.4129E-01
1.0130000E+01	8.1398E-03	6.2632E-01
1.0140000E+01	2.9589E-03	5.9302E-01
1.0150000E+01	-1.4192E-03	5.4672E-01
1.0160000E+01	-5.3043E-03	4.9312E-01
1.0170000E+01	-8.8718E-03	4.3985E-01
1.0180000E+01	-1.1298E-02	3.9421E-01
1.0190000E+01	-1.1632E-02	3.6182E-01
1.0200000E+01	-1.0030E-02	3.4786E-01
1.0210000E+01	-6.9162E-03	3.5381E-01
1.0220000E+01	-2.8396E-03	3.7879E-01
1.0230000E+01	1.9662E-03	4.2005E-01
1.0240000E+01	6.6237E-03	4.7199E-01
1.0250000E+01	9.8990E-03	5.2698E-01
1.0260000E+01	1.2200E-02	5.7764E-01
1.0270000E+01	1.4173E-02	6.1762E-01
1.0280000E+01	1.4739E-02	6.4159E-01
1.0290000E+01	1.2616E-02	6.4631E-01
1.0300000E+01	7.9198E-03	6.3131E-01
1.0310000E+01	2.7624E-03	5.9769E-01
1.0320000E+01	-1.6611E-03	5.5075E-01
1.0330000E+01	-5.5182E-03	4.9646E-01
1.0340000E+01	-9.1021E-03	4.4182E-01
1.0350000E+01	-1.1688E-02	3.9418E-01
1.0360000E+01	-1.2230E-02	3.5986E-01
1.0370000E+01	-1.0750E-02	3.4354E-01
1.0380000E+01	-7.8182E-03	3.4684E-01
1.0390000E+01	-3.7342E-03	3.6979E-01
1.0400000E+01	9.6222E-04	4.0909E-01
1.0410000E+01	5.6789E-03	4.5935E-01
1.0420000E+01	9.1944E-03	5.1368E-01
1.0430000E+01	1.1468E-02	5.6462E-01
1.0440000E+01	1.3045E-02	6.0560E-01
1.0450000E+01	1.3425E-02	6.3059E-01
1.0460000E+01	1.1455E-02	6.3664E-01
1.0470000E+01	7.3166E-03	6.2267E-01
1.0480000E+01	2.6304E-03	5.9037E-01
1.0490000E+01	-1.6706E-03	5.4372E-01
1.0500000E+01	-5.4487E-03	4.8977E-01
1.0510000E+01	-9.1380E-03	4.3480E-01
1.0520000E+01	-1.1809E-02	3.8651E-01
1.0530000E+01	-1.2296E-02	3.5152E-01
1.0540000E+01	-1.1092E-02	3.3385E-01
1.0550000E+01	-8.1745E-03	3.3618E-01
1.0560000E+01	-4.2752E-03	3.5813E-01
1.0570000E+01	2.7047E-04	3.9641E-01
1.0580000E+01	5.1598E-03	4.4637E-01
1.0590000E+01	8.9012E-03	5.0068E-01
1.0600000E+01	1.1077E-02	5.5198E-01
1.0610000E+01	1.2474E-02	5.9360E-01
1.0620000E+01	1.2710E-02	6.1994E-01
1.0630000E+01	1.0805E-02	6.2698E-01
1.0640000E+01	7.0206E-03	6.1396E-01
1.0650000E+01	2.6742E-03	5.8273E-01
1.0660000E+01	-1.5321E-03	5.3672E-01
1.0670000E+01	-5.3605E-03	4.8276E-01
1.0680000E+01	-9.0675E-03	4.2782E-01
1.0690000E+01	-1.1727E-02	3.7918E-01
1.0700000E+01	-1.2365E-02	3.4288E-01
1.0710000E+01	-1.1193E-02	3.2419E-01
1.0720000E+01	-8.4616E-03	3.2550E-01
1.0730000E+01	-4.6294E-03	3.4646E-01
1.0740000E+01	-2.1708E-04	3.8412E-01
1.0750000E+01	4.5320E-03	4.3304E-01
1.0760000E+01	8.4896E-03	4.8732E-01
1.0770000E+01	1.0865E-02	5.3929E-01
1.0780000E+01	1.2047E-02	5.8164E-01
1.0790000E+01	1.2194E-02	6.0862E-01
1.0800000E+01	1.0467E-02	6.1697E-01
1.0810000E+01	6.9132E-03	6.0533E-01
1.0820000E+01	2.6199E-03	5.7469E-01
1.0830000E+01	-1.3851E-03	5.2976E-01
1.0840000E+01	-5.2282E-03	4.7612E-01
1.0850000E+01	-8.9711E-03	4.2115E-01
1.0860000E+01	-1.1646E-02	3.7152E-01
1.0870000E+01	-1.2348E-02	3.3455E-01
1.0880000E+01	-1.1278E-02	3.1487E-01
1.0890000E+01	-8.6799E-03	3.1483E-01
1.0900000E+01	-4.9688E-03	3.3483E-01
1.0910000E+01	-7.0143E-04	3.7142E-01
1.0920000E+01	3.9993E-03	4.2004E-01
1.0930000E+01	8.1410E-03	4.7433E-01
1.0940000E+01	1.0636E-02	5.2632E-01
1.0950000E+01	1.1792E-02	5.6962E-01
1.0960000E+01	1.1842E-02	5.9762E-01
1.0970000E+01	1.0249E-02	6.0694E-01
1.0980000E+01	6.7846E-03	5.9633E-01
1.0990000E+01	2.7511E-03	5.6704E-01
1.1000000E+01	-1.1988E-03	5.2277E-01
1.1010000E+01	-5.1147E-03	4.6946E-01
1.1020000E+01	-8.9236E-03	4.1417E-01
1.1030000E+01	-1.1536E-02	3.6421E-01
1.1040000E+01	-1.2277E-02	3.2651E-01
1.1050000E+01	-1.1310E-02	3.0554E-01
1.1060000E+01	-8.8840E-03	3.0420E-01
1.1070000E+01	-5.2464E-03	3.2316E-01
1.1080000E+01	-1.1363E-03	3.5878E-01
1.1090000E+01	3.4809E-03	4.0707E-01
1.1100000E+01	7.7083E-03	4.6101E-01
1.1110000E+01	1.0433E-02	5.1363E-01
1.1120000E+01	1.1580E-02	5.5729E-01
1.1130000E+01	1.1651E-02	5.8659E-01
1.1140000E+01	1.0040E-02	5.9730E-01
1.1150000E+01	6.8165E-03	5.8767E-01
1.1160000E+01	2.8544E-03	5.5935E-01
1.1170000E+01	-1.0369E-03	5.1575E-01
1.1180000E+01	-4.9963E-03	4.6277E-01
1.1190000E+01	-8.8919E-03	4.0718E-01
1.1200000E+01	-1.1422E-02	3.5687E-01
1.1210000E+01	-1.2219E-02	3.1818E-01
1.1220000E+01	-1.1413E-02	2.9623E-01
1.1230000E+01	-9.0099E-03	2.9385E-01
1.1240000E+01	-5.5167E-03	3.1154E-01
1.1250000E+01	-1.4669E-03	3.4644E-01
1.1260000E+01	2.9059E-03	3.9406E-01
1.1270000E+01	7.3028E-03	4.4802E-01
1.1280000E+01	1.0238E-02	5.0063E-01
1.1290000E+01	1.1467E-02	5.4495E-01
1.1300000E+01	1.1467E-02	5.7529E-01
1.1310000E+01	9.9547E-03	5.8696E-01
1.1320000E+01	6.8518E-03	5.7866E-01
1.1330000E+01	3.0342E-03	5.5136E-01
1.1340000E+01	-9.4029E-04	5.0843E-01
1.1350000E+01	-4.9030E-03	4.5579E-01
1.1360000E+01	-8.7409E-03	4.0049E-01
1.1370000E+01	-1.1272E-02	3.4955E-01
1.1380000E+01	-1.2168E-02	3.0988E-01
1.1390000E+01	-1.1422E-02	2.8685E-01
1.1400000E+01	-9.1863E-03	2.8353E-01
1.1410000E+01	-5.7458E-03	2.9985E-01
1.1420000E+01	-1.8323E-03	3.3379E-01
1.1430000E+01	2.4787E-03	3.8106E-01
1.1440000E+01	6.8126E-03	4.3469E-01
1.1450000E+01	1.0013E-02	4.8765E-01
1.1460000E+01	1.1378E-02	5.3296E-01
1.1470000E+01	1.1371E-02	5.6394E-01
1.1480000E+01	9.8734E-03	5.7696E-01
1.1490000E+01	6.9144E-03	5.6966E-01
1.1500000E+01	3.1332E-03	5.4334E-01
1.1510000E+01	-7.6313E-04	5.0143E-01
1.1520000E+01	-4.7998E-03	4.4911E-01
1.1530000E+01	-8.6885E-03	3.9351E-01
1.1540000E+01	-1.1164E-02	3.4219E-01
1.1550000E+01	-1.2056E-02	3.0189E-01
1.1560000E+01	-1.1463E-02	2.7788E-01
1.1570000E+01	-9.2712E-03	2.7319E-01
1.1580000E+01	-5.9972E-03	2.8847E-01
1.1590000E+01	-2.1212E-03	3.2147E-01
1.1600000E+01	2.0463E-03	3.6812E-01
1.1610000E+01	6.3275E-03	4.2136E-01
1.1620000E+01	9.7529E-03	4.7466E-01
1.1630000E+01	1.1338E-02	5.2062E-01
1.1640000E+01	1.1348E-02	5.5264E-01
1.1650000E+01	9.9233E-03	5.6664E-01
1.1660000E+01	7.0042E-03	5.6069E-01
1.1670000E+01	3.2833E-03	5.3535E-01
1.1680000E+01	-6.2111E-04	4.9409E-01
1.1690000E+01	-4.6588E-03	4.4245E-01
1.1700000E+01	-8.5470E-03	3.8683E-01
1.1710000E+01	-1.1016E-02	3.3520E-01
1.1720000E+01	-1.1996E-02	2.9390E-01
1.1730000E+01	-1.1519E-02	2.6854E-01
1.1740000E+01	-9.4673E-03	2.6287E-01
1.1750000E+01	-6.2456E-03	2.7683E-01
1.1760000E+01	-2.3866E-03	3.0915E-01
1.1770000E+01	1.6547E-03	3.5508E-01
1.1780000E+01	5.8564E-03	4.0840E-01
1.1790000E+01	9.4423E-03	4.6170E-01
1.1800000E+01	1.1240E-02	5.0832E-01
1.1810000E+01	1.1317E-02	5.4128E-01
1.1820000E+01	9.9239E-03	5.5633E-01
1.1830000E+01	7.1119E-03	5.5169E-01
1.1840000E+01	3.4341E-03	5.2737E-01
1.1850000E+01	-5.0069E-04	4.8677E-01
1.1860000E+01	-4.5892E-03	4.3545E-01
1.1870000E+01	-8.3948E-03	3.8018E-01
1.1880000E+01	-1.0878E-02	3.2790E-01
1.1890000E+01	-1.1883E-02	2.8585E-01
1.1900000E+01	-1.1535E-02	2.5957E-01
1.1910000E+01	-9.6024E-03	2.5253E-01
1.1920000E+01	-6.4328E-03	2.6552E-01
1.1930000E+01	-2.6501E-03	2.9678E-01
1.1940000E+01	1.3085E-03	3.4212E-01
1.1950000E+01	5.3828E-03	3.9505E-01
1.1960000E+01	9.0881E-03	4.4866E-01
1.1970000E+01	1.1168E-02	4.9599E-01
1.1980000E+01	1.1370E-02	5.2997E-01
1.1990000E+01	1.0011E-02	5.4602E-01
1.2000000E+01	7.2478E-03	5.4233E-01
1.2010000E+01	3.6214E-03	5.1937E-01
1.2020000E+01	-3.1860E-04	4.7976E-01
1.2030000E+01	-4.4817E-03	4.2881E-01
1.2040000E+01	-8.2874E-03	3.7316E-01
1.2050000E+01	-1.0722E-02	3.2056E-01
1.2060000E+01	-1.1779E-02	2.7787E-01
1.2070000E+01	-1.1534E-02	2.5055E-01
1.2080000E+01	-9.7010E-03	2.4255E-01
1.2090000E+01	-6.6452E-03	2.5420E-01
1.2100000E+01	-2.8900E-03	2.8447E-01
1.2110000E+01	9.8640E-04	3.2910E-01
1.2120000E+01	4.9766E-03	3.8208E-01
1.2130000E+01	8.6742E-03	4.3571E-01
1.2140000E+01	1.1043E-02	4.8329E-01
1.2150000E+01	1.1401E-02	5.1831E-01
1.2160000E+01	1.0134E-02	5.3565E-01
1.2170000E+01	7.4178E-03	5.3334E-01
1.2180000E+01	3.7734E-03	5.1103E-01
1.2190000E+01	-1.8475E-04	4.7243E-01
1.2200000E+01	-4.3753E-03	4.2181E-01
1.2210000E+01	-8.1154E-03	3.6654E-01
1.2220000E+01	-1.0539E-02	3.1354E-01
1.2230000E+01	-1.1699E-02	2.6989E-01
1.2240000E+01	-1.1523E-02	2.4188E-01
1.2250000E+01	-9.8118E-03	2.3256E-01
1.2260000E+01	-6.8105E-03	2.4320E-01
1.2270000E+01	-3.1197E-03	2.7248E-01
1.2280000E+01	7.3631E-04	3.1648E-01
1.2290000E+01	4.5311E-03	3.6874E-01
1.2300000E+01	8.2624E-03	4.2269E-01
1.2310000E+01	1.0823E-02	4.7097E-01
1.2320000E+01	1.1399E-02	5.0668E-01
1.2330000E+01	1.0232E-02	5.2532E-01
1.2340000E+01	7.5856E-03	5.2399E-01
1.2350000E+01	3.9516E-03	5.0303E-01
1.2360000E+01	-5.8777E-05	4.6508E-01
1.2370000E+01	-4.2582E-03	4.1515E-01
1.2380000E+01	-7.9446E-03	3.5984E-01
1.2390000E+01	-1.0367E-02	3.0655E-01
1.2400000E+01	-1.1589E-02	2.6223E-01
1.2410000E+01	-1.1511E-02	2.3289E-01
1.2420000E+01	-9.9447E-03	2.2224E-01
1.2430000E+01	-7.0032E-03	2.3186E-01
1.2440000E+01	-3.3399E-03	2.6017E-01
1.2450000E+01	4.6737E-04	3.0345E-01
1.2460000E+01	4.2134E-03	3.5574E-01
1.2470000E+01	7.8232E-03	4.0968E-01
1.2480000E+01	1.0572E-02	4.5833E-01
1.2490000E+01	1.1378E-02	4.9498E-01
1.2500000E+01	1.0360E-02	5.1464E-01
1.2510000E+01	7.7425E-03	5.1468E-01
1.2520000E+01	4.1258E-03	4.9471E-01
1.2530000E+01	7.8373E-05	4.5741E-01
1.2540000E+01	-4.1265E-03	4.0815E-01
1.2550000E+01	-7.7595E-03	3.5285E-01
1.2560000E+01	-1.0159E-02	2.9954E-01
1.2570000E+01	-1.1469E-02	2.5458E-01
1.2580000E+01	-1.1506E-02	2.2425E-01
1.2590000E+01	-1.0052E-02	2.1254E-01
1.2600000E+01	-7.1805E-03	2.2089E-01
1.2610000E+01	-3.5488E-03	2.4816E-01
1.2620000E+01	2.1568E-04	2.9077E-01
1.2630000E+01	3.8625E-03	3.4245E-01
1.2640000E+01	7.4377E-03	3.9670E-01
1.2650000E+01	1.0283E-02	4.4600E-01
1.2660000E+01	1.1339E-02	4.8334E-01
1.2670000E+01	1.0441E-02	5.0401E-01
1.2680000E+01	7.9150E-03	5.0506E-01
1.2690000E+01	4.3073E-03	4.8637E-01
1.2700000E+01	2.2352E-04	4.5009E-01
1.2710000E+01	-3.9944E-03	4.0113E-01
1.2720000E+01	-7.5520E-03	3.4617E-01
1.2730000E+01	-9.9786E-03	2.9221E-01
1.2740000E+01	-1.1344E-02	2.4657E-01
1.2750000E+01	-1.1455E-02	2.1560E-01
1.2760000E+01	-1.0152E-02	2.0258E-01
1.2770000E+01	-7.3567E-03	2.0986E-01
1.2780000E+01	-3.7370E-03	2.3622E-01
1.2790000E+01	3.5253E-06	2.7782E-01
1.2800000E+01	3.5896E-03	3.2946E-01
1.2810000E+01	7.0465E-03	3.8374E-01
1.2820000E+01	9.9414E-03	4.3337E-01
1.2830000E+01	1.1253E-02	4.7165E-01
1.2840000E+01	1.0547E-02	4.9333E-01
1.2850000E+01	8.0984E-03	4.9567E-01
1.2860000E+01	4.4844E-03	4.7803E-01
1.2870000E+01	3.9647E-04	4.4278E-01
1.2880000E+01	-3.7739E-03	3.9446E-01
1.2890000E+01	-7.3265E-03	3.3954E-01
1.2900000E+01	-9.7488E-03	2.8520E-01
1.2910000E+01	-1.1198E-02	2.3892E-01
1.2920000E+01	-1.1430E-02	2.0694E-01
1.2930000E+01	-1.0213E-02	1.9291E-01
1.2940000E+01	-7.5469E-03	1.9891E-01
1.2950000E+01	-3.9763E-03	2.2420E-01
1.2960000E+01	-2.1373E-04	2.6516E-01
1.2970000E+01	3.3450E-03	3.1611E-01
1.2980000E+01	6.6620E-03	3.7039E-01
1.2990000E+01	9.5990E-03	4.2070E-01
1.3000000E+01	1.1093E-02	4.5964E-01
1.3010000E+01	1.0610E-02	4.8268E-01
1.3020000E+01	8.2462E-03	4.8603E-01
1.3030000E+01	4.6360E-03	4.6940E-01
1.3040000E+01	5.3550E-04	4.3512E-01
1.3050000E+01	-3.5970E-03	3.8751E-01
1.3060000E+01	-7.0825E-03	3.3287E-01
1.3070000E+01	-9.5720E-03	2.7820E-01
1.3080000E+01	-1.1060E-02	2.3159E-01
1.3090000E+01	-1.1423E-02	1.9824E-01
1.3100000E+01	-1.0319E-02	1.8293E-01
1.3110000E+01	-7.7014E-03	1.8790E-01
1.3120000E+01	-4.1461E-03	2.1221E-01
1.3130000E+01	-4.1884E-04	2.5250E-01
1.3140000E+01	3.1221E-03	3.0311E-01
1.3150000E+01	6.3340E-03	3.5741E-01
1.3160000E+01	9.2429E-03	4.0804E-01
1.3170000E+01	1.0930E-02	4.4801E-01
1.3180000E+01	1.0595E-02	4.7168E-01
1.3190000E+01	8.3867E-03	4.7636E-01
1.3200000E+01	4.8277E-03	4.6105E-01
1.3210000E+01	6.9959E-04	4.2743E-01
1.3220000E+01	-3.3721E-03	3.8046E-01
1.3230000E+01	-6.8442E-03	3.2583E-01
1.3240000E+01	-9.3371E-03	2.7124E-01
1.3250000E+01	-1.0904E-02	2.2390E-01
1.3260000E+01	-1.1403E-02	1.8959E-01
1.3270000E+01	-1.0386E-02	1.7323E-01
1.3280000E+01	-7.8567E-03	1.7722E-01
1.3290000E+01	-4.4238E-03	2.0020E-01
1.3300000E+01	-6.1021E-04	2.3986E-01
1.3310000E+01	2.8691E-03	2.8980E-01
1.3320000E+01	6.0963E-03	3.4412E-01
1.3330000E+01	8.8544E-03	3.9541E-01
1.3340000E+01	1.0669E-02	4.3604E-01
1.3350000E+01	1.0604E-02	4.6099E-01
1.3360000E+01	8.5060E-03	4.6668E-01
1.3370000E+01	4.9643E-03	4.5240E-01
1.3380000E+01	9.1039E-04	4.2011E-01
1.3390000E+01	-3.1816E-03	3.7347E-01
1.3400000E+01	-6.5448E-03	3.1918E-01
1.3410000E+01	-9.1015E-03	2.6453E-01
1.3420000E+01	-1.0779E-02	2.1623E-01
1.3430000E+01	-1.1314E-02	1.8127E-01
1.3440000E+01	-1.0399E-02	1.6392E-01
1.3450000E+01	-8.0293E-03	1.6626E-01
1.3460000E+01	-4.5713E-03	1.8852E-01
1.3470000E+01	-8.3935E-04	2.2720E-01
1.3480000E+01	2.7027E-03	2.7680E-01
1.3490000E+01	5.8600E-03	3.3113E-01
1.3500000E+01	8.5297E-03	3.8240E-01
1.3510000E+01	1.0377E-02	4.2402E-01
1.3520000E+01	1.0534E-02	4.5004E-01
1.3530000E+01	8.6269E-03	4.5702E-01
1.3540000E+01	5.1283E-03	4.4374E-01
1.3550000E+01	1.0758E-03	4.1243E-01
1.3560000E+01	-2.9020E-03	3.6649E-01
1.3570000E+01	-6.2941E-03	3.1255E-01
1.3580000E+01	-8.8741E-03	2.5756E-01
1.3590000E+01	-1.0610E-02	2.0891E-01
1.3600000E+01	-1.1240E-02	1.7291E-01
1.3610000E+01	-1.0455E-02	1.5427E-01
1.3620000E+01	-8.1626E-03	1.5562E-01
1.3630000E+01	-4.7952E-03	1.7654E-01
1.3640000E+01	-1.0480E-03	2.1454E-01
1.3650000E+01	2.5178E-03	2.6381E-01
1.3660000E+01	5.6335E-03	3.1812E-01
1.3670000E+01	8.2380E-03	3.6973E-01
1.3680000E+01	1.0087E-02	4.1203E-01
1.3690000E+01	1.0407E-02	4.3905E-01
1.3700000E+01	8.6682E-03	4.4705E-01
1.3710000E+01	5.2869E-03	4.3507E-01
1.3720000E+01	1.2410E-03	4.0445E-01
1.3730000E+01	-2.6436E-03	3.5948E-01
1.3740000E+01	-5.9920E-03	3.0586E-01
1.3750000E+01	-8.6263E-03	2.5055E-01
1.3760000E+01	-1.0461E-02	2.0124E-01
1.3770000E+01	-1.1184E-02	1.6459E-01
1.3780000E+01	-1.0502E-02	1.4497E-01
1.3790000E+01	-8.2833E-03	1.4494E-01
1.3800000E+01	-4.9845E-03	1.6489E-01
1.3810000E+01	-1.2725E-03	2.0186E-01
1.3820000E+01	2.3458E-03	2.5079E-01
1.3830000E+01	5.4418E-03	3.0476E-01
1.3840000E+01	7.9834E-03	3.5673E-01
1.3850000E+01	9.8055E-03	3.9973E-01
1.3860000E+01	1.0258E-02	4.2804E-01
1.3870000E+01	8.6571E-03	4.3704E-01
1.3880000E+01	5.4361E-03	4.2640E-01
1.3890000E+01	1.4402E-03	3.9677E-01
1.3900000E+01	-2.3768E-03	3.5250E-01
1.3910000E+01	-5.7095E-03	2.9919E-01
1.3920000E+01	-8.4110E-03	2.4388E-01
1.3930000E+01	-1.0286E-02	1.9395E-01
1.3940000E+01	-1.1110E-02	1.5625E-01
1.3950000E+01	-1.0526E-02	1.3559E-01
1.3960000E+01	-8.3978E-03	1.3461E-01
1.3970000E+01	-5.1790E-03	1.5324E-01
1.3980000E+01	-1.4791E-03	1.8916E-01
1.3990000E+01	2.1014E-03	2.3749E-01
1.4000000E+01	5.2341E-03	2.9144E-01
1.4010000E+01	7.7638E-03	3.4409E-01
1.4020000E+01	9.5147E-03	3.8772E-01
1.4030000E+01	1.0068E-02	4.1669E-01
1.4040000E+01	8.7219E-03	4.2734E-01
1.4050000E+01	5.5586E-03	4.1744E-01
1.4060000E+01	1.6983E-03	3.8911E-01
1.4070000E+01	-2.1321E-03	3.4516E-01
1.4080000E+01	-5.4320E-03	2.9219E-01
1.4090000E+01	-8.1577E-03	2.3691E-01
1.4100000E+01	-1.0126E-02	1.8660E-01
1.4110000E+01	-1.1050E-02	1.4792E-01
1.4120000E+01	-1.0567E-02	1.2627E-01
1.4130000E+01	-8.5599E-03	1.2393E-01
1.4140000E+01	-5.3858E-03	1.4153E-01
1.4150000E+01	-1.6863E-03	1.7685E-01
1.4160000E+01	1.9042E-03	2.2451E-01
1.4170000E+01	5.0822E-03	2.7846E-01
1.4180000E+01	7.5707E-03	3.3109E-01
1.4190000E+01	9.2779E-03	3.7536E-01
1.4200000E+01	9.9456E-03	4.0570E-01
1.4210000E+01	8.6750E-03	4.1710E-01
1.4220000E+01	5.6727E-03	4.0873E-01
1.4230000E+01	1.8901E-03	3.8110E-01
1.4240000E+01	-1.8256E-03	3.3815E-01
1.4250000E+01	-5.1491E-03	2.8552E-01
1.4260000E+01	-7.9042E-03	2.3025E-01
1.4270000E+01	-9.9746E-03	1.7928E-01
1.4280000E+01	-1.0944E-02	1.3997E-01
1.4290000E+01	-1.0607E-02	1.1695E-01
1.4300000E+01	-8.6677E-03	1.1359E-01
1.4310000E+01	-5.5554E-03	1.3026E-01
1.4320000E+01	-1.9305E-03	1.6426E-01
1.4330000E+01	1.6963E-03	2.1151E-01
1.4340000E+01	4.8785E-03	2.6513E-01
1.4350000E+01	7.3895E-03	3.1810E-01
1.4360000E+01	9.1259E-03	3.6343E-01
1.4370000E+01	9.7017E-03	3.9437E-01
1.4380000E+01	8.6299E-03	4.0708E-01
1.4390000E+01	5.7553E-03	3.9977E-01
1.4400000E+01	2.0566E-03	3.7313E-01
1.4410000E+01	-1.5509E-03	3.3116E-01
1.4420000E+01	-4.8554E-03	2.7885E-01
1.4430000E+01	-7.7248E-03	2.2326E-01
1.4440000E+01	-9.8151E-03	1.7194E-01
1.4450000E+01	-1.0916E-02	1.3161E-01
1.4460000E+01	-1.0641E-02	1.0761E-01
1.4470000E+01	-8.8021E-03	1.0329E-01
1.4480000E+01	-5.7565E-03	1.1858E-01
1.4490000E+01	-2.1328E-03	1.5189E-01
1.4500000E+01	1.5198E-03	1.9850E-01
1.4510000E+01	4.7232E-03	2.5211E-01
1.4520000E+01	7.2917E-03	3.0543E-01
1.4530000E+01	8.9171E-03	3.5108E-01
1.4540000E+01	9.5310E-03	3.8305E-01
1.4550000E+01	8.5295E-03	3.9676E-01
1.4560000E+01	5.9173E-03	3.9074E-01
1.4570000E+01	2.2692E-03	3.6514E-01
1.4580000E+01	-1.2948E-03	3.2382E-01
1.4590000E+01	-4.6338E-03	2.7185E-01
1.4600000E+01	-7.4310E-03	2.1657E-01
1.4610000E+01	-9.6798E-03	1.6461E-01
1.4620000E+01	-1.0838E-02	1.2363E-01
1.4630000E+01	-1.0666E-02	9.8617E-02
1.4640000E+01	-8.9402E-03	9.2920E-02
1.4650000E+01	-5.9750E-03	1.0726E-01
1.4660000E+01	-2.3856E-03	1.3957E-01
1.4670000E+01	1.2430E-03	1.8552E-01
1.4680000E+01	4.5794E-03	2.3880E-01
1.4690000E+01	7.1094E-03	2.9246E-01
1.4700000E+01	8.7783E-03	3.3875E-01
1.4710000E+01	9.3457E-03	3.7172E-01
1.4720000E+01	8.5279E-03	3.8671E-01
1.4730000E+01	5.9671E-03	3.8173E-01
1.4740000E+01	2.5296E-03	3.5713E-01
1.4750000E+01	-1.0715E-03	3.1646E-01
1.4760000E+01	-4.3286E-03	2.6522E-01
1.4770000E+01	-7.3287E-03	2.0955E-01
1.4780000E+01	-9.5017E-03	1.5760E-01
1.4790000E+01	-1.0756E-02	1.1561E-01
1.4800000E+01	-1.0644E-02	8.9606E-02
1.4810000E+01	-9.0757E-03	8.2607E-02
1.4820000E+01	-6.1889E-03	9.5937E-02
1.4830000E+01	-2.5865E-03	1.2726E-01
1.4840000E+01	1.0798E-03	1.7250E-01
1.4850000E+01	4.3696E-03	2.2581E-01
1.4860000E+01	6.9641E-03	2.7945E-01
1.4870000E+01	8.6617E-03	3.2643E-01
1.4880000E+01	9.2476E-03	3.6006E-01
1.4890000E+01	8.4501E-03	3.7640E-01
1.4900000E+01	6.0477E-03	3.7242E-01
1.4910000E+01	2.7486E-03	3.4914E-01
1.4920000E+01	-7.6604E-04	3.0946E-01
1.4930000E+01	-4.1698E-03	2.5818E-01
1.4940000E+01	-7.1011E-03	2.0290E-01
1.4950000E+01	-9.3888E-03	1.5028E-01
1.4960000E+01	-1.0677E-02	1.0763E-01
1.4970000E+01	-1.0731E-02	8.0611E-02
1.4980000E+01	-9.2153E-03	7.2606E-02
1.4990000E+01	-6.3437E-03	8.4596E-02
1.5000000E+01	-2.8125E-03	1.1488E-01
1.5010000E+01	8.5449E-04	1.5987E-01
1.5020000E+01	4.1748E-03	2.1249E-01
1.5030000E+01	6.8252E-03	2.6647E-01
1.5040000E+01	8.5257E-03	3.1377E-01
1.5050000E+01	9.1670E-03	3.4876E-01
1.5060000E+01	8.4160E-03	3.6577E-01
1.5070000E+01	6.1532E-03	3.6310E-01
1.5080000E+01	2.9425E-03	3.4110E-01
1.5090000E+01	-5.1088E-04	3.0212E-01
1.5100000E+01	-3.9206E-03	2.5153E-01
1.5110000E+01	-6.9083E-03	1.9620E-01
1.5120000E+01	-9.2473E-03	1.4328E-01
1.5130000E+01	-1.0613E-02	9.9956E-02
1.5140000E+01	-1.0760E-02	7.1644E-02
1.5150000E+01	-9.3096E-03	6.2612E-02
1.5160000E+01	-6.5741E-03	7.3315E-02
1.5170000E+01	-3.0205E-03	1.0292E-01
1.5180000E+01	6.0814E-04	1.4687E-01
1.5190000E+01	3.9923E-03	1.9951E-01
1.5200000E+01	6.6775E-03	2.5344E-01
1.5210000E+01	8.4527E-03	3.0144E-01
1.5220000E+01	9.0937E-03	3.3711E-01
1.5230000E+01	8.4367E-03	3.5541E-01
1.5240000E+01	6.2969E-03	3.5413E-01
1.5250000E+01	3.1397E-03	3.3280E-01
1.5260000E+01	-3.1054E-04	2.9484E-01
1.5270000E+01	-3.6889E-03	2.4450E-01
1.5280000E+01	-6.7199E-03	1.8925E-01
1.5290000E+01	-9.1265E-03	1.3594E-01
1.5300000E+01	-1.0530E-02	9.1969E-02
1.5310000E+01	-1.0737E-02	6.2960E-02
1.5320000E+01	-9.4983E-03	5.2312E-02
1.5330000E+01	-6.7474E-03	6.2290E-02
1.5340000E+01	-3.2982E-03	9.0576E-02
1.5350000E+01	3.6962E-04	1.3389E-01
1.5360000E+01	3.7680E-03	1.8616E-01
1.5370000E+01	6.5314E-03	2.4017E-01
1.5380000E+01	8.3484E-03	2.8878E-01
1.5390000E+01	9.0593E-03	3.2543E-01
1.5400000E+01	8.4105E-03	3.4476E-01
1.5410000E+01	6.3871E-03	3.4444E-01
1.5420000E+01	3.3193E-03	3.2447E-01
1.5430000E+01	-5.8530E-05	2.8716E-01
1.5440000E+01	-3.4640E-03	2.3789E-01
1.5450000E+01	-6.5552E-03	1.8257E-01
1.5460000E+01	-8.9935E-03	1.2893E-01
1.5470000E+01	-1.0473E-02	8.4297E-02
1.5480000E+01	-1.0804E-02	5.3998E-02
1.5490000E+01	-9.5624E-03	4.2620E-02
1.5500000E+01	-6.9825E-03	5.0935E-02
1.5510000E+01	-3.4927E-03	7.8588E-02
1.5520000E+01	1.5633E-04	1.2122E-01
1.5530000E+01	3.5653E-03	1.7320E-01
1.5540000E+01	6.3420E-03	2.2715E-01
1.5550000E+01	8.2967E-03	2.7648E-01
1.5560000E+01	9.0044E-03	3.1377E-01
1.5570000E+01	8.4480E-03	3.3447E-01
1.5580000E+01	6.4654E-03	3.3510E-01
1.5590000E+01	3.5043E-03	3.1611E-01
1.5600000E+01	1.2272E-04	2.7983E-01
1.5610000E+01	-3.2770E-03	2.3086E-01
1.5620000E+01	-6.3834E-03	1.7588E-01
1.5630000E+01	-8.8515E-03	1.2196E-01
1.5640000E+01	-1.0437E-02	7.6311E-02
1.5650000E+01	-1.0802E-02	4.5293E-02
1.5660000E+01	-9.7138E-03	3.2594E-02
1.5670000E+01	-7.1816E-03	3.9958E-02
1.5680000E+01	-3.7010E-03	6.6599E-02
1.5690000E+01	-9.0196E-05	1.0822E-01
1.5700000E+01	3.3390E-03	1.5985E-01
1.5710000E+01	6.2173E-03	2.1415E-01
1.5720000E+01	8.1687E-03	2.6378E-01
1.5730000E+01	8.9603E-03	3.0211E-01
1.5740000E+01	8.4554E-03	3.2377E-01
1.5750000E+01	6.5921E-03	3.2576E-01
1.5760000E+01	3.6928E-03	3.0781E-01
1.5770000E+01	3.6291E-04	2.7248E-01
1.5780000E+01	-3.0673E-03	2.2388E-01
1.5790000E+01	-6.2036E-03	1.6924E-01
1.5800000E+01	-8.7276E-03	1.1492E-01
1.5810000E+01	-1.0366E-02	6.8635E-02
1.5820000E+01	-1.0821E-02	3.6637E-02
1.5830000E+01	-9.8106E-03	2.2986E-02
1.5840000E+01	-7.3941E-03	2.8969E-02
1.5850000E+01	-3.9706E-03	5.4567E-02
1.5860000E+01	-3.3998E-04	9.5572E-02
1.5870000E+01	3.1437E-03	1.4686E-01
1.5880000E+01	6.0552E-03	2.0114E-01
1.5890000E+01	8.0499E-03	2.5113E-01
1.5900000E+01	8.9215E-03	2.9011E-01
1.5910000E+01	8.4992E-03	3.1278E-01
1.5920000E+01	6.7156E-03	3.1611E-01
1.5930000E+01	3.8854E-03	2.9946E-01
1.5940000E+01	5.4306E-04	2.6483E-01
1.5950000E+01	-2.8566E-03	2.1721E-01
1.5960000E+01	-6.0238E-03	1.6222E-01
1.5970000E+01	-8.5961E-03	1.0793E-01
1.5980000E+01	-1.0283E-02	6.0952E-02
1.5990000E+01	-1.0862E-02	2.7998E-02
1.6000000E+01	-9.9620E-03	1.2958E-02
1.6010000E+01	-7.5587E-03	1.8290E-02
1.6020000E+01	-4.1617E-03	4.2598E-02
1.6030000E+01	-5.7081E-04	8.2925E-02
1.6040000E+01	2.8934E-03	1.3354E-01
1.6050000E+01	5.8576E-03	1.8783E-01
1.6060000E+01	7.9104E-03	2.3848E-01
1.6070000E+01	8.8505E-03	2.7810E-01
1.6080000E+01	8.5144E-03	3.0207E-01
1.6090000E+01	6.8068E-03	3.0650E-01
1.6100000E+01	4.0647E-03	2.9082E-01
1.6110000E+01	7.4000E-04	2.5719E-01
1.6120000E+01	-2.6601E-03	2.1019E-01
1.6130000E+01	-5.8937E-03	1.5559E-01
1.6140000E+01	-8.4319E-03	1.0093E-01
1.6150000E+01	-1.0216E-02	5.3644E-02
1.6160000E+01	-1.0882E-02	1.9626E-02
1.6170000E+01	-1.0073E-02	3.3369E-03
1.6180000E+01	-7.7314E-03	7.3129E-03
1.6190000E+01	-4.4165E-03	3.0628E-02
1.6200000E+01	-7.8698E-04	7.0257E-02
1.6210000E+01	2.6737E-03	1.2054E-01
1.6220000E+01	5.6770E-03	1.7483E-01
1.6230000E+01	7.8286E-03	2.2578E-01
1.6240000E+01	8.8433E-03	2.6645E-01
1.6250000E+01	8.5468E-03	2.9110E-01
1.6260000E+01	6.9465E-03	2.9677E-01
1.6270000E+01	4.2450E-03	2.8244E-01
1.6280000E+01	9.3545E-04	2.4983E-01
1.6290000E+01	-2.5008E-03	2.0324E-01
1.6300000E+01	-5.7207E-03	1.4891E-01
1.6310000E+01	-8.3441E-03	9.3940E-02
1.6320000E+01	-1.0177E-02	4.5957E-02
1.6330000E+01	-1.0891E-02	1.0980E-02
1.6340000E+01	-1.0142E-02	-6.0322E-03
1.6350000E+01	-7.9241E-03	-3.3508E-03
1.6360000E+01	-4.6699E-03	1.8938E-02
1.6370000E+01	-1.0237E-03	5.7585E-02
1.6380000E+01	2.4479E-03	1.0721E-01
1.6390000E+01	5.5074E-03	1.6152E-01
1.6400000E+01	7.7076E-03	2.1280E-01
1.6410000E+01	8.8176E-03	2.5448E-01
1.6420000E+01	8.5895E-03	2.8008E-01
1.6430000E+01	7.0578E-03	2.8713E-01
1.6440000E+01	4.4076E-03	2.7378E-01
1.6450000E+01	1.1614E-03	2.4218E-01
1.6460000E+01	-2.2960E-03	1.9620E-01
1.6470000E+01	-5.5353E-03	1.4227E-01
1.6480000E+01	-8.1959E-03	8.7280E-02
1.6490000E+01	-1.0098E-02	3.8665E-02
1.6500000E+01	-1.0911E-02	2.6517E-03
1.6510000E+01	-1.0284E-02	-1.5683E-02
1.6520000E+01	-8.1024E-03	-1.4038E-02
1.6530000E+01	-4.9418E-03	6.9741E-03
1.6540000E+01	-1.2725E-03	4.4916E-02
1.6550000E+01	2.2501E-03	9.4259E-02
1.6560000E+01	5.3225E-03	1.4851E-01
1.6570000E+01	7.5693E-03	2.0015E-01
1.6580000E+01	8.7657E-03	2.4247E-01
1.6590000E+01	8.6098E-03	2.6911E-01
1.6600000E+01	7.1372E-03	2.7711E-01
1.6610000E+01	4.5805E-03	2.6513E-01
1.6620000E+01	1.3097E-03	2.3421E-01
1.6630000E+01	-2.0730E-03	1.8922E-01
1.6640000E+01	-5.3573E-03	1.3524E-01
1.6650000E+01	-8.0851E-03	8.0284E-02
1.6660000E+01	-1.0033E-02	3.0961E-02
1.6670000E+01	-1.0949E-02	-5.6478E-03
1.6680000E+01	-1.0343E-02	-2.4996E-02
1.6690000E+01	-8.2874E-03	-2.4660E-02
1.6700000E+01	-5.1302E-03	-4.6909E-03
1.6710000E+01	-1.5276E-03	3.2281E-02
1.6720000E+01	2.0260E-03	8.1227E-02
1.6730000E+01	5.1138E-03	1.3520E-01
1.6740000E+01	7.4806E-03	1.8750E-01
1.6750000E+01	8.6998E-03	2.3016E-01
1.6760000E+01	8.6472E-03	2.5814E-01
1.6770000E+01	7.2750E-03	2.6717E-01
1.6780000E+01	4.7254E-03	2.5616E-01
1.6790000E+01	1.5090E-03	2.2651E-01
1.6800000E+01	-1.9148E-03	1.8224E-01
1.6810000E+01	-5.1965E-03	1.2857E-01
1.6820000E+01	-7.9564E-03	7.3313E-02
1.6830000E+01	-9.9492E-03	2.3641E-02
1.6840000E+01	-1.0900E-02	-1.3997E-02
1.6850000E+01	-1.0459E-02	-3.4642E-02
1.6860000E+01	-8.4853E-03	-3.5321E-02
1.6870000E+01	-5.3844E-03	-1.6356E-02
1.6880000E+01	-1.7675E-03	1.9569E-02
1.6890000E+01	1.8497E-03	6.8226E-02
1.6900000E+01	4.9379E-03	1.2222E-01
1.6910000E+01	7.2876E-03	1.7451E-01
1.6920000E+01	8.6173E-03	2.1815E-01
1.6930000E+01	8.6616E-03	2.4712E-01
1.6940000E+01	7.3838E-03	2.5746E-01
1.6950000E+01	4.9023E-03	2.4749E-01
1.6960000E+01	1.7371E-03	2.1886E-01
1.6970000E+01	-1.7184E-03	1.7490E-01
1.6980000E+01	-4.9836E-03	1.2191E-01
1.6990000E+01	-7.8516E-03	6.6611E-02
1.7000000E+01	-9.8553E-03	1.6340E-02
1.7010000E+01	-1.0938E-02	-2.2335E-02
1.7020000E+01	-1.0538E-02	-4.4006E-02
1.7030000E+01	-8.6673E-03	-4.5999E-02
1.7040000E+01	-5.5986E-03	-2.8041E-02
1.7050000E+01	-2.0062E-03	7.2795E-03
1.7060000E+01	1.5604E-03	5.4891E-02
1.7070000E+01	4.7443E-03	1.0886E-01
1.7080000E+01	7.1939E-03	1.6152E-01
1.7090000E+01	8.6013E-03	2.0581E-01
1.7100000E+01	8.7061E-03	2.3581E-01
1.7110000E+01	7.4351E-03	2.4715E-01
1.7120000E+01	5.0699E-03	2.3849E-01
1.7130000E+01	1.8992E-03	2.1087E-01
1.7140000E+01	-1.5144E-03	1.6790E-01
1.7150000E+01	-4.8183E-03	1.1526E-01
1.7160000E+01	-7.6999E-03	5.9628E-02
1.7170000E+01	-9.7970E-03	9.0068E-03
1.7180000E+01	-1.0864E-02	-3.0327E-02
1.7190000E+01	-1.0613E-02	-5.3002E-02
1.7200000E+01	-8.7979E-03	-5.6320E-02
1.7210000E+01	-5.8363E-03	-3.9702E-02
1.7220000E+01	-2.2171E-03	-5.0652E-03
1.7230000E+01	1.3339E-03	4.1904E-02
1.7240000E+01	4.5666E-03	9.5880E-02
1.7250000E+01	7.0209E-03	1.4884E-01
1.7260000E+01	8.4919E-03	1.9379E-01
1.7270000E+01	8.6899E-03	2.2448E-01
1.7280000E+01	7.5516E-03	2.3715E-01
1.7290000E+01	5.1813E-03	2.2950E-01
1.7300000E+01	2.0953E-03	2.0285E-01
1.7310000E+01	-1.3246E-03	1.6056E-01
1.7320000E+01	-4.6317E-03	1.0826E-01
1.7330000E+01	-7.5345E-03	5.2987E-02
1.7340000E+01	-9.6961E-03	1.6621E-03
1.7350000E+01	-1.0890E-02	-3.8657E-02
1.7360000E+01	-1.0688E-02	-6.2331E-02
1.7370000E+01	-8.9827E-03	-6.6660E-02
1.7380000E+01	-6.0216E-03	-5.1022E-02
1.7390000E+01	-2.5137E-03	-1.7694E-02
1.7400000E+01	1.1258E-03	2.8933E-02
1.7410000E+01	4.3740E-03	8.2543E-02
1.7420000E+01	6.9307E-03	1.3584E-01
1.7430000E+01	8.4457E-03	1.8148E-01
1.7440000E+01	8.6909E-03	2.1315E-01
1.7450000E+01	7.6088E-03	2.2681E-01
1.7460000E+01	5.3736E-03	2.2048E-01
1.7470000E+01	2.3189E-03	1.9517E-01
1.7480000E+01	-1.1172E-03	1.5355E-01
1.7490000E+01	-4.4667E-03	1.0160E-01
1.7500000E+01	-7.4189E-03	4.5965E-02
1.7510000E+01	-9.6449E-03	-5.6551E-03
1.7520000E+01	-1.0863E-02	-4.6645E-02
1.7530000E+01	-1.0700E-02	-7.1296E-02
1.7540000E+01	-9.0773E-03	-7.6998E-02
1.7550000E+01	-6.2514E-03	-6.2358E-02
1.7560000E+01	-2.7042E-03	-3.0058E-02
1.7570000E+01	8.8689E-04	1.5923E-02
1.7580000E+01	4.2006E-03	6.9552E-02
1.7590000E+01	6.7566E-03	1.2287E-01
1.7600000E+01	8.3854E-03	1.6915E-01
1.7610000E+01	8.7377E-03	2.0182E-01
1.7620000E+01	7.7294E-03	2.1682E-01
1.7630000E+01	5.4808E-03	2.1148E-01
1.7640000E+01	2.4979E-03	1.8687E-01
1.7650000E+01	-9.4920E-04	1.4623E-01
1.7660000E+01	-4.3330E-03	9.4605E-02
1.7670000E+01	-7.2429E-03	3.9291E-02
1.7680000E+01	-9.4658E-03	-1.2667E-02
1.7690000E+01	-1.0781E-02	-5.4633E-02
1.7700000E+01	-1.0814E-02	-8.0668E-02
1.7710000E+01	-9.2628E-03	-8.7333E-02
1.7720000E+01	-6.4079E-03	-7.4038E-02
1.7730000E+01	-2.9369E-03	-4.2366E-02
1.7740000E+01	7.0259E-04	3.2592E-03
1.7750000E+01	3.9879E-03	5.6259E-02
1.7760000E+01	6.6250E-03	1.0988E-01
1.7770000E+01	8.2776E-03	1.5687E-01
1.7780000E+01	8.7104E-03	1.9049E-01
1.7790000E+01	7.8026E-03	2.0649E-01
1.7800000E+01	5.6948E-03	2.0250E-01
1.7810000E+01	2.6327E-03	1.7885E-01
1.7820000E+01	-7.6634E-04	1.3890E-01
1.7830000E+01	-4.1110E-03	8.7925E-02
1.7840000E+01	-7.0406E-03	3.2648E-02
1.7850000E+01	-9.4583E-03	-1.9997E-02
1.7860000E+01	-1.0801E-02	-6.2638E-02
1.7870000E+01	-1.0842E-02	-8.9623E-02
1.7880000E+01	-9.3734E-03	-9.7291E-02
1.7890000E+01	-6.6193E-03	-8.4995E-02
1.7900000E+01	-3.1668E-03	-5.4664E-02
1.7910000E+01	4.4416E-04	-9.7287E-03
1.7920000E+01	3.7962E-03	4.3252E-02
1.7930000E+01	6.4355E-03	9.6856E-02
1.7940000E+01	8.1628E-03	1.4418E-01
1.7950000E+01	8.6992E-03	1.7882E-01
1.7960000E+01	7.9043E-03	1.9613E-01
1.7970000E+01	5.7527E-03	1.9317E-01
1.7980000E+01	2.8606E-03	1.7087E-01
1.7990000E+01	-5.8209E-04	1.3158E-01
1.8000000E+01	-3.9038E-03	8.1250E-02
1.8010000E+01	-6.9923E-03	2.5649E-02
1.8020000E+01	-9.3385E-03	-2.6983E-02
1.8030000E+01	-1.0772E-02	-7.0308E-02
1.8040000E+01	-1.0868E-02	-9.8303E-02
1.8050000E+01	-9.4875E-03	-1.0734E-01
1.8060000E+01	-6.8515E-03	-9.6341E-02
1.8070000E+01	-3.4239E-03	-6.6673E-02
1.8080000E+01	2.0295E-04	-2.2707E-02
1.8090000E+01	3.5732E-03	2.9921E-02
1.8100000E+01	6.3158E-03	8.3880E-02
1.8110000E+01	8.0562E-03	1.3186E-01
1.8120000E+01	8.6762E-03	1.6747E-01
1.8130000E+01	7.9298E-03	1.8553E-01
1.8140000E+01	5.9083E-03	1.8383E-01
1.8150000E+01	2.9981E-03	1.6257E-01
1.8160000E+01	-3.6780E-04	1.2422E-01
1.8170000E+01	-3.7644E-03	7.4277E-02
1.8180000E+01	-6.8134E-03	1.8997E-02
1.8190000E+01	-9.2685E-03	-3.4317E-02
1.8200000E+01	-1.0696E-02	-7.8280E-02
1.8210000E+01	-1.0907E-02	-1.0730E-01
1.8220000E+01	-9.6318E-03	-1.1763E-01
1.8230000E+01	-7.0250E-03	-1.0765E-01
1.8240000E+01	-3.6289E-03	-7.9010E-02
1.8250000E+01	-3.8414E-05	-3.5705E-02
1.8260000E+01	3.3532E-03	1.6576E-02
1.8270000E+01	6.1519E-03	7.0840E-02
1.8280000E+01	7.9827E-03	1.1918E-01
1.8290000E+01	8.6618E-03	1.5584E-01
1.8300000E+01	8.0012E-03	1.7517E-01
1.8310000E+01	6.0402E-03	1.7453E-01
1.8320000E+01	3.1761E-03	1.5421E-01
1.8330000E+01	-1.7787E-04	1.1692E-01
1.8340000E+01	-3.5685E-03	6.7260E-02
1.8350000E+01	-6.6742E-03	1.2327E-02
1.8360000E+01	-9.1166E-03	-4.1309E-02
1.8370000E+01	-1.0655E-02	-8.5997E-02
1.8380000E+01	-1.0901E-02	-1.1594E-01
1.8390000E+01	-9.7100E-03	-1.2730E-01
1.8400000E+01	-7.2032E-03	-1.1862E-01
1.8410000E+01	-3.8602E-03	-9.1025E-02
1.8420000E+01	-2.6226E-04	-4.8364E-02
1.8430000E+01	3.1345E-03	3.5655E-03
1.8440000E+01	6.0092E-03	5.7883E-02
1.8450000E+01	7.8877E-03	1.0685E-01
1.8460000E+01	8.6459E-03	1.4415E-01
1.8470000E+01	8.0505E-03	1.6453E-01
1.8480000E+01	6.1895E-03	1.6519E-01
1.8490000E+01	3.3736E-03	1.4621E-01
1.8500000E+01	4.6344E-05	1.0957E-01
1.8510000E+01	-3.3707E-03	6.0608E-02
1.8520000E+01	-6.5289E-03	5.3235E-03
1.8530000E+01	-9.0348E-03	-4.8326E-02
1.8540000E+01	-1.0598E-02	-9.3988E-02
1.8550000E+01	-1.0947E-02	-1.2495E-01
1.8560000E+01	-9.8005E-03	-1.3732E-01
1.8570000E+01	-7.3556E-03	-1.2964E-01
1.8580000E+01	-4.0569E-03	-1.0299E-01
1.8590000E+01	-4.7515E-04	-6.1036E-02
1.8600000E+01	2.9227E-03	-9.7571E-03
1.8610000E+01	5.8065E-03	4.4556E-02
1.8620000E+01	7.7908E-03	9.4211E-02
1.8630000E+01	8.5891E-03	1.3216E-01
1.8640000E+01	8.1025E-03	1.5384E-01
1.8650000E+01	6.3302E-03	1.5585E-01
1.8660000E+01	3.5221E-03	1.3754E-01
1.8670000E+01	2.3148E-04	1.0225E-01
1.8680000E+01	-3.1994E-03	5.3616E-02
1.8690000E+01	-6.3662E-03	-1.3274E-03
1.8700000E+01	-8.9310E-03	-5.5309E-02
1.8710000E+01	-1.0551E-02	-1.0163E-01
1.8720000E+01	-1.0950E-02	-1.3362E-01
1.8730000E+01	-9.8968E-03	-1.4728E-01
1.8740000E+01	-7.5001E-03	-1.4066E-01
1.8750000E+01	-4.2725E-03	-1.1502E-01
1.8760000E+01	-7.0843E-04	-7.4073E-02
1.8770000E+01	2.7343E-03	-2.2755E-02
1.8780000E+01	5.6454E-03	3.1568E-02
1.8790000E+01	7.6822E-03	8.1529E-02
1.8800000E+01	8.5620E-03	1.2055E-01
1.8810000E+01	8.1563E-03	1.4321E-01
1.8820000E+01	6.4139E-03	1.4615E-01
1.8830000E+01	3.7127E-03	1.2922E-01
1.8840000E+01	4.0891E-04	9.4577E-02
1.8850000E+01	-3.0214E-03	4.6606E-02
1.8860000E+01	-6.2102E-03	-7.9957E-03
1.8870000E+01	-8.7873E-03	-6.2312E-02
1.8880000E+01	-1.0491E-02	-1.0931E-01
1.8890000E+01	-1.0897E-02	-1.4197E-01
1.8900000E+01	-1.0015E-02	-1.5695E-01
1.8910000E+01	-7.6624E-03	-1.5164E-01
1.8920000E+01	-4.4528E-03	-1.2698E-01
1.8930000E+01	-9.0929E-04	-8.6705E-02
1.8940000E+01	2.5238E-03	-3.5736E-02
1.8950000E+01	5.4736E-03	1.8564E-02
1.8960000E+01	7.5760E-03	6.8889E-02
1.8970000E+01	8.5146E-03	1.0851E-01
1.8980000E+01	8.1736E-03	1.3216E-01
1.8990000E+01	6.5361E-03	1.3649E-01
1.9000000E+01	3.8939E-03	1.2088E-01
1.9010000E+01	6.5236E-04	8.6907E-02
1.9020000E+01	-2.7928E-03	3.9624E-02
1.9030000E+01	-6.0313E-03	-1.4662E-02
1.9040000E+01	-8.6373E-03	-6.9314E-02
1.9050000E+01	-1.0378E-02	-1.1661E-01
1.9060000E+01	-1.0886E-02	-1.5061E-01
1.9070000E+01	-1.0010E-02	-1.6661E-01
1.9080000E+01	-7.8676E-03	-1.6262E-01
1.9090000E+01	-4.6703E-03	-1.3900E-01
1.9100000E+01	-1.1117E-03	-9.9348E-02
1.9110000E+01	2.2784E-03	-4.9069E-02
1.9120000E+01	5.2911E-03	5.2438E-03
1.9130000E+01	7.4989E-03	5.6176E-02
1.9140000E+01	8.5590E-03	9.6861E-02
1.9150000E+01	8.2650E-03	1.2152E-01
1.9160000E+01	6.6951E-03	1.2686E-01
1.9170000E+01	4.0235E-03	1.1219E-01
1.9180000E+01	8.1460E-04	7.9598E-02
1.9190000E+01	-2.5920E-03	3.2927E-02
1.9200000E+01	-5.8848E-03	-2.1684E-02
1.9210000E+01	-8.5722E-03	-7.6315E-02
1.9220000E+01	-1.0252E-02	-1.2430E-01
1.9230000E+01	-1.0841E-02	-1.5897E-01
1.9240000E+01	-1.0057E-02	-1.7624E-01
1.9250000E+01	-7.9173E-03	-1.7327E-01
1.9260000E+01	-4.8505E-03	-1.5095E-01
1.9270000E+01	-1.3039E-03	-1.1200E-01
1.9280000E+01	2.1102E-03	-6.2056E-02
1.9290000E+01	5.1306E-03	-7.7648E-03
1.9300000E+01	7.3402E-03	4.3552E-02
1.9310000E+01	8.5068E-03	8.4900E-02
1.9320000E+01	8.2786E-03	1.1052E-01
1.9330000E+01	6.7889E-03	1.1720E-01
1.9340000E+01	4.2345E-03	1.0354E-01
1.9350000E+01	1.0367E-03	7.1900E-02
1.9360000E+01	-2.4461E-03	2.5980E-02
1.9370000E+01	-5.7187E-03	-2.8333E-02
1.9380000E+01	-8.4172E-03	-8.3326E-02
1.9390000E+01	-1.0202E-02	-1.3159E-01
1.9400000E+01	-1.0849E-02	-1.6759E-01
1.9410000E+01	-1.0119E-02	-1.8560E-01
1.9420000E+01	-8.0601E-03	-1.8394E-01
1.9430000E+01	-5.0038E-03	-1.6265E-01
1.9440000E+01	-1.5237E-03	-1.2465E-01
1.9450000E+01	1.8918E-03	-7.5408E-02
1.9460000E+01	4.9567E-03	-2.1072E-02
1.9470000E+01	7.2417E-03	3.0564E-02
1.9480000E+01	8.4142E-03	7.2858E-02
1.9490000E+01	8.2763E-03	9.9537E-02
1.9500000E+01	6.8595E-03	1.0721E-01
1.9510000E+01	4.3901E-03	9.4886E-02
1.9520000E+01	1.1954E-03	6.3935E-02
1.9530000E+01	-2.2362E-03	1.8654E-02
1.9540000E+01	-5.5638E-03	-3.5005E-02
1.9550000E+01	-8.2447E-03	-8.9971E-02
1.9560000E+01	-1.0084E-02	-1.3930E-01
1.9570000E+01	-1.0815E-02	-1.7592E-01
1.9580000E+01	-1.0154E-02	-1.9526E-01
1.9590000E+01	-8.2004E-03	-1.9465E-01
1.9600000E+01	-5.2088E-03	-1.7431E-01
1.9610000E+01	-1.7907E-03	-1.3736E-01
1.9620000E+01	1.6628E-03	-8.8362E-02
1.9630000E+01	4.7980E-03	-3.4093E-02
1.9640000E+01	7.0555E-03	1.7895E-02
1.9650000E+01	8.2941E-03	6.0561E-02
1.9660000E+01	8.3234E-03	8.8537E-02
1.9670000E+01	6.9525E-03	9.7229E-02
1.9680000E+01	4.5128E-03	8.6223E-02
1.9690000E+01	1.3692E-03	5.6249E-02
1.9700000E+01	-2.0520E-03	1.1635E-02
1.9710000E+01	-5.3817E-03	-4.1659E-02
1.9720000E+01	-8.1157E-03	-9.6944E-02
1.9730000E+01	-9.9494E-03	-1.4658E-01
1.9740000E+01	-1.0817E-02	-1.8423E-01
1.9750000E+01	-1.0209E-02	-2.0456E-01
1.9760000E+01	-8.3268E-03	-2.0527E-01
1.9770000E+01	-5.3993E-03	-1.8595E-01
1.9780000E+01	-2.0032E-03	-1.4966E-01
1.9790000E+01	1.4980E-03	-1.0140E-01
1.9800000E+01	4.5535E-03	-4.7419E-02
1.9810000E+01	6.9291E-03	4.9309E-03
1.9820000E+01	8.2338E-03	4.8555E-02
1.9830000E+01	8.2904E-03	7.7221E-02
1.9840000E+01	7.0967E-03	8.7507E-02
1.9850000E+01	4.6733E-03	7.7232E-02
1.9860000E+01	1.5704E-03	4.8595E-02
1.9870000E+01	-1.8511E-03	4.6254E-03
1.9880000E+01	-5.2065E-03	-4.8679E-02
1.9890000E+01	-7.9759E-03	-1.0398E-01
1.9900000E+01	-9.8713E-03	-1.5395E-01
1.9910000E+01	-1.0709E-02	-1.9227E-01
1.9920000E+01	-1.0251E-02	-2.1394E-01
1.9930000E+01	-8.4659E-03	-2.1558E-01
1.9940000E+01	-5.5860E-03	-1.9764E-01
1.9950000E+01	-2.2159E-03	-1.6234E-01
1.9960000E+01	1.2627E-03	-1.1432E-01
1.9970000E+01	4.3810E-03	-6.0415E-02
1.9980000E+01	6.7720E-03	-7.7749E-03
1.9990000E+01	8.1698E-03	3.6216E-02
2.0000000E+01	8.2704E-03	6.6204E-02
2.0010000E+01	7.1219E-03	7.7210E-02
2.0020000E+01	4.8094E-03	6.8584E-02
2.0030000E+01	1.7342E-03	4.0608E-02
2.0040000E+01	-1.7176E-03	-2.4044E-03
2.0050000E+01	-5.0291E-03	-5.5317E-02
2.0060000E+01	-7.8534E-03	-1.1062E-01
2.0070000E+01	-9.7828E-03	-1.6126E-01
2.0080000E+01	-1.0683E-02	-2.0059E-01
2.0090000E+01	-1.0312E-02	-2.2325E-01
2.0100000E+01	-8.5693E-03	-2.2624E-01
2.0110000E+01	-5.7382E-03	-2.0932E-01
2.0120000E+01	-2.4025E-03	-1.7467E-01
2.0130000E+01	1.0629E-03	-1.2735E-01
2.0140000E+01	4.1609E-03	-7.3731E-02
2.0150000E+01	6.6639E-03	-2.0719E-02
2.0160000E+01	8.1129E-03	2.4217E-02
2.0170000E+01	8.2864E-03	5.4853E-02
2.0180000E+01	7.2063E-03	6.7216E-02
2.0190000E+01	4.9660E-03	5.9560E-02
2.0200000E+01	1.8914E-03	3.2910E-02
2.0210000E+01	-1.5218E-03	-9.7167E-03
2.0220000E+01	-4.8476E-03	-6.1998E-02
2.0230000E+01	-7.6715E-03	-1.1763E-01
2.0240000E+01	-9.6964E-03	-1.6858E-01
2.0250000E+01	-1.0648E-02	-2.0857E-01
2.0260000E+01	-1.0335E-02	-2.3226E-01
2.0270000E+01	-8.6703E-03	-2.3663E-01
2.0280000E+01	-5.9300E-03	-2.2062E-01
2.0290000E+01	-2.5884E-03	-1.8731E-01
2.0300000E+01	8.9039E-04	-1.4034E-01
2.0310000E+01	4.0293E-03	-8.6717E-02
2.0320000E+01	6.5234E-03	-3.3771E-02
2.0330000E+01	8.0323E-03	1.1894E-02
2.0340000E+01	8.3287E-03	4.3555E-02
2.0350000E+01	7.3201E-03	5.7235E-02
2.0360000E+01	5.1129E-03	5.0581E-02
2.0370000E+01	2.1243E-03	2.4952E-02
2.0380000E+01	-1.2778E-03	-1.6686E-02
2.0390000E+01	-4.6442E-03	-6.8986E-02
2.0400000E+01	-7.4639E-03	-1.2428E-01
2.0410000E+01	-9.5482E-03	-1.7591E-01
2.0420000E+01	-1.0589E-02	-2.1690E-01
2.0430000E+01	-1.0306E-02	-2.4160E-01
2.0440000E+01	-8.7584E-03	-2.4693E-01
2.0450000E+01	-6.1068E-03	-2.3225E-01
2.0460000E+01	-2.7819E-03	-1.9965E-01
2.0470000E+01	6.9514E-04	-1.5335E-01
2.0480000E+01	3.8589E-03	-1.0005E-01
