time /s	I /mA	E /V
1.0000000E-02	-1.4836E-02	-1.9995E-01
2.0000000E-02	4.0669E-03	-5.8061E-02
3.0000000E-02	-5.1397E-03	-1.0336E-01
4.0000000E-02	-2.6170E-02	-2.7489E-01
5.0000000E-02	-2.9541E-02	-3.4388E-01
6.0000000E-02	-1.6969E-03	-2.1765E-01
7.0000000E-02	1.1949E-02	-6.2764E-02
8.0000000E-02	2.6511E-03	-8.3712E-02
9.0000000E-02	-1.7555E-02	-2.5155E-01
1.0000000E-01	-2.5211E-02	-3.4256E-01
1.1000000E-01	-1.8004E-03	-2.3496E-01
1.2000000E-01	1.3357E-02	-7.0446E-02
1.3000000E-01	6.7165E-03	-6.6749E-02
1.4000000E-01	-1.3335E-02	-2.2725E-01
1.5000000E-01	-2.3554E-02	-3.3820E-01
1.6000000E-01	-3.4002E-03	-2.5128E-01
1.7000000E-01	1.3418E-02	-8.0425E-02
1.8000000E-01	9.7688E-03	-5.1783E-02
1.9000000E-01	-1.0276E-02	-2.0231E-01
2.0000000E-01	-2.2420E-02	-3.3087E-01
2.1000000E-01	-5.4343E-03	-2.6630E-01
2.2000000E-01	1.2782E-02	-9.2774E-02
2.3000000E-01	1.2084E-02	-4.0124E-02
2.4000000E-01	-7.4086E-03	-1.7662E-01
2.5000000E-01	-2.1281E-02	-3.2055E-01
2.6000000E-01	-7.7571E-03	-2.7960E-01
2.7000000E-01	1.1627E-02	-1.0711E-01
2.8000000E-01	1.3744E-02	-3.1152E-02
2.9000000E-01	-4.7259E-03	-1.5132E-01
3.0000000E-01	-2.0015E-02	-3.0721E-01
3.1000000E-01	-1.0127E-02	-2.9057E-01
3.2000000E-01	1.0196E-02	-1.2273E-01
3.3000000E-01	1.5078E-02	-2.5107E-02
3.4000000E-01	-2.2030E-03	-1.2633E-01
3.5000000E-01	-1.8556E-02	-2.9119E-01
3.6000000E-01	-1.2597E-02	-2.9958E-01
3.7000000E-01	8.5532E-03	-1.3942E-01
3.8000000E-01	1.5820E-02	-2.2470E-02
3.9000000E-01	3.8303E-04	-1.0273E-01
4.0000000E-01	-1.6882E-02	-2.7255E-01
4.1000000E-01	-1.4680E-02	-3.0589E-01
4.2000000E-01	6.6830E-03	-1.5701E-01
4.3000000E-01	1.6238E-02	-2.2834E-02
4.4000000E-01	2.8635E-03	-8.0390E-02
4.5000000E-01	-1.5124E-02	-2.5222E-01
4.6000000E-01	-1.6267E-02	-3.0920E-01
4.7000000E-01	4.6502E-03	-1.7470E-01
4.8000000E-01	1.6235E-02	-2.6148E-02
4.9000000E-01	5.4329E-03	-5.9733E-02
5.0000000E-01	-1.3202E-02	-2.2958E-01
5.1000000E-01	-1.7552E-02	-3.0955E-01
5.2000000E-01	2.4907E-03	-1.9205E-01
5.3000000E-01	1.5910E-02	-3.2156E-02
5.4000000E-01	7.8812E-03	-4.1116E-02
5.5000000E-01	-1.1332E-02	-2.0596E-01
5.6000000E-01	-1.8313E-02	-3.0685E-01
5.7000000E-01	9.4643E-05	-2.0903E-01
5.8000000E-01	1.5190E-02	-4.1137E-02
5.9000000E-01	1.0206E-02	-2.5123E-02
6.0000000E-01	-9.1641E-03	-1.8092E-01
6.1000000E-01	-1.8639E-02	-3.0119E-01
6.2000000E-01	-2.2602E-03	-2.2463E-01
6.3000000E-01	1.4215E-02	-5.2135E-02
6.4000000E-01	1.2309E-02	-1.1805E-02
6.5000000E-01	-6.9765E-03	-1.5565E-01
6.6000000E-01	-1.8459E-02	-2.9221E-01
6.7000000E-01	-4.6975E-03	-2.3896E-01
6.8000000E-01	1.2967E-02	-6.5464E-02
6.9000000E-01	1.3900E-02	-1.1774E-03
7.0000000E-01	-4.8564E-03	-1.3033E-01
7.1000000E-01	-1.7975E-02	-2.8023E-01
7.2000000E-01	-7.2566E-03	-2.5127E-01
7.3000000E-01	1.1501E-02	-8.0439E-02
7.4000000E-01	1.5054E-02	6.1598E-03
7.5000000E-01	-2.5848E-03	-1.0502E-01
7.6000000E-01	-1.7170E-02	-2.6555E-01
7.7000000E-01	-9.7645E-03	-2.6123E-01
7.8000000E-01	9.8333E-03	-9.6761E-02
7.9000000E-01	1.5966E-02	1.0475E-02
8.0000000E-01	-2.4372E-04	-8.0738E-02
8.1000000E-01	-1.6075E-02	-2.4822E-01
8.2000000E-01	-1.2036E-02	-2.6888E-01
8.3000000E-01	7.9839E-03	-1.1408E-01
8.4000000E-01	1.6450E-02	1.1794E-02
8.5000000E-01	2.2033E-03	-5.7408E-02
8.6000000E-01	-1.4786E-02	-2.2890E-01
8.7000000E-01	-1.3928E-02	-2.7390E-01
8.8000000E-01	6.0368E-03	-1.3173E-01
8.9000000E-01	1.6583E-02	1.0138E-02
9.0000000E-01	4.5521E-03	-3.5746E-02
9.1000000E-01	-1.3207E-02	-2.0725E-01
9.2000000E-01	-1.5395E-02	-2.7555E-01
9.3000000E-01	3.9010E-03	-1.4935E-01
9.4000000E-01	1.6303E-02	5.1427E-03
9.5000000E-01	7.0532E-03	-1.6103E-02
9.6000000E-01	-1.1483E-02	-1.8426E-01
9.7000000E-01	-1.6532E-02	-2.7458E-01
9.8000000E-01	1.6754E-03	-1.6635E-01
9.9000000E-01	1.5734E-02	-2.1755E-03
1.0000000E+00	9.4102E-03	1.1670E-03
1.0100000E+00	-9.5975E-03	-1.5998E-01
1.0200000E+00	-1.7129E-02	-2.7022E-01
1.0300000E+00	-6.4797E-04	-1.8265E-01
1.0400000E+00	1.4881E-02	-1.2157E-02
1.0500000E+00	1.1582E-02	1.5822E-02
1.0600000E+00	-7.6801E-03	-1.3465E-01
1.0700000E+00	-1.7373E-02	-2.6292E-01
1.0800000E+00	-3.0649E-03	-1.9769E-01
1.0900000E+00	1.3767E-02	-2.4497E-02
1.1000000E+00	1.3286E-02	2.7828E-02
1.1100000E+00	-5.6367E-03	-1.0936E-01
1.1200000E+00	-1.7237E-02	-2.5254E-01
1.1300000E+00	-5.4937E-03	-2.1128E-01
1.1400000E+00	1.2380E-02	-3.8812E-02
1.1500000E+00	1.4619E-02	3.6818E-02
1.1600000E+00	-3.4509E-03	-8.3689E-02
1.1700000E+00	-1.6758E-02	-2.3958E-01
1.1800000E+00	-7.8809E-03	-2.2230E-01
1.1900000E+00	1.0778E-02	-5.4472E-02
1.2000000E+00	1.5715E-02	4.2804E-02
1.2100000E+00	-1.1921E-03	-5.9053E-02
1.2200000E+00	-1.6016E-02	-2.2355E-01
1.2300000E+00	-1.0187E-02	-2.3131E-01
1.2400000E+00	9.0916E-03	-7.1120E-02
1.2500000E+00	1.6342E-02	4.5460E-02
1.2600000E+00	1.1476E-03	-3.5085E-02
1.2700000E+00	-1.4868E-02	-2.0492E-01
1.2800000E+00	-1.2328E-02	-2.3757E-01
1.2900000E+00	7.0655E-03	-8.8428E-02
1.3000000E+00	1.6553E-02	4.5459E-02
1.3100000E+00	3.4861E-03	-1.2767E-02
1.3200000E+00	-1.3448E-02	-1.8457E-01
1.3300000E+00	-1.3952E-02	-2.4125E-01
1.3400000E+00	5.0921E-03	-1.0611E-01
1.3500000E+00	1.6511E-02	4.2140E-02
1.3600000E+00	5.9330E-03	7.8598E-03
1.3700000E+00	-1.2000E-02	-1.6229E-01
1.3800000E+00	-1.5231E-02	-2.4160E-01
1.3900000E+00	2.9389E-03	-1.2369E-01
1.4000000E+00	1.6064E-02	3.5809E-02
1.4100000E+00	8.3245E-03	2.6528E-02
1.4200000E+00	-1.0276E-02	-1.3830E-01
1.4300000E+00	-1.6127E-02	-2.3892E-01
1.4400000E+00	6.4128E-04	-1.4072E-01
1.4500000E+00	1.5415E-02	2.7143E-02
1.4600000E+00	1.0532E-02	4.2818E-02
1.4700000E+00	-8.4376E-03	-1.1366E-01
1.4800000E+00	-1.6565E-02	-2.3319E-01
1.4900000E+00	-1.6217E-03	-1.5632E-01
1.5000000E+00	1.4367E-02	1.6147E-02
1.5100000E+00	1.2560E-02	5.6167E-02
1.5200000E+00	-6.4659E-03	-8.8312E-02
1.5300000E+00	-1.6718E-02	-2.2422E-01
1.5400000E+00	-4.0450E-03	-1.7063E-01
1.5500000E+00	1.3166E-02	2.8243E-03
1.5600000E+00	1.4023E-02	6.6784E-02
1.5700000E+00	-4.4112E-03	-6.2710E-02
1.5800000E+00	-1.6519E-02	-2.1256E-01
1.5900000E+00	-6.3529E-03	-1.8296E-01
1.6000000E+00	1.1650E-02	-1.2155E-02
1.6100000E+00	1.5114E-02	7.4118E-02
1.6200000E+00	-2.2672E-03	-3.7401E-02
1.6300000E+00	-1.5889E-02	-1.9788E-01
1.6400000E+00	-8.7047E-03	-1.9298E-01
1.6500000E+00	9.9785E-03	-2.8479E-02
1.6600000E+00	1.5918E-02	7.8466E-02
1.6700000E+00	1.2322E-04	-1.3100E-02
1.6800000E+00	-1.5053E-02	-1.8058E-01
1.6900000E+00	-1.0922E-02	-2.0061E-01
1.7000000E+00	8.1150E-03	-4.5466E-02
1.7100000E+00	1.6421E-02	7.9810E-02
1.7200000E+00	2.4456E-03	1.0236E-02
1.7300000E+00	-1.3893E-02	-1.6128E-01
1.7400000E+00	-1.2701E-02	-2.0559E-01
1.7500000E+00	6.2046E-03	-6.3098E-02
1.7600000E+00	1.6490E-02	7.8105E-02
1.7700000E+00	4.7831E-03	3.1871E-02
1.7800000E+00	-1.2578E-02	-1.3962E-01
1.7900000E+00	-1.4091E-02	-2.0758E-01
1.8000000E+00	4.0720E-03	-8.0716E-02
1.8100000E+00	1.6267E-02	7.3461E-02
1.8200000E+00	7.0992E-03	5.1513E-02
1.8300000E+00	-1.0958E-02	-1.1662E-01
1.8400000E+00	-1.5270E-02	-2.0658E-01
1.8500000E+00	1.9069E-03	-9.8069E-02
1.8600000E+00	1.5638E-02	6.6123E-02
1.8700000E+00	9.4980E-03	6.8851E-02
1.8800000E+00	-9.2333E-03	-9.2310E-02
1.8900000E+00	-1.5949E-02	-2.0258E-01
1.9000000E+00	-3.3959E-04	-1.1432E-01
1.9100000E+00	1.4767E-02	5.6138E-02
1.9200000E+00	1.1465E-02	8.3484E-02
1.9300000E+00	-7.3640E-03	-6.6995E-02
1.9400000E+00	-1.6288E-02	-1.9523E-01
1.9500000E+00	-2.7168E-03	-1.2935E-01
1.9600000E+00	1.3720E-02	4.3785E-02
1.9700000E+00	1.3165E-02	9.5817E-02
1.9800000E+00	-5.3483E-03	-4.1669E-02
1.9900000E+00	-1.6232E-02	-1.8491E-01
2.0000000E+00	-5.0659E-03	-1.4264E-01
2.0100000E+00	1.2438E-02	2.9810E-02
2.0200000E+00	1.4572E-02	1.0480E-01
2.0300000E+00	-3.1458E-03	-1.6378E-02
2.0400000E+00	-1.5918E-02	-1.7159E-01
2.0500000E+00	-7.3623E-03	-1.5431E-01
2.0600000E+00	1.0911E-02	1.4189E-02
2.0700000E+00	1.5549E-02	1.1079E-01
2.0800000E+00	-9.7651E-04	8.5746E-03
2.0900000E+00	-1.5248E-02	-1.5594E-01
2.1000000E+00	-9.4599E-03	-1.6298E-01
2.1100000E+00	9.1124E-03	-2.8004E-03
2.1200000E+00	1.6147E-02	1.1378E-01
2.1300000E+00	1.2604E-03	3.2559E-02
2.1400000E+00	-1.4276E-02	-1.3729E-01
2.1500000E+00	-1.1500E-02	-1.6958E-01
2.1600000E+00	7.2236E-03	-2.0117E-02
2.1700000E+00	1.6346E-02	1.1343E-01
2.1800000E+00	3.6084E-03	5.4846E-02
2.1900000E+00	-1.3049E-02	-1.1693E-01
2.2000000E+00	-1.3029E-02	-1.7291E-01
2.2100000E+00	5.2663E-03	-3.7757E-02
2.2200000E+00	1.6253E-02	1.1013E-01
2.2300000E+00	5.9241E-03	7.5527E-02
2.2400000E+00	-1.1662E-02	-9.4635E-02
2.2500000E+00	-1.4408E-02	-1.7358E-01
2.2600000E+00	3.0357E-03	-5.5387E-02
2.2700000E+00	1.5857E-02	1.0410E-01
2.2800000E+00	8.1929E-03	9.4147E-02
2.2900000E+00	-9.9925E-03	-7.0639E-02
2.3000000E+00	-1.5275E-02	-1.7092E-01
2.3100000E+00	8.2889E-04	-7.2057E-02
2.3200000E+00	1.5067E-02	9.5438E-02
2.3300000E+00	1.0420E-02	1.1048E-01
2.3400000E+00	-8.2303E-03	-4.6006E-02
2.3500000E+00	-1.5848E-02	-1.6525E-01
2.3600000E+00	-1.4060E-03	-8.8047E-02
2.3700000E+00	1.4176E-02	8.4448E-02
2.3800000E+00	1.2353E-02	1.2384E-01
2.3900000E+00	-6.2057E-03	-2.0690E-02
2.4000000E+00	-1.5998E-02	-1.5657E-01
2.4100000E+00	-3.7503E-03	-1.0236E-01
2.4200000E+00	1.3018E-02	7.1123E-02
2.4300000E+00	1.3859E-02	1.3448E-01
2.4400000E+00	-4.1960E-03	4.9518E-03
2.4500000E+00	-1.5808E-02	-1.4458E-01
2.4600000E+00	-6.0080E-03	-1.1467E-01
2.4700000E+00	1.1580E-02	5.6141E-02
2.4800000E+00	1.5017E-02	1.4214E-01
2.4900000E+00	-2.0875E-03	2.9929E-02
2.5000000E+00	-1.5360E-02	-1.3026E-01
2.5100000E+00	-8.2357E-03	-1.2500E-01
2.5200000E+00	9.9980E-03	4.0153E-02
2.5300000E+00	1.5861E-02	1.4643E-01
2.5400000E+00	1.6846E-04	5.4546E-02
2.5500000E+00	-1.4589E-02	-1.1298E-01
2.5600000E+00	-1.0280E-02	-1.3264E-01
2.5700000E+00	8.2489E-03	2.2853E-02
2.5800000E+00	1.6293E-02	1.4810E-01
2.5900000E+00	2.3705E-03	7.7528E-02
2.6000000E+00	-1.3579E-02	-9.3609E-02
2.6100000E+00	-1.2063E-02	-1.3762E-01
2.6200000E+00	6.3804E-03	5.2069E-03
2.6300000E+00	1.6383E-02	1.4643E-01
2.6400000E+00	4.6675E-03	9.9502E-02
2.6500000E+00	-1.2264E-02	-7.2281E-02
2.6600000E+00	-1.3448E-02	-1.3962E-01
2.6700000E+00	4.3437E-03	-1.2444E-02
2.6800000E+00	1.6123E-02	1.4178E-01
2.6900000E+00	7.0253E-03	1.1917E-01
2.7000000E+00	-1.0680E-02	-4.8980E-02
2.7100000E+00	-1.4585E-02	-1.3858E-01
2.7200000E+00	2.0845E-03	-2.9752E-02
2.7300000E+00	1.5484E-02	1.3413E-01
2.7400000E+00	9.2892E-03	1.3647E-01
2.7500000E+00	-8.9377E-03	-2.4638E-02
2.7600000E+00	-1.5303E-02	-1.3462E-01
2.7700000E+00	-8.5815E-05	-4.6047E-02
2.7800000E+00	1.4618E-02	1.2444E-01
2.7900000E+00	1.1522E-02	1.5149E-01
2.8000000E+00	-7.1576E-03	2.9484E-04
2.8100000E+00	-1.5691E-02	-1.2726E-01
2.8200000E+00	-2.4016E-03	-6.1037E-02
2.8300000E+00	1.3491E-02	1.1210E-01
2.8400000E+00	1.3203E-02	1.6347E-01
2.8500000E+00	-5.1810E-03	2.5931E-02
2.8600000E+00	-1.5721E-02	-1.1692E-01
2.8700000E+00	-4.6422E-03	-7.4362E-02
2.8800000E+00	1.2254E-02	9.8132E-02
2.8900000E+00	1.4775E-02	1.7283E-01
2.9000000E+00	-3.1809E-03	5.1248E-02
2.9100000E+00	-1.5443E-02	-1.0396E-01
2.9200000E+00	-6.9226E-03	-8.6029E-02
2.9300000E+00	1.0719E-02	8.2472E-02
2.9400000E+00	1.5778E-02	1.7878E-01
2.9500000E+00	-1.0879E-03	7.6225E-02
2.9600000E+00	-1.4823E-02	-8.7964E-02
2.9700000E+00	-9.0654E-03	-9.4992E-02
2.9800000E+00	9.1291E-03	6.5821E-02
2.9900000E+00	1.6441E-02	1.8179E-01
3.0000000E+00	1.0546E-03	9.9830E-02
3.0100000E+00	-1.3934E-02	-6.9644E-02
3.0200000E+00	-1.1035E-02	-1.0133E-01
3.0300000E+00	7.2598E-03	4.8196E-02
3.0400000E+00	1.6639E-02	1.8144E-01
3.0500000E+00	3.3372E-03	1.2252E-01
3.0600000E+00	-1.2787E-02	-4.9320E-02
3.0700000E+00	-1.2580E-02	-1.0497E-01
3.0800000E+00	5.3108E-03	3.0536E-02
3.0900000E+00	1.6473E-02	1.7847E-01
3.1000000E+00	5.6111E-03	1.4316E-01
3.1100000E+00	-1.1444E-02	-2.7008E-02
3.1200000E+00	-1.3805E-02	-1.0528E-01
3.1300000E+00	3.2931E-03	1.3215E-02
3.1400000E+00	1.5989E-02	1.7243E-01
3.1500000E+00	8.1259E-03	1.6183E-01
3.1600000E+00	-9.8504E-03	-3.3698E-03
3.1700000E+00	-1.4806E-02	-1.0294E-01
3.1800000E+00	1.0735E-03	-3.7581E-03
3.1900000E+00	1.5170E-02	1.6381E-01
3.2000000E+00	1.0674E-02	1.7815E-01
3.2100000E+00	-8.1129E-03	2.1602E-02
3.2200000E+00	-1.5342E-02	-9.7279E-02
3.2300000E+00	-1.1227E-03	-1.9386E-02
3.2400000E+00	1.4080E-02	1.5282E-01
3.2500000E+00	1.2889E-02	1.9183E-01
3.2600000E+00	-6.3432E-03	4.6935E-02
3.2700000E+00	-1.5596E-02	-8.8582E-02
3.2800000E+00	-3.3745E-03	-3.3736E-02
3.2900000E+00	1.2811E-02	1.3945E-01
3.3000000E+00	1.4694E-02	2.0247E-01
3.3100000E+00	-4.4797E-03	7.2258E-02
3.3200000E+00	-1.5485E-02	-7.6995E-02
3.3300000E+00	-5.6459E-03	-4.6395E-02
3.3400000E+00	1.1414E-02	1.2481E-01
3.3500000E+00	1.6081E-02	2.1011E-01
3.3600000E+00	-2.5389E-03	9.7542E-02
3.3700000E+00	-1.5176E-02	-6.2655E-02
3.3800000E+00	-7.8840E-03	-5.6690E-02
3.3900000E+00	9.8294E-03	1.0847E-01
3.4000000E+00	1.7050E-02	2.1480E-01
3.4100000E+00	-5.1250E-04	1.2186E-01
3.4200000E+00	-1.4415E-02	-4.5322E-02
3.4300000E+00	-9.9218E-03	-6.4319E-02
3.4400000E+00	8.0339E-03	9.1143E-02
3.4500000E+00	1.7403E-02	2.1611E-01
3.4600000E+00	1.7172E-03	1.4516E-01
3.4700000E+00	-1.3469E-02	-2.6016E-02
3.4800000E+00	-1.1720E-02	-6.9314E-02
3.4900000E+00	6.2577E-03	7.3853E-02
3.5000000E+00	1.7327E-02	2.1445E-01
3.5100000E+00	4.1145E-03	1.6686E-01
3.5200000E+00	-1.2232E-02	-4.6380E-03
3.5300000E+00	-1.3167E-02	-7.1645E-02
3.5400000E+00	4.2799E-03	5.6176E-02
3.5500000E+00	1.6922E-02	2.0981E-01
3.5600000E+00	6.7906E-03	1.8682E-01
3.5700000E+00	-1.0821E-02	1.8604E-02
3.5800000E+00	-1.4338E-02	-7.0636E-02
3.5900000E+00	2.1754E-03	3.8889E-02
3.6000000E+00	1.6080E-02	2.0248E-01
3.6100000E+00	9.6673E-03	2.0413E-01
3.6200000E+00	-9.3145E-03	4.2580E-02
3.6300000E+00	-1.5061E-02	-6.6640E-02
3.6400000E+00	2.1930E-06	2.2243E-02
3.6500000E+00	1.4963E-02	1.9282E-01
3.6600000E+00	1.2561E-02	2.1915E-01
3.6700000E+00	-7.6570E-03	6.7916E-02
3.6800000E+00	-1.5511E-02	-5.9293E-02
3.6900000E+00	-2.2185E-03	7.2581E-03
3.7000000E+00	1.3619E-02	1.8048E-01
3.7100000E+00	1.4788E-02	2.3148E-01
3.7200000E+00	-6.0086E-03	9.3196E-02
3.7300000E+00	-1.5663E-02	-4.9314E-02
3.7400000E+00	-4.4455E-03	-6.0819E-03
3.7500000E+00	1.2105E-02	1.6647E-01
3.7600000E+00	1.6450E-02	2.4048E-01
3.7700000E+00	-4.2421E-03	1.1887E-01
3.7800000E+00	-1.5474E-02	-3.6358E-02
3.7900000E+00	-6.7371E-03	-1.7710E-02
3.8000000E+00	1.0528E-02	1.5084E-01
3.8100000E+00	1.7625E-02	2.4682E-01
3.8200000E+00	-2.2282E-03	1.4352E-01
3.8300000E+00	-1.4959E-02	-2.0350E-02
3.8400000E+00	-8.8861E-03	-2.6688E-02
3.8500000E+00	8.8296E-03	1.3415E-01
3.8600000E+00	1.8163E-02	2.4979E-01
3.8700000E+00	-2.2866E-05	1.6751E-01
3.8800000E+00	-1.4219E-02	-2.0352E-03
3.8900000E+00	-1.0873E-02	-3.3017E-02
3.9000000E+00	6.9764E-03	1.1685E-01
3.9100000E+00	1.8195E-02	2.4980E-01
3.9200000E+00	2.5865E-03	1.9014E-01
3.9300000E+00	-1.3188E-02	1.8254E-02
3.9400000E+00	-1.2546E-02	-3.6677E-02
3.9500000E+00	5.1143E-03	9.9191E-02
3.9600000E+00	1.7925E-02	2.4644E-01
3.9700000E+00	5.2619E-03	2.1082E-01
3.9800000E+00	-1.2040E-02	4.0593E-02
3.9900000E+00	-1.3831E-02	-3.7350E-02
4.0000000E+00	3.0075E-03	8.1551E-02
4.0100000E+00	1.7302E-02	2.4082E-01
4.0200000E+00	8.4530E-03	2.2980E-01
4.0300000E+00	-1.0659E-02	6.4201E-02
4.0400000E+00	-1.4815E-02	-3.4996E-02
4.0500000E+00	9.5538E-04	6.4537E-02
4.0600000E+00	1.6321E-02	2.3213E-01
4.0700000E+00	1.1657E-02	2.4582E-01
4.0800000E+00	-9.1714E-03	8.8851E-02
4.0900000E+00	-1.5408E-02	-2.9331E-02
4.1000000E+00	-1.1693E-03	4.8903E-02
4.1100000E+00	1.4832E-02	2.2117E-01
4.1200000E+00	1.4147E-02	2.5946E-01
4.1300000E+00	-7.5725E-03	1.1416E-01
4.1400000E+00	-1.5734E-02	-2.0680E-02
4.1500000E+00	-3.4543E-03	3.4570E-02
4.1600000E+00	1.3107E-02	2.0783E-01
4.1700000E+00	1.6093E-02	2.7045E-01
4.1800000E+00	-5.7884E-03	1.3985E-01
4.1900000E+00	-1.5836E-02	-9.3474E-03
4.2000000E+00	-5.6431E-03	2.1912E-02
4.2100000E+00	1.1464E-02	1.9317E-01
4.2200000E+00	1.7481E-02	2.7811E-01
4.2300000E+00	-3.8411E-03	1.6513E-01
4.2400000E+00	-1.5562E-02	5.2916E-03
4.2500000E+00	-7.8110E-03	1.1640E-02
4.2600000E+00	9.7035E-03	1.7684E-01
4.2700000E+00	1.8319E-02	2.8279E-01
4.2800000E+00	-1.5407E-03	1.8949E-01
4.2900000E+00	-1.4943E-02	2.2258E-02
4.3000000E+00	-9.9063E-03	3.9724E-03
4.3100000E+00	7.8991E-03	1.5984E-01
4.3200000E+00	1.8572E-02	2.8411E-01
4.3300000E+00	1.0036E-03	2.1277E-01
4.3400000E+00	-1.4138E-02	4.1587E-02
4.3500000E+00	-1.1753E-02	-1.3725E-03
4.3600000E+00	5.9671E-03	1.4218E-01
4.3700000E+00	1.8466E-02	2.8243E-01
4.3800000E+00	4.0509E-03	2.3445E-01
4.3900000E+00	-1.3128E-02	6.2880E-02
4.4000000E+00	-1.3290E-02	-3.3873E-03
4.4100000E+00	3.9529E-03	1.2452E-01
4.4200000E+00	1.8122E-02	2.7810E-01
4.4300000E+00	7.1855E-03	2.5448E-01
4.4400000E+00	-1.2009E-02	8.5865E-02
4.4500000E+00	-1.4435E-02	-2.7126E-03
4.4600000E+00	1.8840E-03	1.0718E-01
4.4700000E+00	1.7265E-02	2.7081E-01
4.4800000E+00	1.0397E-02	2.7210E-01
4.4900000E+00	-1.0554E-02	1.1019E-01
4.5000000E+00	-1.5279E-02	1.2911E-03
4.5100000E+00	-2.7752E-04	9.0876E-02
4.5200000E+00	1.6140E-02	2.6115E-01
4.5300000E+00	1.3462E-02	2.8712E-01
4.5400000E+00	-8.9600E-03	1.3518E-01
4.5500000E+00	-1.5734E-02	8.2983E-03
4.5600000E+00	-2.4966E-03	7.5580E-02
4.5700000E+00	1.4617E-02	2.4882E-01
4.5800000E+00	1.5543E-02	2.9914E-01
4.5900000E+00	-7.2000E-03	1.6082E-01
4.6000000E+00	-1.5945E-02	1.8642E-02
4.6100000E+00	-4.5937E-03	6.2235E-02
4.6200000E+00	1.2949E-02	2.3481E-01
4.6300000E+00	1.7338E-02	3.0845E-01
4.6400000E+00	-5.1350E-03	1.8618E-01
4.6500000E+00	-1.5790E-02	3.1616E-02
4.6600000E+00	-6.8920E-03	5.0587E-02
4.6700000E+00	1.1175E-02	2.1947E-01
4.6800000E+00	1.8480E-02	3.1478E-01
4.6900000E+00	-2.8392E-03	2.1115E-01
4.7000000E+00	-1.5531E-02	4.7260E-02
4.7100000E+00	-8.9558E-03	4.1597E-02
4.7200000E+00	9.2571E-03	2.0249E-01
4.7300000E+00	1.9179E-02	3.1776E-01
4.7400000E+00	-1.8429E-04	2.3513E-01
4.7500000E+00	-1.4926E-02	6.5550E-02
4.7600000E+00	-1.0881E-02	3.4929E-02
4.7700000E+00	7.1971E-03	1.8517E-01
4.7800000E+00	1.9343E-02	3.1778E-01
4.7900000E+00	2.9024E-03	2.5776E-01
4.8000000E+00	-1.4187E-02	8.5895E-02
4.8100000E+00	-1.2624E-02	3.1276E-02
4.8200000E+00	5.1042E-03	1.6750E-01
4.8300000E+00	1.9134E-02	3.1479E-01
4.8400000E+00	6.0127E-03	2.7843E-01
4.8500000E+00	-1.3136E-02	1.0818E-01
4.8600000E+00	-1.4082E-02	3.0595E-02
4.8700000E+00	2.9567E-03	1.4984E-01
4.8800000E+00	1.8503E-02	3.0880E-01
4.8900000E+00	9.3065E-03	2.9745E-01
4.9000000E+00	-1.1911E-02	1.3186E-01
4.9100000E+00	-1.5132E-02	3.2929E-02
4.9200000E+00	7.5314E-04	1.3321E-01
4.9300000E+00	1.7460E-02	3.0048E-01
4.9400000E+00	1.2542E-02	3.1377E-01
4.9500000E+00	-1.0338E-02	1.5649E-01
4.9600000E+00	-1.5886E-02	3.8229E-02
4.9700000E+00	-1.4861E-03	1.1722E-01
4.9800000E+00	1.6049E-02	2.8946E-01
4.9900000E+00	1.4980E-02	3.2742E-01
5.0000000E+00	-8.6067E-03	1.8180E-01
5.0100000E+00	-1.6329E-02	4.6920E-02
5.0200000E+00	-3.7892E-03	1.0288E-01
5.0300000E+00	1.4508E-02	2.7647E-01
5.0400000E+00	1.6979E-02	3.3809E-01
5.0500000E+00	-6.3782E-03	2.0750E-01
5.0600000E+00	-1.6422E-02	5.8546E-02
5.0700000E+00	-5.9210E-03	9.0210E-02
5.0800000E+00	1.2855E-02	2.6148E-01
5.0900000E+00	1.8638E-02	3.4609E-01
5.1000000E+00	-3.8676E-03	2.3246E-01
5.1100000E+00	-1.6308E-02	7.2881E-02
5.1200000E+00	-8.1245E-03	7.9906E-02
5.1300000E+00	1.0858E-02	2.4549E-01
5.1400000E+00	1.9577E-02	3.5077E-01
5.1500000E+00	-1.0236E-03	2.5715E-01
5.1600000E+00	-1.5876E-02	8.9885E-02
5.1700000E+00	-1.0234E-02	7.1914E-02
5.1800000E+00	8.7357E-03	2.2815E-01
5.1900000E+00	2.0061E-02	3.5210E-01
5.2000000E+00	2.0078E-03	2.8046E-01
5.2100000E+00	-1.5269E-02	1.0919E-01
5.2200000E+00	-1.2186E-02	6.6919E-02
5.2300000E+00	6.3777E-03	2.1052E-01
5.2400000E+00	2.0040E-02	3.5076E-01
5.2500000E+00	4.9780E-03	3.0211E-01
5.2600000E+00	-1.4334E-02	1.3047E-01
5.2700000E+00	-1.3690E-02	6.4576E-02
5.2800000E+00	4.2619E-03	1.9285E-01
5.2900000E+00	1.9640E-02	3.4644E-01
5.3000000E+00	8.1389E-03	3.2213E-01
5.3100000E+00	-1.3119E-02	1.5350E-01
5.3200000E+00	-1.5025E-02	6.5216E-02
5.3300000E+00	1.9572E-03	1.7549E-01
5.3400000E+00	1.8719E-02	3.3908E-01
5.3500000E+00	1.1327E-02	3.3975E-01
5.3600000E+00	-1.1701E-02	1.7782E-01
5.3700000E+00	-1.6100E-02	6.9231E-02
5.3800000E+00	-4.0207E-04	1.5919E-01
5.3900000E+00	1.7609E-02	3.2944E-01
5.4000000E+00	1.4350E-02	3.5476E-01
5.4100000E+00	-9.7937E-03	2.0284E-01
5.4200000E+00	-1.6641E-02	7.6235E-02
5.4300000E+00	-2.7946E-03	1.4388E-01
5.4400000E+00	1.6139E-02	3.1710E-01
5.4500000E+00	1.6723E-02	3.6706E-01
5.4600000E+00	-7.4393E-03	2.2847E-01
5.4700000E+00	-1.7081E-02	8.6192E-02
5.4800000E+00	-5.0168E-03	1.3052E-01
5.4900000E+00	1.4452E-02	3.0345E-01
5.5000000E+00	1.8687E-02	3.7641E-01
5.5100000E+00	-4.8215E-03	2.5383E-01
5.5200000E+00	-1.7134E-02	9.9194E-02
5.5300000E+00	-7.3294E-03	1.1887E-01
5.5400000E+00	1.2576E-02	2.8780E-01
5.5500000E+00	2.0100E-02	3.8273E-01
5.5600000E+00	-1.9977E-03	2.7875E-01
5.5700000E+00	-1.6847E-02	1.1484E-01
5.5800000E+00	-9.5704E-03	1.0987E-01
5.5900000E+00	1.0417E-02	2.7115E-01
5.6000000E+00	2.0938E-02	3.8575E-01
5.6100000E+00	9.6287E-04	3.0276E-01
5.6200000E+00	-1.6216E-02	1.3319E-01
5.6300000E+00	-1.1666E-02	1.0321E-01
5.6400000E+00	8.2187E-03	2.5380E-01
5.6500000E+00	2.1112E-02	3.8576E-01
5.6600000E+00	3.9442E-03	3.2546E-01
5.6700000E+00	-1.5473E-02	1.5348E-01
5.6800000E+00	-1.3470E-02	9.9207E-02
5.6900000E+00	5.7427E-03	2.3581E-01
5.7000000E+00	2.0964E-02	3.8309E-01
5.7100000E+00	6.9358E-03	3.4612E-01
5.7200000E+00	-1.4213E-02	1.7550E-01
5.7300000E+00	-1.4919E-02	9.8552E-02
5.7400000E+00	3.4299E-03	2.1851E-01
5.7500000E+00	2.0219E-02	3.7709E-01
5.7600000E+00	1.0297E-02	3.6509E-01
5.7700000E+00	-1.2756E-02	1.9914E-01
5.7800000E+00	-1.6105E-02	1.0088E-01
5.7900000E+00	9.5850E-04	2.0151E-01
5.8000000E+00	1.9008E-02	3.6876E-01
5.8100000E+00	1.3425E-02	3.8140E-01
5.8200000E+00	-1.0717E-02	2.2415E-01
5.8300000E+00	-1.7051E-02	1.0616E-01
5.8400000E+00	-1.6548E-03	1.8554E-01
5.8500000E+00	1.7621E-02	3.5774E-01
5.8600000E+00	1.6388E-02	3.9506E-01
5.8700000E+00	-8.6690E-03	2.4946E-01
5.8800000E+00	-1.7592E-02	1.1484E-01
5.8900000E+00	-4.0900E-03	1.7122E-01
5.9000000E+00	1.6071E-02	3.4479E-01
5.9100000E+00	1.9074E-02	4.0607E-01
5.9200000E+00	-6.0908E-03	2.7480E-01
5.9300000E+00	-1.7830E-02	1.2619E-01
5.9400000E+00	-6.4094E-03	1.5852E-01
5.9500000E+00	1.4289E-02	3.2977E-01
5.9600000E+00	2.1141E-02	4.1373E-01
5.9700000E+00	-3.3929E-03	3.0011E-01
5.9800000E+00	-1.7790E-02	1.4051E-01
5.9900000E+00	-8.8057E-03	1.4820E-01
6.0000000E+00	1.2226E-02	3.1378E-01
6.0100000E+00	2.2531E-02	4.1870E-01
6.0200000E+00	-4.0742E-04	3.2478E-01
6.0300000E+00	-1.7443E-02	1.5747E-01
6.0400000E+00	-1.1114E-02	1.4021E-01
6.0500000E+00	9.9479E-03	2.9677E-01
6.0600000E+00	2.3100E-02	4.2039E-01
6.0700000E+00	2.4677E-03	3.4810E-01
6.0800000E+00	-1.6615E-02	1.7680E-01
6.0900000E+00	-1.3071E-02	1.3487E-01
6.1000000E+00	7.6121E-03	2.7912E-01
6.1100000E+00	2.2957E-02	4.1870E-01
6.1200000E+00	5.6520E-03	3.6976E-01
6.1300000E+00	-1.5338E-02	1.9814E-01
6.1400000E+00	-1.4809E-02	1.3253E-01
6.1500000E+00	5.1764E-03	2.6150E-01
6.1600000E+00	2.2239E-02	4.1441E-01
6.1700000E+00	8.9831E-03	3.8974E-01
6.1800000E+00	-1.3679E-02	2.2115E-01
6.1900000E+00	-1.6222E-02	1.3319E-01
6.2000000E+00	2.6414E-03	2.4416E-01
6.2100000E+00	2.1076E-02	4.0740E-01
6.2200000E+00	1.2655E-02	4.0738E-01
6.2300000E+00	-1.1865E-02	2.4511E-01
6.2400000E+00	-1.7256E-02	1.3719E-01
6.2500000E+00	-1.1728E-04	2.2748E-01
6.2600000E+00	1.9495E-02	3.9741E-01
6.2700000E+00	1.6489E-02	4.2238E-01
6.2800000E+00	-9.6575E-03	2.7045E-01
6.2900000E+00	-1.8017E-02	1.4416E-01
6.3000000E+00	-2.7911E-03	2.1249E-01
6.3100000E+00	1.7763E-02	3.8575E-01
6.3200000E+00	1.9636E-02	4.3468E-01
6.3300000E+00	-7.5960E-03	2.9581E-01
6.3400000E+00	-1.8565E-02	1.5414E-01
6.3500000E+00	-5.3871E-03	1.9884E-01
6.3600000E+00	1.5832E-02	3.7175E-01
6.3700000E+00	2.2425E-02	4.4434E-01
6.3800000E+00	-5.1030E-03	3.2144E-01
6.3900000E+00	-1.8716E-02	1.6684E-01
6.4000000E+00	-7.9061E-03	1.8721E-01
6.4100000E+00	1.3671E-02	3.5609E-01
6.4200000E+00	2.4437E-02	4.5069E-01
6.4300000E+00	-2.3144E-03	3.4610E-01
6.4400000E+00	-1.8546E-02	1.8248E-01
6.4500000E+00	-1.0501E-02	1.7785E-01
6.4600000E+00	1.1552E-02	3.3946E-01
6.4700000E+00	2.5306E-02	4.5369E-01
6.4800000E+00	7.2753E-04	3.7038E-01
6.4900000E+00	-1.7871E-02	2.0080E-01
6.5000000E+00	-1.2707E-02	1.7120E-01
6.5100000E+00	9.2960E-03	3.2214E-01
6.5200000E+00	2.5596E-02	4.5402E-01
6.5300000E+00	3.8461E-03	3.9306E-01
6.5400000E+00	-1.6781E-02	2.2115E-01
6.5500000E+00	-1.4750E-02	1.6750E-01
6.5600000E+00	6.8527E-03	3.0449E-01
6.5700000E+00	2.4890E-02	4.5101E-01
6.5800000E+00	7.2802E-03	4.1373E-01
6.5900000E+00	-1.5179E-02	2.4312E-01
6.6000000E+00	-1.6379E-02	1.6650E-01
6.6100000E+00	4.2384E-03	2.8679E-01
6.6200000E+00	2.3693E-02	4.4538E-01
6.6300000E+00	1.1300E-02	4.3271E-01
6.6400000E+00	-1.3198E-02	2.6678E-01
6.6500000E+00	-1.7723E-02	1.6884E-01
6.6600000E+00	1.5321E-03	2.6981E-01
6.6700000E+00	2.1871E-02	4.3676E-01
6.6800000E+00	1.5741E-02	4.4901E-01
6.6900000E+00	-1.1137E-02	2.9142E-01
6.7000000E+00	-1.8679E-02	1.7413E-01
6.7100000E+00	-1.3059E-03	2.5414E-01
6.7200000E+00	1.9811E-02	4.2605E-01
6.7300000E+00	1.9740E-02	4.6304E-01
6.7400000E+00	-9.0614E-03	3.1678E-01
6.7500000E+00	-1.9391E-02	1.8251E-01
6.7600000E+00	-4.1881E-03	2.3952E-01
6.7700000E+00	1.7481E-02	4.1308E-01
6.7800000E+00	2.3194E-02	4.7402E-01
6.7900000E+00	-6.8660E-03	3.4244E-01
6.8000000E+00	-1.9694E-02	1.9415E-01
6.8100000E+00	-6.8615E-03	2.2686E-01
6.8200000E+00	1.5214E-02	3.9841E-01
6.8300000E+00	2.5552E-02	4.8168E-01
6.8400000E+00	-4.3562E-03	3.6779E-01
6.8500000E+00	-1.9676E-02	2.0812E-01
6.8600000E+00	-9.5147E-03	2.1653E-01
6.8700000E+00	1.2844E-02	3.8212E-01
6.8800000E+00	2.7129E-02	4.8667E-01
6.8900000E+00	-1.7268E-03	3.9208E-01
6.9000000E+00	-1.9065E-02	2.2514E-01
6.9100000E+00	-1.2198E-02	2.0851E-01
6.9200000E+00	1.0501E-02	3.6510E-01
6.9300000E+00	2.7569E-02	4.8831E-01
6.9400000E+00	1.3764E-03	4.1576E-01
6.9500000E+00	-1.8238E-02	2.4447E-01
6.9600000E+00	-1.4497E-02	2.0317E-01
6.9700000E+00	8.1167E-03	3.4740E-01
6.9800000E+00	2.7355E-02	4.8701E-01
6.9900000E+00	4.9744E-03	4.3739E-01
7.0000000E+00	-1.6811E-02	2.6580E-01
7.0100000E+00	-1.6500E-02	2.0082E-01
7.0200000E+00	5.7277E-03	3.2978E-01
7.0300000E+00	2.6121E-02	4.8267E-01
7.0400000E+00	9.1977E-03	4.5739E-01
7.0500000E+00	-1.4851E-02	2.8846E-01
7.0600000E+00	-1.8180E-02	2.0149E-01
7.0700000E+00	3.0129E-03	3.1248E-01
7.0800000E+00	2.4377E-02	4.7536E-01
7.0900000E+00	1.4107E-02	4.7501E-01
7.1000000E+00	-1.2722E-02	3.1279E-01
7.1100000E+00	-1.9474E-02	2.0517E-01
7.1200000E+00	2.1612E-04	2.9612E-01
7.1300000E+00	2.2137E-02	4.6569E-01
7.1400000E+00	1.9227E-02	4.9032E-01
7.1500000E+00	-1.0893E-02	3.3775E-01
7.1600000E+00	-2.0214E-02	2.1180E-01
7.1700000E+00	-2.8055E-03	2.8082E-01
7.1800000E+00	1.9592E-02	4.5403E-01
7.1900000E+00	2.3091E-02	5.0267E-01
7.2000000E+00	-9.0076E-03	3.6343E-01
7.2100000E+00	-2.0666E-02	2.2181E-01
7.2200000E+00	-5.6881E-03	2.6714E-01
7.2300000E+00	1.6857E-02	4.4004E-01
7.2400000E+00	2.6357E-02	5.1201E-01
7.2500000E+00	-7.0196E-03	3.8874E-01
7.2600000E+00	-2.0616E-02	2.3479E-01
7.2700000E+00	-8.5152E-03	2.5551E-01
7.2800000E+00	1.4061E-02	4.2440E-01
7.2900000E+00	2.8412E-02	5.1868E-01
7.3000000E+00	-4.7138E-03	4.1374E-01
7.3100000E+00	-2.0247E-02	2.5014E-01
7.3200000E+00	-1.1342E-02	2.4616E-01
7.3300000E+00	1.1611E-02	4.0808E-01
7.3400000E+00	2.9167E-02	5.2203E-01
7.3500000E+00	-1.7421E-03	4.3775E-01
7.3600000E+00	-1.9236E-02	2.6847E-01
7.3700000E+00	-1.4174E-02	2.3949E-01
7.3800000E+00	9.0118E-03	3.9042E-01
7.3900000E+00	2.9173E-02	5.2203E-01
7.4000000E+00	1.9169E-03	4.6039E-01
7.4100000E+00	-1.8154E-02	2.8845E-01
7.4200000E+00	-1.6377E-02	2.3547E-01
7.4300000E+00	6.5007E-03	3.7277E-01
7.4400000E+00	2.8511E-02	5.1933E-01
7.4500000E+00	6.3048E-03	4.8136E-01
7.4600000E+00	-1.6302E-02	3.1079E-01
7.4700000E+00	-1.8357E-02	2.3481E-01
7.4800000E+00	3.8895E-03	3.5542E-01
7.4900000E+00	2.6832E-02	5.1330E-01
7.5000000E+00	1.1744E-02	5.0035E-01
7.5100000E+00	-1.4694E-02	3.3446E-01
7.5200000E+00	-1.9624E-02	2.3681E-01
7.5300000E+00	1.2248E-03	3.3844E-01
7.5400000E+00	2.4676E-02	5.0502E-01
7.5500000E+00	1.7353E-02	5.1701E-01
7.5600000E+00	-1.2933E-02	3.5908E-01
7.5700000E+00	-2.0747E-02	2.4214E-01
7.5800000E+00	-1.5229E-03	3.2245E-01
7.5900000E+00	2.1890E-02	4.9434E-01
7.6000000E+00	2.1602E-02	5.3069E-01
7.6100000E+00	-1.1342E-02	3.8443E-01
7.6200000E+00	-2.1070E-02	2.5044E-01
7.6300000E+00	-4.6616E-03	3.0780E-01
7.6400000E+00	1.8906E-02	4.8137E-01
7.6500000E+00	2.4438E-02	5.4166E-01
7.6600000E+00	-9.5158E-03	4.0973E-01
7.6700000E+00	-2.1101E-02	2.6180E-01
7.6800000E+00	-7.2708E-03	2.9511E-01
7.6900000E+00	1.5878E-02	4.6669E-01
7.7000000E+00	2.6314E-02	5.4965E-01
7.7100000E+00	-7.0528E-03	4.3507E-01
7.7200000E+00	-2.0547E-02	2.7613E-01
7.7300000E+00	-1.0156E-02	2.8482E-01
7.7400000E+00	1.3065E-02	4.5073E-01
7.7500000E+00	2.7422E-02	5.5466E-01
7.7600000E+00	-3.9728E-03	4.5969E-01
7.7700000E+00	-1.9842E-02	2.9280E-01
7.7800000E+00	-1.2963E-02	2.7647E-01
7.7900000E+00	1.0253E-02	4.3337E-01
7.8000000E+00	2.7748E-02	5.5631E-01
7.8100000E+00	-3.1882E-04	4.8301E-01
7.8200000E+00	-1.8710E-02	3.1209E-01
7.8300000E+00	-1.5326E-02	2.7114E-01
7.8400000E+00	7.6015E-03	4.1573E-01
7.8500000E+00	2.7501E-02	5.5497E-01
7.8600000E+00	4.3139E-03	5.0502E-01
7.8700000E+00	-1.7347E-02	3.3312E-01
7.8800000E+00	-1.7444E-02	2.6879E-01
7.8900000E+00	4.9003E-03	3.9808E-01
7.9000000E+00	2.6758E-02	5.5068E-01
7.9100000E+00	9.2770E-03	5.2503E-01
7.9200000E+00	-1.5976E-02	3.5607E-01
7.9300000E+00	-1.8986E-02	2.6944E-01
7.9400000E+00	2.2324E-03	3.8076E-01
7.9500000E+00	2.5447E-02	5.4362E-01
7.9600000E+00	1.3974E-02	5.4263E-01
7.9700000E+00	-1.4484E-02	3.8041E-01
7.9800000E+00	-2.0027E-02	2.7313E-01
7.9900000E+00	-5.2364E-04	3.6445E-01
8.0000000E+00	2.3551E-02	5.3396E-01
8.0100000E+00	1.8070E-02	5.5798E-01
8.0200000E+00	-1.2657E-02	4.0539E-01
8.0300000E+00	-2.0627E-02	2.7980E-01
8.0400000E+00	-3.2190E-03	3.4910E-01
8.0500000E+00	2.1115E-02	5.2231E-01
8.0600000E+00	2.1029E-02	5.7065E-01
8.0700000E+00	-1.0634E-02	4.3073E-01
8.0800000E+00	-2.0640E-02	2.8976E-01
8.0900000E+00	-5.9635E-03	3.3543E-01
8.1000000E+00	1.8151E-02	5.0834E-01
8.1100000E+00	2.3326E-02	5.7997E-01
8.1200000E+00	-7.9682E-03	4.5641E-01
8.1300000E+00	-2.0293E-02	3.0244E-01
8.1400000E+00	-8.5199E-03	3.2378E-01
8.1500000E+00	1.5060E-02	4.9302E-01
8.1600000E+00	2.4851E-02	5.8662E-01
8.1700000E+00	-4.9089E-03	4.8137E-01
8.1800000E+00	-1.9566E-02	3.1811E-01
8.1900000E+00	-1.1338E-02	3.1444E-01
8.2000000E+00	1.2026E-02	4.7636E-01
8.2100000E+00	2.5594E-02	5.8996E-01
8.2200000E+00	-9.4067E-04	5.0536E-01
8.2300000E+00	-1.8805E-02	3.3612E-01
8.2400000E+00	-1.3917E-02	3.0777E-01
8.2500000E+00	9.2089E-03	4.5903E-01
8.2600000E+00	2.5699E-02	5.8996E-01
8.2700000E+00	3.3163E-03	5.2802E-01
8.2800000E+00	-1.7917E-02	3.5610E-01
8.2900000E+00	-1.5930E-02	3.0376E-01
8.3000000E+00	6.3666E-03	4.4138E-01
8.3100000E+00	2.5338E-02	5.8729E-01
8.3200000E+00	7.4411E-03	5.4899E-01
8.3300000E+00	-1.6636E-02	3.7843E-01
8.3400000E+00	-1.7690E-02	3.0277E-01
8.3500000E+00	3.5920E-03	4.2373E-01
8.3600000E+00	2.4573E-02	5.8164E-01
8.3700000E+00	1.1318E-02	5.6798E-01
8.3800000E+00	-1.5105E-02	4.0174E-01
8.3900000E+00	-1.8846E-02	3.0475E-01
8.4000000E+00	8.6690E-04	4.0674E-01
8.4100000E+00	2.3268E-02	5.7330E-01
8.4200000E+00	1.4930E-02	5.8464E-01
8.4300000E+00	-1.3267E-02	4.2641E-01
8.4400000E+00	-1.9579E-02	3.1010E-01
8.4500000E+00	-1.7967E-03	3.9074E-01
8.4600000E+00	2.1690E-02	5.6264E-01
8.4700000E+00	1.7848E-02	5.9860E-01
8.4800000E+00	-1.0951E-02	4.5170E-01
8.4900000E+00	-1.9793E-02	3.1846E-01
8.5000000E+00	-4.4731E-03	3.7611E-01
8.5100000E+00	1.9681E-02	5.4967E-01
8.5200000E+00	2.0012E-02	6.0962E-01
8.5300000E+00	-8.2572E-03	4.7739E-01
8.5400000E+00	-1.9692E-02	3.2976E-01
8.5500000E+00	-6.9841E-03	3.6345E-01
8.5600000E+00	1.7309E-02	5.3500E-01
8.5700000E+00	2.1642E-02	6.1760E-01
8.5800000E+00	-4.9726E-03	5.0272E-01
8.5900000E+00	-1.9309E-02	3.4376E-01
8.6000000E+00	-9.6182E-03	3.5274E-01
8.6100000E+00	1.4517E-02	5.1902E-01
8.6200000E+00	2.2703E-02	6.2261E-01
8.6300000E+00	-1.0968E-03	5.2735E-01
8.6400000E+00	-1.8733E-02	3.6041E-01
8.6500000E+00	-1.2195E-02	3.4478E-01
8.6600000E+00	1.1477E-02	5.0204E-01
8.6700000E+00	2.3182E-02	6.2428E-01
8.6800000E+00	2.7599E-03	5.5066E-01
8.6900000E+00	-1.7965E-02	3.7974E-01
8.7000000E+00	-1.4343E-02	3.3945E-01
8.7100000E+00	8.3150E-03	4.8436E-01
8.7200000E+00	2.3264E-02	6.2329E-01
8.7300000E+00	5.9830E-03	5.7268E-01
8.7400000E+00	-1.6813E-02	4.0075E-01
8.7500000E+00	-1.6182E-02	3.3679E-01
8.7600000E+00	5.4768E-03	4.6672E-01
8.7700000E+00	2.2796E-02	6.1895E-01
8.7800000E+00	9.2041E-03	5.9265E-01
8.7900000E+00	-1.5306E-02	4.2375E-01
8.8000000E+00	-1.7520E-02	3.3743E-01
8.8100000E+00	2.6634E-03	4.4940E-01
8.8200000E+00	2.2211E-02	6.1199E-01
8.8300000E+00	1.2303E-02	6.1065E-01
8.8400000E+00	-1.3430E-02	4.4774E-01
8.8500000E+00	-1.8435E-02	3.4112E-01
8.8600000E+00	-8.9151E-05	4.3273E-01
8.8700000E+00	2.1026E-02	6.0231E-01
8.8800000E+00	1.5010E-02	6.2594E-01
8.8900000E+00	-1.1074E-02	4.7304E-01
8.9000000E+00	-1.8811E-02	3.4780E-01
8.9100000E+00	-2.7609E-03	4.1740E-01
8.9200000E+00	1.9827E-02	5.9065E-01
8.9300000E+00	1.7143E-02	6.3826E-01
8.9400000E+00	-8.1562E-03	4.9837E-01
8.9500000E+00	-1.9081E-02	3.5741E-01
8.9600000E+00	-5.2876E-03	4.0376E-01
8.9700000E+00	1.8037E-02	5.7662E-01
8.9800000E+00	1.9054E-02	6.4792E-01
8.9900000E+00	-4.7720E-03	5.2366E-01
9.0000000E+00	-1.8912E-02	3.7006E-01
9.0100000E+00	-7.8151E-03	3.9207E-01
9.0200000E+00	1.6017E-02	5.6131E-01
9.0300000E+00	2.0380E-02	6.5462E-01
9.0400000E+00	-1.2244E-03	5.4867E-01
9.0500000E+00	-1.8531E-02	3.8575E-01
9.0600000E+00	-1.0464E-02	3.8276E-01
9.0700000E+00	1.3592E-02	5.4463E-01
9.0800000E+00	2.1195E-02	6.5796E-01
9.0900000E+00	1.9828E-03	5.7296E-01
9.1000000E+00	-1.7712E-02	4.0373E-01
9.1100000E+00	-1.2850E-02	3.7576E-01
9.1200000E+00	1.0817E-02	5.2733E-01
9.1300000E+00	2.1496E-02	6.5827E-01
9.1400000E+00	4.9089E-03	5.9564E-01
9.1500000E+00	-1.6623E-02	4.2374E-01
9.1600000E+00	-1.4735E-02	3.7178E-01
9.1700000E+00	7.8632E-03	5.0969E-01
9.1800000E+00	2.1465E-02	6.5560E-01
9.1900000E+00	7.4475E-03	6.1663E-01
9.2000000E+00	-1.5064E-02	4.4573E-01
9.2100000E+00	-1.6223E-02	3.7077E-01
9.2200000E+00	4.8601E-03	4.9204E-01
9.2300000E+00	2.1007E-02	6.4991E-01
9.2400000E+00	1.0220E-02	6.3562E-01
9.2500000E+00	-1.3106E-02	4.6939E-01
9.2600000E+00	-1.7328E-02	3.7278E-01
9.2700000E+00	2.0239E-03	4.7499E-01
9.2800000E+00	2.0262E-02	6.4159E-01
9.2900000E+00	1.3002E-02	6.5226E-01
9.3000000E+00	-1.0677E-02	4.9405E-01
9.3100000E+00	-1.8012E-02	3.7808E-01
9.3200000E+00	-7.5061E-04	4.5902E-01
9.3300000E+00	1.9212E-02	6.3095E-01
9.3400000E+00	1.5482E-02	6.6627E-01
9.3500000E+00	-7.8008E-03	5.1937E-01
9.3600000E+00	-1.8423E-02	3.8608E-01
9.3700000E+00	-3.5245E-03	4.4436E-01
9.3800000E+00	1.7981E-02	6.1796E-01
9.3900000E+00	1.7449E-02	6.7727E-01
9.4000000E+00	-4.6599E-03	5.4500E-01
9.4100000E+00	-1.8534E-02	3.9741E-01
9.4200000E+00	-6.1051E-03	4.3173E-01
9.4300000E+00	1.6403E-02	6.0329E-01
9.4400000E+00	1.9045E-02	6.8560E-01
9.4500000E+00	-1.7202E-03	5.7033E-01
9.4600000E+00	-1.8232E-02	4.1141E-01
9.4700000E+00	-8.7462E-03	4.2108E-01
9.4800000E+00	1.4609E-02	5.8731E-01
9.4900000E+00	2.0136E-02	6.9057E-01
9.5000000E+00	9.5284E-04	5.9464E-01
9.5100000E+00	-1.7511E-02	4.2807E-01
9.5200000E+00	-1.1234E-02	4.1309E-01
9.5300000E+00	1.2447E-02	5.7030E-01
9.5400000E+00	2.0734E-02	6.9258E-01
9.5500000E+00	3.4465E-03	6.1832E-01
9.5600000E+00	-1.6374E-02	4.4739E-01
9.5700000E+00	-1.3301E-02	4.0743E-01
9.5800000E+00	1.0030E-02	5.5266E-01
9.5900000E+00	2.0929E-02	6.9126E-01
9.6000000E+00	5.8620E-03	6.4026E-01
9.6100000E+00	-1.4784E-02	4.6839E-01
9.6200000E+00	-1.5017E-02	4.0510E-01
9.6300000E+00	7.3672E-03	5.3503E-01
9.6400000E+00	2.0629E-02	6.8726E-01
9.6500000E+00	8.4860E-03	6.6028E-01
9.6600000E+00	-1.2775E-02	4.9141E-01
9.6700000E+00	-1.6323E-02	4.0541E-01
9.6800000E+00	4.4907E-03	5.1767E-01
9.6900000E+00	1.9982E-02	6.8026E-01
9.7000000E+00	1.1438E-02	6.7825E-01
9.7100000E+00	-1.0352E-02	5.1538E-01
9.7200000E+00	-1.7223E-02	4.0908E-01
9.7300000E+00	1.4553E-03	5.0104E-01
9.7400000E+00	1.9064E-02	6.7061E-01
9.7500000E+00	1.4324E-02	6.9359E-01
9.7600000E+00	-7.6159E-03	5.4033E-01
9.7700000E+00	-1.7838E-02	4.1576E-01
9.7800000E+00	-1.4953E-03	4.8571E-01
9.7900000E+00	1.7883E-02	6.5892E-01
9.8000000E+00	1.6851E-02	7.0625E-01
9.8100000E+00	-5.0378E-03	5.6601E-01
9.8200000E+00	-1.8068E-02	4.2541E-01
9.8300000E+00	-4.2523E-03	4.7204E-01
9.8400000E+00	1.6473E-02	6.4490E-01
9.8500000E+00	1.8885E-02	7.1586E-01
9.8600000E+00	-2.6939E-03	5.9134E-01
9.8700000E+00	-1.7825E-02	4.3809E-01
9.8800000E+00	-6.8808E-03	4.6037E-01
9.8900000E+00	1.4797E-02	6.2962E-01
9.9000000E+00	2.0439E-02	7.2224E-01
9.9100000E+00	-4.7373E-04	6.1627E-01
9.9200000E+00	-1.7187E-02	4.5342E-01
9.9300000E+00	-9.5730E-03	4.5072E-01
9.9400000E+00	1.3108E-02	6.1331E-01
9.9500000E+00	2.1401E-02	7.2588E-01
9.9600000E+00	1.8881E-03	6.4059E-01
9.9700000E+00	-1.6140E-02	4.7137E-01
9.9800000E+00	-1.1939E-02	4.4406E-01
9.9900000E+00	1.1100E-02	5.9559E-01
1.0000000E+01	2.1694E-02	7.2622E-01
1.0010000E+01	4.1718E-03	6.6330E-01
1.0020000E+01	-1.4571E-02	4.9138E-01
1.0030000E+01	-1.3804E-02	4.4006E-01
1.0040000E+01	8.9922E-03	5.7795E-01
1.0050000E+01	2.1496E-02	7.2356E-01
1.0060000E+01	6.8552E-03	6.8427E-01
1.0070000E+01	-1.2771E-02	5.1338E-01
1.0080000E+01	-1.5316E-02	4.3876E-01
1.0090000E+01	6.4722E-03	5.6068E-01
1.0100000E+01	2.0794E-02	7.1824E-01
1.0110000E+01	1.0025E-02	7.0326E-01
1.0120000E+01	-1.0345E-02	5.3702E-01
1.0130000E+01	-1.6529E-02	4.4073E-01
1.0140000E+01	3.7219E-03	5.4368E-01
1.0150000E+01	1.9703E-02	7.0990E-01
1.0160000E+01	1.3523E-02	7.1991E-01
1.0170000E+01	-8.0621E-03	5.6166E-01
1.0180000E+01	-1.7241E-02	4.4573E-01
1.0190000E+01	8.1331E-04	5.2737E-01
1.0200000E+01	1.8433E-02	6.9926E-01
1.0210000E+01	1.7171E-02	7.3421E-01
1.0220000E+01	-5.9803E-03	5.8700E-01
1.0230000E+01	-1.7575E-02	4.5406E-01
1.0240000E+01	-2.0346E-03	5.1300E-01
1.0250000E+01	1.6806E-02	6.8557E-01
1.0260000E+01	1.9679E-02	7.4286E-01
1.0270000E+01	-4.3874E-03	6.0864E-01
1.0280000E+01	-1.7806E-02	4.5972E-01
1.0290000E+01	-5.4605E-03	4.9305E-01
1.0300000E+01	1.4848E-02	6.6325E-01
1.0310000E+01	2.0771E-02	7.4318E-01
1.0320000E+01	-2.4945E-03	6.2599E-01
1.0330000E+01	-1.7610E-02	4.6603E-01
1.0340000E+01	-8.5027E-03	4.7469E-01
1.0350000E+01	1.2909E-02	6.3929E-01
1.0360000E+01	2.1232E-02	7.4054E-01
1.0370000E+01	-3.4819E-04	6.4262E-01
1.0380000E+01	-1.6922E-02	4.7471E-01
1.0390000E+01	-1.1210E-02	4.5838E-01
1.0400000E+01	1.1113E-02	6.1459E-01
1.0410000E+01	2.0950E-02	7.3455E-01
1.0420000E+01	2.0580E-03	6.5861E-01
1.0430000E+01	-1.5794E-02	4.8605E-01
1.0440000E+01	-1.3460E-02	4.4508E-01
1.0450000E+01	9.0908E-03	5.8932E-01
1.0460000E+01	2.0343E-02	7.2590E-01
1.0470000E+01	4.4264E-03	6.7262E-01
1.0480000E+01	-1.4256E-02	4.9939E-01
1.0490000E+01	-1.5340E-02	4.3472E-01
1.0500000E+01	6.7785E-03	5.6365E-01
1.0510000E+01	1.9436E-02	7.1390E-01
1.0520000E+01	7.1377E-03	6.8492E-01
1.0530000E+01	-1.2437E-02	5.1437E-01
1.0540000E+01	-1.6709E-02	4.2739E-01
1.0550000E+01	3.9865E-03	5.3835E-01
1.0560000E+01	1.8490E-02	6.9920E-01
1.0570000E+01	1.0045E-02	6.9527E-01
1.0580000E+01	-1.0307E-02	5.3070E-01
1.0590000E+01	-1.7665E-02	4.2308E-01
1.0600000E+01	9.7160E-04	5.1402E-01
1.0610000E+01	1.7368E-02	6.8192E-01
1.0620000E+01	1.2731E-02	7.0257E-01
1.0630000E+01	-7.9687E-03	5.4767E-01
1.0640000E+01	-1.8243E-02	4.2176E-01
1.0650000E+01	-2.1022E-03	4.9102E-01
1.0660000E+01	1.6148E-02	6.6225E-01
1.0670000E+01	1.5049E-02	7.0759E-01
1.0680000E+01	-5.8592E-03	5.6531E-01
1.0690000E+01	-1.8410E-02	4.2375E-01
1.0700000E+01	-4.9165E-03	4.6936E-01
1.0710000E+01	1.4889E-02	6.4093E-01
1.0720000E+01	1.6589E-02	7.0957E-01
1.0730000E+01	-3.6915E-03	5.8298E-01
1.0740000E+01	-1.8277E-02	4.2838E-01
1.0750000E+01	-7.6841E-03	4.4976E-01
1.0760000E+01	1.3451E-02	6.1762E-01
1.0770000E+01	1.7553E-02	7.0823E-01
1.0780000E+01	-1.4410E-03	6.0032E-01
1.0790000E+01	-1.7837E-02	4.3610E-01
1.0800000E+01	-1.0360E-02	4.3242E-01
1.0810000E+01	1.1613E-02	5.9331E-01
1.0820000E+01	1.8226E-02	7.0391E-01
1.0830000E+01	9.1337E-04	6.1663E-01
1.0840000E+01	-1.6799E-02	4.4606E-01
1.0850000E+01	-1.2974E-02	4.1773E-01
1.0860000E+01	9.6483E-03	5.6798E-01
1.0870000E+01	1.8465E-02	6.9656E-01
1.0880000E+01	3.2837E-03	6.3160E-01
1.0890000E+01	-1.5726E-02	4.5838E-01
1.0900000E+01	-1.4633E-02	4.0576E-01
1.0910000E+01	7.2533E-03	5.4264E-01
1.0920000E+01	1.8327E-02	6.8625E-01
1.0930000E+01	5.4840E-03	6.4496E-01
1.0940000E+01	-1.4109E-02	4.7241E-01
1.0950000E+01	-1.6335E-02	3.9675E-01
1.0960000E+01	4.5161E-03	5.1738E-01
1.0970000E+01	1.7903E-02	6.7294E-01
1.0980000E+01	8.0843E-03	6.5629E-01
1.0990000E+01	-1.2405E-02	4.8801E-01
1.1000000E+01	-1.7407E-02	3.9073E-01
1.1010000E+01	1.4909E-03	4.9235E-01
1.1020000E+01	1.7447E-02	6.5696E-01
1.1030000E+01	1.0648E-02	6.6528E-01
1.1040000E+01	-1.0333E-02	5.0507E-01
1.1050000E+01	-1.8236E-02	3.8811E-01
1.1060000E+01	-1.2146E-03	4.6839E-01
1.1070000E+01	1.6586E-02	6.3861E-01
1.1080000E+01	1.2989E-02	6.7129E-01
1.1090000E+01	-7.9376E-03	5.2236E-01
1.1100000E+01	-1.8417E-02	3.8843E-01
1.1110000E+01	-4.0651E-03	4.4604E-01
1.1120000E+01	1.5515E-02	6.1795E-01
1.1130000E+01	1.4760E-02	6.7492E-01
1.1140000E+01	-5.5314E-03	5.4001E-01
1.1150000E+01	-1.8713E-02	3.9143E-01
1.1160000E+01	-6.5997E-03	4.2540E-01
1.1170000E+01	1.4081E-02	5.9561E-01
1.1180000E+01	1.6157E-02	6.7523E-01
1.1190000E+01	-3.0530E-03	5.5766E-01
1.1200000E+01	-1.8330E-02	3.9774E-01
1.1210000E+01	-9.3925E-03	4.0675E-01
1.1220000E+01	1.2563E-02	5.7201E-01
1.1230000E+01	1.7138E-02	6.7259E-01
1.1240000E+01	-5.9228E-04	5.7435E-01
1.1250000E+01	-1.7750E-02	4.0640E-01
1.1260000E+01	-1.1856E-02	3.9076E-01
1.1270000E+01	1.0243E-02	5.4700E-01
1.1280000E+01	1.7838E-02	6.6696E-01
1.1290000E+01	1.8424E-03	5.8999E-01
1.1300000E+01	-1.6643E-02	4.1771E-01
1.1310000E+01	-1.3984E-02	3.7744E-01
1.1320000E+01	7.7190E-03	5.2165E-01
1.1330000E+01	1.8102E-02	6.5795E-01
1.1340000E+01	4.2488E-03	6.0429E-01
1.1350000E+01	-1.5457E-02	4.3105E-01
1.1360000E+01	-1.5839E-02	3.6675E-01
1.1370000E+01	4.9484E-03	4.9604E-01
1.1380000E+01	1.8051E-02	6.4626E-01
1.1390000E+01	6.5664E-03	6.1661E-01
1.1400000E+01	-1.3819E-02	4.4608E-01
1.1410000E+01	-1.7286E-02	3.5946E-01
1.1420000E+01	2.2859E-03	4.7106E-01
1.1430000E+01	1.7658E-02	6.3161E-01
1.1440000E+01	9.1541E-03	6.2695E-01
1.1450000E+01	-1.2192E-02	4.6203E-01
1.1460000E+01	-1.8114E-02	3.5508E-01
1.1470000E+01	-4.0883E-04	4.4638E-01
1.1480000E+01	1.6974E-02	6.1432E-01
1.1490000E+01	1.1636E-02	6.3461E-01
1.1500000E+01	-1.0144E-02	4.7939E-01
1.1510000E+01	-1.8666E-02	3.5377E-01
1.1520000E+01	-3.0824E-03	4.2341E-01
1.1530000E+01	1.6205E-02	5.9463E-01
1.1540000E+01	1.3719E-02	6.3925E-01
1.1550000E+01	-8.0253E-03	4.9705E-01
1.1560000E+01	-1.8878E-02	3.5546E-01
1.1570000E+01	-5.6509E-03	4.0174E-01
1.1580000E+01	1.4896E-02	5.7329E-01
1.1590000E+01	1.5313E-02	6.4128E-01
1.1600000E+01	-5.4737E-03	5.1471E-01
1.1610000E+01	-1.8677E-02	3.6009E-01
1.1620000E+01	-8.1470E-03	3.8211E-01
1.1630000E+01	1.3082E-02	5.4998E-01
1.1640000E+01	1.6683E-02	6.4027E-01
1.1650000E+01	-2.7020E-03	5.3200E-01
1.1660000E+01	-1.8211E-02	3.6777E-01
1.1670000E+01	-1.0845E-02	3.6477E-01
1.1680000E+01	1.0893E-02	5.2569E-01
1.1690000E+01	1.7645E-02	6.3627E-01
1.1700000E+01	1.6022E-05	5.4834E-01
1.1710000E+01	-1.7424E-02	3.7776E-01
1.1720000E+01	-1.3269E-02	3.4981E-01
1.1730000E+01	8.1981E-03	5.0070E-01
1.1740000E+01	1.8166E-02	6.2894E-01
1.1750000E+01	2.7175E-03	5.6332E-01
1.1760000E+01	-1.6511E-02	3.9006E-01
1.1770000E+01	-1.5169E-02	3.3775E-01
1.1780000E+01	5.6049E-03	4.7501E-01
1.1790000E+01	1.8375E-02	6.1862E-01
1.1800000E+01	5.1734E-03	5.7664E-01
1.1810000E+01	-1.5093E-02	4.0409E-01
1.1820000E+01	-1.6877E-02	3.2879E-01
1.1830000E+01	3.0819E-03	4.4970E-01
1.1840000E+01	1.8186E-02	6.0527E-01
1.1850000E+01	7.8207E-03	5.8798E-01
1.1860000E+01	-1.3477E-02	4.1972E-01
1.1870000E+01	-1.8078E-02	3.2278E-01
1.1880000E+01	5.8847E-04	4.2471E-01
1.1890000E+01	1.7690E-02	5.8929E-01
1.1900000E+01	1.0482E-02	5.9698E-01
1.1910000E+01	-1.1762E-02	4.3636E-01
1.1920000E+01	-1.8752E-02	3.1980E-01
1.1930000E+01	-2.1149E-03	4.0106E-01
1.1940000E+01	1.6807E-02	5.7099E-01
1.1950000E+01	1.2940E-02	6.0330E-01
1.1960000E+01	-9.6730E-03	4.5404E-01
1.1970000E+01	-1.9221E-02	3.2013E-01
1.1980000E+01	-4.7213E-03	3.7842E-01
1.1990000E+01	1.5465E-02	5.5032E-01
1.2000000E+01	1.4877E-02	6.0663E-01
1.2010000E+01	-7.5108E-03	4.7169E-01
1.2020000E+01	-1.9109E-02	3.2345E-01
1.2030000E+01	-7.2734E-03	3.5778E-01
1.2040000E+01	1.3629E-02	5.2801E-01
1.2050000E+01	1.6486E-02	6.0730E-01
1.2060000E+01	-5.1037E-03	4.8900E-01
1.2070000E+01	-1.8795E-02	3.2947E-01
1.2080000E+01	-9.7994E-03	3.3909E-01
1.2090000E+01	1.1296E-02	5.0433E-01
1.2100000E+01	1.7659E-02	6.0462E-01
1.2110000E+01	-2.4166E-03	5.0601E-01
1.2120000E+01	-1.8047E-02	3.3810E-01
1.2130000E+01	-1.2307E-02	3.2311E-01
1.2140000E+01	8.8958E-03	4.7939E-01
1.2150000E+01	1.8458E-02	5.9896E-01
1.2160000E+01	4.2962E-04	5.2172E-01
1.2170000E+01	-1.7139E-02	3.4943E-01
1.2180000E+01	-1.4486E-02	3.0947E-01
1.2190000E+01	6.5090E-03	4.5407E-01
1.2200000E+01	1.8774E-02	5.8995E-01
1.2210000E+01	3.3911E-03	5.3604E-01
1.2220000E+01	-1.5964E-02	3.6246E-01
1.2230000E+01	-1.6357E-02	2.9912E-01
1.2240000E+01	4.0799E-03	4.2872E-01
1.2250000E+01	1.8715E-02	5.7831E-01
1.2260000E+01	6.2632E-03	5.4834E-01
1.2270000E+01	-1.4555E-02	3.7741E-01
1.2280000E+01	-1.7802E-02	2.9143E-01
1.2290000E+01	1.5838E-03	4.0342E-01
1.2300000E+01	1.8289E-02	5.6366E-01
1.2310000E+01	9.2008E-03	5.5865E-01
1.2320000E+01	-1.2838E-02	3.9374E-01
1.2330000E+01	-1.8911E-02	2.8711E-01
1.2340000E+01	-9.4745E-04	3.7909E-01
1.2350000E+01	1.7306E-02	5.4663E-01
1.2360000E+01	1.2064E-02	5.6630E-01
1.2370000E+01	-1.0925E-02	4.1106E-01
1.2380000E+01	-1.9405E-02	2.8581E-01
1.2390000E+01	-3.6484E-03	3.5577E-01
1.2400000E+01	1.5868E-02	5.2703E-01
1.2410000E+01	1.4348E-02	5.7132E-01
1.2420000E+01	-8.8766E-03	4.2873E-01
1.2430000E+01	-1.9555E-02	2.8746E-01
1.2440000E+01	-6.2113E-03	3.3410E-01
1.2450000E+01	1.3966E-02	5.0569E-01
1.2460000E+01	1.6320E-02	5.7327E-01
1.2470000E+01	-6.6591E-03	4.4639E-01
1.2480000E+01	-1.9236E-02	2.9214E-01
1.2490000E+01	-8.7459E-03	3.1446E-01
1.2500000E+01	1.1899E-02	4.8273E-01
1.2510000E+01	1.7733E-02	5.7231E-01
1.2520000E+01	-4.2320E-03	4.6334E-01
1.2530000E+01	-1.8665E-02	2.9948E-01
1.2540000E+01	-1.1280E-02	2.9677E-01
1.2550000E+01	9.6658E-03	4.5838E-01
1.2560000E+01	1.8709E-02	5.6830E-01
1.2570000E+01	-1.6126E-03	4.7968E-01
1.2580000E+01	-1.7760E-02	3.0944E-01
1.2590000E+01	-1.3730E-02	2.8215E-01
1.2600000E+01	7.4273E-03	4.3305E-01
1.2610000E+01	1.9147E-02	5.6099E-01
1.2620000E+01	1.2689E-03	4.9499E-01
1.2630000E+01	-1.6592E-02	3.2144E-01
1.2640000E+01	-1.5702E-02	2.7015E-01
1.2650000E+01	5.1328E-03	4.0771E-01
1.2660000E+01	1.9155E-02	5.5064E-01
1.2670000E+01	4.2816E-03	5.0837E-01
1.2680000E+01	-1.5179E-02	3.3577E-01
1.2690000E+01	-1.7486E-02	2.6083E-01
1.2700000E+01	2.7376E-03	3.8208E-01
1.2710000E+01	1.8711E-02	5.3765E-01
1.2720000E+01	7.5071E-03	5.1966E-01
1.2730000E+01	-1.3550E-02	3.5145E-01
1.2740000E+01	-1.8736E-02	2.5481E-01
1.2750000E+01	2.3911E-04	3.5743E-01
1.2760000E+01	1.7684E-02	5.2170E-01
1.2770000E+01	1.0734E-02	5.2867E-01
1.2780000E+01	-1.1720E-02	3.6810E-01
1.2790000E+01	-1.9514E-02	2.5179E-01
1.2800000E+01	-2.3035E-03	3.3342E-01
1.2810000E+01	1.6141E-02	5.0333E-01
1.2820000E+01	1.3645E-02	5.3503E-01
1.2830000E+01	-9.7227E-03	3.8545E-01
1.2840000E+01	-1.9834E-02	2.5214E-01
1.2850000E+01	-5.0708E-03	3.1078E-01
1.2860000E+01	1.4395E-02	4.8271E-01
1.2870000E+01	1.5753E-02	5.3866E-01
1.2880000E+01	-7.6763E-03	4.0307E-01
1.2890000E+01	-1.9845E-02	2.5512E-01
1.2900000E+01	-7.5182E-03	2.9015E-01
1.2910000E+01	1.2523E-02	4.6035E-01
1.2920000E+01	1.7445E-02	5.3936E-01
1.2930000E+01	-5.4100E-03	4.2073E-01
1.2940000E+01	-1.9381E-02	2.6111E-01
1.2950000E+01	-1.0236E-02	2.7146E-01
1.2960000E+01	1.0548E-02	4.3672E-01
1.2970000E+01	1.8510E-02	5.3664E-01
1.2980000E+01	-2.8455E-03	4.3773E-01
1.2990000E+01	-1.8520E-02	2.7013E-01
1.3000000E+01	-1.2788E-02	2.5513E-01
1.3010000E+01	8.4394E-03	4.1207E-01
1.3020000E+01	1.9084E-02	5.3100E-01
1.3030000E+01	-1.5623E-04	4.5336E-01
1.3040000E+01	-1.7344E-02	2.8111E-01
1.3050000E+01	-1.4950E-02	2.4182E-01
1.3060000E+01	6.2793E-03	3.8677E-01
1.3070000E+01	1.9119E-02	5.2233E-01
1.3080000E+01	2.7440E-03	4.6768E-01
1.3090000E+01	-1.5915E-02	2.9410E-01
1.3100000E+01	-1.6843E-02	2.3113E-01
1.3110000E+01	3.9257E-03	3.6111E-01
1.3120000E+01	1.8666E-02	5.1068E-01
1.3130000E+01	5.6415E-03	4.8001E-01
1.3140000E+01	-1.4262E-02	3.0911E-01
1.3150000E+01	-1.8280E-02	2.2351E-01
1.3160000E+01	1.5201E-03	3.3579E-01
1.3170000E+01	1.7679E-02	4.9600E-01
1.3180000E+01	8.9270E-03	4.9038E-01
1.3190000E+01	-1.2357E-02	3.2542E-01
1.3200000E+01	-1.9357E-02	2.1915E-01
1.3210000E+01	-1.0878E-03	3.1146E-01
1.3220000E+01	1.6479E-02	4.7901E-01
1.3230000E+01	1.1894E-02	4.9800E-01
1.3240000E+01	-1.0354E-02	3.4243E-01
1.3250000E+01	-1.9920E-02	2.1748E-01
1.3260000E+01	-3.6116E-03	2.8813E-01
1.3270000E+01	1.4907E-02	4.5935E-01
1.3280000E+01	1.4336E-02	5.0302E-01
1.3290000E+01	-8.3695E-03	3.6008E-01
1.3300000E+01	-2.0080E-02	2.1917E-01
1.3310000E+01	-6.3917E-03	2.6650E-01
1.3320000E+01	1.3242E-02	4.3809E-01
1.3330000E+01	1.6183E-02	5.0536E-01
1.3340000E+01	-6.0502E-03	3.7777E-01
1.3350000E+01	-1.9835E-02	2.2381E-01
1.3360000E+01	-8.9625E-03	2.4681E-01
1.3370000E+01	1.1454E-02	4.1506E-01
1.3380000E+01	1.7597E-02	5.0433E-01
1.3390000E+01	-3.7376E-03	3.9507E-01
1.3400000E+01	-1.9171E-02	2.3115E-01
1.3410000E+01	-1.1643E-02	2.2917E-01
1.3420000E+01	9.4065E-03	3.9075E-01
1.3430000E+01	1.8296E-02	5.0036E-01
1.3440000E+01	-1.1928E-03	4.1142E-01
1.3450000E+01	-1.8170E-02	2.4116E-01
1.3460000E+01	-1.3936E-02	2.1417E-01
1.3470000E+01	7.3212E-03	3.6579E-01
1.3480000E+01	1.8338E-02	4.9302E-01
1.3490000E+01	1.5742E-03	4.2674E-01
1.3500000E+01	-1.6843E-02	2.5315E-01
1.3510000E+01	-1.5908E-02	2.0215E-01
1.3520000E+01	5.1188E-03	3.4009E-01
1.3530000E+01	1.8131E-02	4.8298E-01
1.3540000E+01	4.2842E-03	4.4004E-01
1.3550000E+01	-1.5225E-02	2.6746E-01
1.3560000E+01	-1.7610E-02	1.9281E-01
1.3570000E+01	2.8024E-03	3.1476E-01
1.3580000E+01	1.7517E-02	4.6972E-01
1.3590000E+01	7.1272E-03	4.5137E-01
1.3600000E+01	-1.3342E-02	2.8278E-01
1.3610000E+01	-1.8844E-02	1.8682E-01
1.3620000E+01	2.1148E-04	2.8979E-01
1.3630000E+01	1.6484E-02	4.5404E-01
1.3640000E+01	9.9467E-03	4.6035E-01
1.3650000E+01	-1.1249E-02	2.9979E-01
1.3660000E+01	-1.9612E-02	1.8384E-01
1.3670000E+01	-2.5118E-03	2.6580E-01
1.3680000E+01	1.5335E-02	4.3571E-01
1.3690000E+01	1.2674E-02	4.6702E-01
1.3700000E+01	-9.2123E-03	3.1711E-01
1.3710000E+01	-2.0007E-02	1.8383E-01
1.3720000E+01	-5.2346E-03	2.4315E-01
1.3730000E+01	1.3822E-02	4.1541E-01
1.3740000E+01	1.4607E-02	4.7070E-01
1.3750000E+01	-7.0456E-03	3.3476E-01
1.3760000E+01	-2.0024E-02	1.8717E-01
1.3770000E+01	-7.7697E-03	2.2251E-01
1.3780000E+01	1.2228E-02	3.9308E-01
1.3790000E+01	1.6115E-02	4.7106E-01
1.3800000E+01	-4.7252E-03	3.5239E-01
1.3810000E+01	-1.9600E-02	1.9315E-01
1.3820000E+01	-1.0345E-02	2.0385E-01
1.3830000E+01	1.0324E-02	3.6911E-01
1.3840000E+01	1.7151E-02	4.6868E-01
1.3850000E+01	-2.1988E-03	3.6908E-01
1.3860000E+01	-1.8893E-02	2.0180E-01
1.3870000E+01	-1.2769E-02	1.8753E-01
1.3880000E+01	8.3386E-03	3.4442E-01
1.3890000E+01	1.7629E-02	4.6304E-01
1.3900000E+01	4.7955E-04	3.8508E-01
1.3910000E+01	-1.7742E-02	2.1282E-01
1.3920000E+01	-1.4833E-02	1.7384E-01
1.3930000E+01	6.1941E-03	3.1914E-01
1.3940000E+01	1.7656E-02	4.5439E-01
1.3950000E+01	3.0861E-03	3.9941E-01
1.3960000E+01	-1.6284E-02	2.2581E-01
1.3970000E+01	-1.6538E-02	1.6320E-01
1.3980000E+01	3.8732E-03	2.9346E-01
1.3990000E+01	1.7305E-02	4.4273E-01
1.4000000E+01	5.6158E-03	4.1174E-01
1.4010000E+01	-1.4503E-02	2.4082E-01
1.4020000E+01	-1.7993E-02	1.5553E-01
1.4030000E+01	1.2460E-03	2.6846E-01
1.4040000E+01	1.6574E-02	4.2841E-01
1.4050000E+01	8.4157E-03	4.2206E-01
1.4060000E+01	-1.2606E-02	2.5681E-01
1.4070000E+01	-1.9071E-02	1.5082E-01
1.4080000E+01	-1.3322E-03	2.4381E-01
1.4090000E+01	1.5546E-02	4.1138E-01
1.4100000E+01	1.0957E-02	4.3006E-01
1.4110000E+01	-1.0459E-02	2.7416E-01
1.4120000E+01	-1.9550E-02	1.4947E-01
1.4130000E+01	-4.0335E-03	2.2048E-01
1.4140000E+01	1.4339E-02	3.9208E-01
1.4150000E+01	1.3025E-02	4.3504E-01
1.4160000E+01	-8.2870E-03	2.9176E-01
1.4170000E+01	-1.9785E-02	1.5120E-01
1.4180000E+01	-6.6630E-03	1.9883E-01
1.4190000E+01	1.2801E-02	3.7041E-01
1.4200000E+01	1.4767E-02	4.3706E-01
1.4210000E+01	-5.9176E-03	3.0942E-01
1.4220000E+01	-1.9611E-02	1.5549E-01
1.4230000E+01	-9.0222E-03	1.7917E-01
1.4240000E+01	1.1117E-02	3.4741E-01
1.4250000E+01	1.6104E-02	4.3638E-01
1.4260000E+01	-3.4201E-03	3.2677E-01
1.4270000E+01	-1.9134E-02	1.6283E-01
1.4280000E+01	-1.1453E-02	1.6156E-01
1.4290000E+01	9.2099E-03	3.2312E-01
1.4300000E+01	1.6738E-02	4.3240E-01
1.4310000E+01	-8.5946E-04	3.4310E-01
1.4320000E+01	-1.8272E-02	1.7282E-01
1.4330000E+01	-1.3659E-02	1.4648E-01
1.4340000E+01	6.9975E-03	2.9812E-01
1.4350000E+01	1.7071E-02	4.2538E-01
1.4360000E+01	1.7604E-03	3.5808E-01
1.4370000E+01	-1.7126E-02	1.8481E-01
1.4380000E+01	-1.5373E-02	1.3420E-01
1.4390000E+01	4.7101E-03	2.7247E-01
1.4400000E+01	1.6988E-02	4.1506E-01
1.4410000E+01	4.3678E-03	3.7175E-01
1.4420000E+01	-1.5677E-02	1.9881E-01
1.4430000E+01	-1.6937E-02	1.2518E-01
1.4440000E+01	2.3844E-03	2.4717E-01
1.4450000E+01	1.6470E-02	4.0206E-01
1.4460000E+01	6.8773E-03	3.8305E-01
1.4470000E+01	-1.3897E-02	2.1445E-01
1.4480000E+01	-1.8072E-02	1.1886E-01
1.4490000E+01	-2.6712E-04	2.2218E-01
1.4500000E+01	1.5766E-02	3.8642E-01
1.4510000E+01	9.4893E-03	3.9240E-01
1.4520000E+01	-1.1927E-02	2.3114E-01
1.4530000E+01	-1.8869E-02	1.1587E-01
1.4540000E+01	-2.8855E-03	1.9818E-01
1.4550000E+01	1.4728E-02	3.6812E-01
1.4560000E+01	1.1749E-02	3.9870E-01
1.4570000E+01	-9.7384E-03	2.4877E-01
1.4580000E+01	-1.9334E-02	1.1584E-01
1.4590000E+01	-5.3109E-03	1.7586E-01
1.4600000E+01	1.3398E-02	3.4777E-01
1.4610000E+01	1.3567E-02	4.0239E-01
1.4620000E+01	-7.3801E-03	2.6645E-01
1.4630000E+01	-1.9299E-02	1.1884E-01
1.4640000E+01	-7.6456E-03	1.5487E-01
1.4650000E+01	1.1781E-02	3.2545E-01
1.4660000E+01	1.4906E-02	4.0308E-01
1.4670000E+01	-4.8327E-03	2.8379E-01
1.4680000E+01	-1.8954E-02	1.2484E-01
1.4690000E+01	-9.9945E-03	1.3620E-01
1.4700000E+01	9.9450E-03	3.0179E-01
1.4710000E+01	1.5961E-02	4.0072E-01
1.4720000E+01	-2.2205E-03	3.0076E-01
1.4730000E+01	-1.8364E-02	1.3352E-01
1.4740000E+01	-1.2339E-02	1.1987E-01
1.4750000E+01	8.0039E-03	2.7680E-01
1.4760000E+01	1.6516E-02	3.9508E-01
1.4770000E+01	3.6989E-04	3.1676E-01
1.4780000E+01	-1.7562E-02	1.4447E-01
1.4790000E+01	-1.4175E-02	1.0618E-01
1.4800000E+01	5.6786E-03	2.5151E-01
1.4810000E+01	1.6696E-02	3.8673E-01
1.4820000E+01	2.9554E-03	3.3112E-01
1.4830000E+01	-1.6250E-02	1.5748E-01
1.4840000E+01	-1.5764E-02	9.5542E-02
1.4850000E+01	3.2355E-03	2.2616E-01
1.4860000E+01	1.6365E-02	3.7511E-01
1.4870000E+01	5.4800E-03	3.4343E-01
1.4880000E+01	-1.4761E-02	1.7244E-01
1.4890000E+01	-1.7176E-02	8.7530E-02
1.4900000E+01	7.5271E-04	2.0083E-01
1.4910000E+01	1.5860E-02	3.6077E-01
1.4920000E+01	7.9922E-03	3.5374E-01
1.4930000E+01	-1.3062E-02	1.8848E-01
1.4940000E+01	-1.8041E-02	8.2871E-02
1.4950000E+01	-1.6406E-03	1.7651E-01
1.4960000E+01	1.4932E-02	3.4377E-01
1.4970000E+01	1.0502E-02	3.6171E-01
1.4980000E+01	-1.1010E-02	2.0547E-01
1.4990000E+01	-1.8625E-02	8.1534E-02
1.5000000E+01	-4.0754E-03	1.5318E-01
1.5010000E+01	1.3739E-02	3.2442E-01
1.5020000E+01	1.2275E-02	3.6671E-01
1.5030000E+01	-8.8718E-03	2.2311E-01
1.5040000E+01	-1.8810E-02	8.2862E-02
1.5050000E+01	-6.4133E-03	1.3122E-01
1.5060000E+01	1.2243E-02	3.0279E-01
1.5070000E+01	1.3985E-02	3.6906E-01
1.5080000E+01	-6.4573E-03	2.4079E-01
1.5090000E+01	-1.8605E-02	8.7501E-02
1.5100000E+01	-8.5850E-03	1.1156E-01
1.5110000E+01	1.0604E-02	2.7981E-01
1.5120000E+01	1.5201E-02	3.6842E-01
1.5130000E+01	-3.9083E-03	2.5812E-01
1.5140000E+01	-1.8207E-02	9.4839E-02
1.5150000E+01	-1.0882E-02	9.3873E-02
1.5160000E+01	8.6471E-03	2.5583E-01
1.5170000E+01	1.5871E-02	3.6444E-01
1.5180000E+01	-1.2835E-03	2.7479E-01
1.5190000E+01	-1.7526E-02	1.0449E-01
1.5200000E+01	-1.2917E-02	7.8886E-02
1.5210000E+01	6.3832E-03	2.3051E-01
1.5220000E+01	1.6302E-02	3.5742E-01
1.5230000E+01	1.3035E-03	2.8976E-01
1.5240000E+01	-1.6474E-02	1.1649E-01
1.5250000E+01	-1.4628E-02	6.6555E-02
1.5260000E+01	4.1897E-03	2.0518E-01
1.5270000E+01	1.6246E-02	3.4741E-01
1.5280000E+01	4.0034E-03	3.0344E-01
1.5290000E+01	-1.5202E-02	1.3047E-01
1.5300000E+01	-1.6059E-02	5.7203E-02
1.5310000E+01	1.8174E-03	1.7952E-01
1.5320000E+01	1.5908E-02	3.3448E-01
1.5330000E+01	6.5116E-03	3.1477E-01
1.5340000E+01	-1.3686E-02	1.4615E-01
1.5350000E+01	-1.7188E-02	5.0861E-02
1.5360000E+01	-4.4135E-04	1.5487E-01
1.5370000E+01	1.5028E-02	3.1845E-01
1.5380000E+01	9.1027E-03	3.2410E-01
1.5390000E+01	-1.1884E-02	1.6282E-01
1.5400000E+01	-1.7927E-02	4.7871E-02
1.5410000E+01	-2.7910E-03	1.3088E-01
1.5420000E+01	1.4076E-02	3.0046E-01
1.5430000E+01	1.1210E-02	3.3079E-01
1.5440000E+01	-9.9688E-03	1.8012E-01
1.5450000E+01	-1.8233E-02	4.7898E-02
1.5460000E+01	-5.0875E-03	1.0820E-01
1.5470000E+01	1.2643E-02	2.8014E-01
1.5480000E+01	1.2961E-02	3.3443E-01
1.5490000E+01	-7.8152E-03	1.9781E-01
1.5500000E+01	-1.8284E-02	5.0874E-02
1.5510000E+01	-7.3286E-03	8.7185E-02
1.5520000E+01	1.1094E-02	2.5782E-01
1.5530000E+01	1.4290E-02	3.3509E-01
1.5540000E+01	-5.4058E-03	2.1547E-01
1.5550000E+01	-1.8007E-02	5.6558E-02
1.5560000E+01	-9.5008E-03	6.8547E-02
1.5570000E+01	9.2055E-03	2.3417E-01
1.5580000E+01	1.5287E-02	3.3277E-01
1.5590000E+01	-2.9713E-03	2.3245E-01
1.5600000E+01	-1.7337E-02	6.5167E-02
1.5610000E+01	-1.1659E-02	5.2227E-02
1.5620000E+01	7.1523E-03	2.0950E-01
1.5630000E+01	1.5714E-02	3.2744E-01
1.5640000E+01	-3.6104E-04	2.4811E-01
1.5650000E+01	-1.6429E-02	7.6185E-02
1.5660000E+01	-1.3517E-02	3.8225E-02
1.5670000E+01	5.0383E-03	1.8420E-01
1.5680000E+01	1.5986E-02	3.1878E-01
1.5690000E+01	2.3351E-03	2.6281E-01
1.5700000E+01	-1.5309E-02	8.9171E-02
1.5710000E+01	-1.5117E-02	2.7563E-02
1.5720000E+01	2.8873E-03	1.5855E-01
1.5730000E+01	1.5700E-02	3.0709E-01
1.5740000E+01	4.9018E-03	2.7512E-01
1.5750000E+01	-1.4020E-02	1.0385E-01
1.5760000E+01	-1.6351E-02	1.9573E-02
1.5770000E+01	7.6370E-04	1.3323E-01
1.5780000E+01	1.5144E-02	2.9279E-01
1.5790000E+01	7.4847E-03	2.8576E-01
1.5800000E+01	-1.2359E-02	1.2018E-01
1.5810000E+01	-1.7287E-02	1.4932E-02
1.5820000E+01	-1.4781E-03	1.0886E-01
1.5830000E+01	1.4207E-02	2.7614E-01
1.5840000E+01	9.8748E-03	2.9343E-01
1.5850000E+01	-1.0668E-02	1.3716E-01
1.5860000E+01	-1.7816E-02	1.3570E-02
1.5870000E+01	-3.7562E-03	8.5554E-02
1.5880000E+01	1.2945E-02	2.5680E-01
1.5890000E+01	1.1745E-02	2.9881E-01
1.5900000E+01	-8.6366E-03	1.5483E-01
1.5910000E+01	-1.8036E-02	1.4922E-02
1.5920000E+01	-5.9608E-03	6.3534E-02
1.5930000E+01	1.1505E-02	2.3549E-01
1.5940000E+01	1.3365E-02	3.0110E-01
1.5950000E+01	-6.5658E-03	1.7249E-01
1.5960000E+01	-1.7803E-02	1.9248E-02
1.5970000E+01	-8.2002E-03	4.3874E-02
1.5980000E+01	9.7564E-03	2.1251E-01
1.5990000E+01	1.4484E-02	3.0046E-01
1.6000000E+01	-4.3337E-03	1.8981E-01
1.6010000E+01	-1.7316E-02	2.6584E-02
1.6020000E+01	-1.0397E-02	2.6239E-02
1.6030000E+01	7.8370E-03	1.8816E-01
1.6040000E+01	1.5209E-02	2.9646E-01
1.6050000E+01	-1.9711E-03	2.0616E-01
1.6060000E+01	-1.6530E-02	3.6222E-02
1.6070000E+01	-1.2418E-02	1.0922E-02
1.6080000E+01	5.9438E-03	1.6320E-01
1.6090000E+01	1.5525E-02	2.8947E-01
1.6100000E+01	6.4265E-04	2.2145E-01
1.6110000E+01	-1.5469E-02	4.8218E-02
1.6120000E+01	-1.4178E-02	-1.3904E-03
1.6130000E+01	3.9294E-03	1.3752E-01
1.6140000E+01	1.5471E-02	2.7946E-01
1.6150000E+01	3.2645E-03	2.3513E-01
1.6160000E+01	-1.4236E-02	6.2197E-02
1.6170000E+01	-1.5654E-02	-1.0714E-02
1.6180000E+01	1.8771E-03	1.1220E-01
1.6190000E+01	1.5044E-02	2.6648E-01
1.6200000E+01	5.8200E-03	2.4645E-01
1.6210000E+01	-1.2796E-02	7.7542E-02
1.6220000E+01	-1.6748E-02	-1.7063E-02
1.6230000E+01	-2.7083E-04	8.7200E-02
1.6240000E+01	1.4261E-02	2.5081E-01
1.6250000E+01	8.4363E-03	2.5579E-01
1.6260000E+01	-1.1085E-02	9.4512E-02
1.6270000E+01	-1.7469E-02	-2.0072E-02
1.6280000E+01	-2.4608E-03	6.3216E-02
1.6290000E+01	1.3156E-02	2.3283E-01
1.6300000E+01	1.0637E-02	2.6245E-01
1.6310000E+01	-9.2572E-03	1.1183E-01
1.6320000E+01	-1.7760E-02	-2.0398E-02
1.6330000E+01	-4.7297E-03	4.0562E-02
1.6340000E+01	1.1764E-02	2.1249E-01
1.6350000E+01	1.2307E-02	2.6613E-01
1.6360000E+01	-7.3025E-03	1.2949E-01
1.6370000E+01	-1.7791E-02	-1.7400E-02
1.6380000E+01	-6.9311E-03	1.9556E-02
1.6390000E+01	1.0270E-02	1.9017E-01
1.6400000E+01	1.3625E-02	2.6712E-01
1.6410000E+01	-5.2114E-03	1.4716E-01
1.6420000E+01	-1.7446E-02	-1.1409E-02
1.6430000E+01	-9.1943E-03	9.3583E-04
1.6440000E+01	8.6573E-03	1.6651E-01
1.6450000E+01	1.4562E-02	2.6480E-01
1.6460000E+01	-2.9850E-03	1.6380E-01
1.6470000E+01	-1.6778E-02	-3.0670E-03
1.6480000E+01	-1.1380E-02	-1.5714E-02
1.6490000E+01	6.8631E-03	1.4184E-01
1.6500000E+01	1.5065E-02	2.5949E-01
1.6510000E+01	-6.3883E-04	1.7983E-01
1.6520000E+01	-1.5821E-02	7.9116E-03
1.6530000E+01	-1.3352E-02	-2.9398E-02
1.6540000E+01	4.9651E-03	1.1651E-01
1.6550000E+01	1.5067E-02	2.5078E-01
1.6560000E+01	1.8652E-03	1.9417E-01
1.6570000E+01	-1.4575E-02	2.0887E-02
1.6580000E+01	-1.5052E-02	-4.0388E-02
1.6590000E+01	3.0848E-03	9.1216E-02
1.6600000E+01	1.4864E-02	2.3946E-01
1.6610000E+01	4.2100E-03	2.0681E-01
1.6620000E+01	-1.3242E-02	3.5568E-02
1.6630000E+01	-1.6243E-02	-4.8020E-02
1.6640000E+01	1.0595E-03	6.5866E-02
1.6650000E+01	1.4272E-02	2.2515E-01
1.6660000E+01	6.8465E-03	2.1749E-01
1.6670000E+01	-1.1583E-02	5.1576E-02
1.6680000E+01	-1.7168E-02	-5.3036E-02
1.6690000E+01	-1.1238E-03	4.1243E-02
1.6700000E+01	1.3298E-02	2.0814E-01
1.6710000E+01	9.2953E-03	2.2547E-01
1.6720000E+01	-9.8283E-03	6.8878E-02
1.6730000E+01	-1.7714E-02	-5.4702E-02
1.6740000E+01	-3.4858E-03	1.7880E-02
1.6750000E+01	1.2218E-02	1.8920E-01
1.6760000E+01	1.1135E-02	2.3051E-01
1.6770000E+01	-7.8936E-03	8.6529E-02
1.6780000E+01	-1.7987E-02	-5.3370E-02
1.6790000E+01	-5.7241E-03	-4.0640E-03
1.6800000E+01	1.0861E-02	1.6786E-01
1.6810000E+01	1.2629E-02	2.3316E-01
1.6820000E+01	-5.9483E-03	1.0419E-01
1.6830000E+01	-1.7656E-02	-4.8667E-02
1.6840000E+01	-8.0574E-03	-2.4048E-02
1.6850000E+01	9.4710E-03	1.4483E-01
1.6860000E+01	1.3775E-02	2.3249E-01
1.6870000E+01	-3.7811E-03	1.2150E-01
1.6880000E+01	-1.7108E-02	-4.1701E-02
1.6890000E+01	-1.0385E-02	-4.1711E-02
1.6900000E+01	7.8266E-03	1.2052E-01
1.6910000E+01	1.4417E-02	2.2851E-01
1.6920000E+01	-1.5121E-03	1.3784E-01
1.6930000E+01	-1.6319E-02	-3.2049E-02
1.6940000E+01	-1.2496E-02	-5.6718E-02
1.6950000E+01	6.1685E-03	9.5541E-02
1.6960000E+01	1.4625E-02	2.2149E-01
1.6970000E+01	7.4644E-04	1.5318E-01
1.6980000E+01	-1.5230E-02	-2.0060E-02
1.6990000E+01	-1.4242E-02	-6.8998E-02
1.7000000E+01	4.1901E-03	6.9882E-02
1.7010000E+01	1.4693E-02	2.1181E-01
1.7020000E+01	3.1471E-03	1.6686E-01
1.7030000E+01	-1.3823E-02	-6.0469E-03
1.7040000E+01	-1.5773E-02	-7.8687E-02
1.7050000E+01	2.2606E-03	4.4531E-02
1.7060000E+01	1.4240E-02	1.9884E-01
1.7070000E+01	5.5291E-03	1.7814E-01
1.7080000E+01	-1.2264E-02	9.2525E-03
1.7090000E+01	-1.6957E-02	-8.4986E-02
1.7100000E+01	6.2740E-05	1.9540E-02
1.7110000E+01	1.3610E-02	1.8315E-01
1.7120000E+01	7.7622E-03	1.8752E-01
1.7130000E+01	-1.0483E-02	2.5911E-02
1.7140000E+01	-1.7612E-02	-8.8014E-02
1.7150000E+01	-2.1910E-03	-4.4017E-03
1.7160000E+01	1.2694E-02	1.6516E-01
1.7170000E+01	9.9141E-03	1.9414E-01
1.7180000E+01	-8.7216E-03	4.3230E-02
1.7190000E+01	-1.8013E-02	-8.8316E-02
1.7200000E+01	-4.5722E-03	-2.7036E-02
1.7210000E+01	1.1539E-02	1.4486E-01
1.7220000E+01	1.1471E-02	1.9815E-01
1.7230000E+01	-6.6926E-03	6.0859E-02
1.7240000E+01	-1.7904E-02	-8.5320E-02
1.7250000E+01	-6.9241E-03	-4.8044E-02
1.7260000E+01	1.0222E-02	1.2251E-01
1.7270000E+01	1.2820E-02	1.9916E-01
1.7280000E+01	-4.6519E-03	7.8540E-02
1.7290000E+01	-1.7585E-02	-7.9670E-02
1.7300000E+01	-9.3797E-03	-6.7032E-02
1.7310000E+01	8.7792E-03	9.9171E-02
1.7320000E+01	1.3722E-02	1.9686E-01
1.7330000E+01	-2.4965E-03	9.5530E-02
1.7340000E+01	-1.6915E-02	-7.1318E-02
1.7350000E+01	-1.1616E-02	-8.3356E-02
1.7360000E+01	7.2154E-03	7.4537E-02
1.7370000E+01	1.4223E-02	1.9146E-01
1.7380000E+01	-2.0807E-04	1.1150E-01
1.7390000E+01	-1.5876E-02	-6.0340E-02
1.7400000E+01	-1.3574E-02	-9.6968E-02
1.7410000E+01	5.3507E-03	4.8888E-02
1.7420000E+01	1.4443E-02	1.8314E-01
1.7430000E+01	2.0916E-03	1.2585E-01
1.7440000E+01	-1.4606E-02	-4.7346E-02
1.7450000E+01	-1.5306E-02	-1.0797E-01
1.7460000E+01	3.3698E-03	2.3552E-02
1.7470000E+01	1.4262E-02	1.7183E-01
1.7480000E+01	4.2945E-03	1.3848E-01
1.7490000E+01	-1.3066E-02	-3.2649E-02
1.7500000E+01	-1.6617E-02	-1.1597E-01
1.7510000E+01	1.2800E-03	-1.7736E-03
1.7520000E+01	1.3870E-02	1.5748E-01
1.7530000E+01	6.6194E-03	1.4918E-01
1.7540000E+01	-1.1336E-02	-1.6699E-02
1.7550000E+01	-1.7605E-02	-1.2096E-01
1.7560000E+01	-1.0068E-03	-2.6395E-02
1.7570000E+01	1.3168E-02	1.4050E-01
1.7580000E+01	8.8492E-03	1.5718E-01
1.7590000E+01	-9.5428E-03	2.7115E-04
1.7600000E+01	-1.8187E-02	-1.2263E-01
1.7610000E+01	-3.5111E-03	-4.9733E-02
1.7620000E+01	1.2339E-02	1.2151E-01
1.7630000E+01	1.0499E-02	1.6251E-01
1.7640000E+01	-7.6757E-03	1.7911E-02
1.7650000E+01	-1.8269E-02	-1.2131E-01
1.7660000E+01	-5.8164E-03	-7.1693E-02
1.7670000E+01	1.1112E-02	1.0018E-01
1.7680000E+01	1.1995E-02	1.6482E-01
1.7690000E+01	-5.5370E-03	3.5567E-02
1.7700000E+01	-1.8050E-02	-1.1694E-01
1.7710000E+01	-8.2448E-03	-9.1718E-02
1.7720000E+01	9.7741E-03	7.7171E-02
1.7730000E+01	1.3110E-02	1.6414E-01
1.7740000E+01	-3.4336E-03	5.2899E-02
1.7750000E+01	-1.7506E-02	-1.1001E-01
1.7760000E+01	-1.0708E-02	-1.0935E-01
1.7770000E+01	8.2733E-03	5.3157E-02
1.7780000E+01	1.3909E-02	1.6049E-01
1.7790000E+01	-1.1934E-03	6.9534E-02
1.7800000E+01	-1.6618E-02	-1.0034E-01
1.7810000E+01	-1.2860E-02	-1.2434E-01
1.7820000E+01	6.4498E-03	2.7871E-02
1.7830000E+01	1.4255E-02	1.5382E-01
1.7840000E+01	1.0351E-03	8.4844E-02
1.7850000E+01	-1.5436E-02	-8.8297E-02
1.7860000E+01	-1.4768E-02	-1.3698E-01
1.7870000E+01	4.5440E-03	2.5702E-03
1.7880000E+01	1.4346E-02	1.4380E-01
1.7890000E+01	3.3749E-03	9.8511E-02
1.7900000E+01	-1.4039E-02	-7.4331E-02
1.7910000E+01	-1.6360E-02	-1.4631E-01
1.7920000E+01	2.4272E-03	-2.2763E-02
1.7930000E+01	1.4186E-02	1.3112E-01
1.7940000E+01	5.5969E-03	1.1017E-01
1.7950000E+01	-1.2408E-02	-5.9017E-02
1.7960000E+01	-1.7659E-02	-1.5296E-01
1.7970000E+01	1.5786E-04	-4.7751E-02
1.7980000E+01	1.3733E-02	1.1547E-01
1.7990000E+01	7.7715E-03	1.1950E-01
1.8000000E+01	-1.0661E-02	-4.2346E-02
1.8010000E+01	-1.8345E-02	-1.5628E-01
1.8020000E+01	-2.2386E-03	-7.2053E-02
1.8030000E+01	1.2964E-02	9.7520E-02
1.8040000E+01	9.7187E-03	1.2617E-01
1.8050000E+01	-8.6497E-03	-2.5047E-02
1.8060000E+01	-1.8690E-02	-1.5631E-01
1.8070000E+01	-4.6851E-03	-9.4724E-02
1.8080000E+01	1.1936E-02	7.7151E-02
1.8090000E+01	1.1353E-02	1.3015E-01
1.8100000E+01	-6.5954E-03	-7.3630E-03
1.8110000E+01	-1.8620E-02	-1.5360E-01
1.8120000E+01	-7.1639E-03	-1.1569E-01
1.8130000E+01	1.0766E-02	5.5161E-02
1.8140000E+01	1.2652E-02	1.3082E-01
1.8150000E+01	-4.4739E-03	1.0259E-02
1.8160000E+01	-1.8211E-02	-1.4797E-01
1.8170000E+01	-9.6068E-03	-1.3465E-01
1.8180000E+01	9.2704E-03	3.1532E-02
1.8190000E+01	1.3614E-02	1.2883E-01
1.8200000E+01	-2.2213E-03	2.7259E-02
1.8210000E+01	-1.7347E-02	-1.3960E-01
1.8220000E+01	-1.2056E-02	-1.5097E-01
1.8230000E+01	7.5861E-03	6.9056E-03
1.8240000E+01	1.4219E-02	1.2349E-01
1.8250000E+01	6.1393E-05	4.3260E-02
1.8260000E+01	-1.6330E-02	-1.2861E-01
1.8270000E+01	-1.4258E-02	-1.6495E-01
1.8280000E+01	5.6698E-03	-1.8437E-02
1.8290000E+01	1.4550E-02	1.1515E-01
1.8300000E+01	2.3057E-03	5.7562E-02
1.8310000E+01	-1.5000E-02	-1.1595E-01
1.8320000E+01	-1.6047E-02	-1.7594E-01
1.8330000E+01	3.6199E-03	-4.4076E-02
1.8340000E+01	1.4523E-02	1.0380E-01
1.8350000E+01	4.5389E-03	7.0226E-02
1.8360000E+01	-1.3374E-02	-1.0094E-01
1.8370000E+01	-1.7416E-02	-1.8392E-01
1.8380000E+01	1.3458E-03	-6.9389E-02
1.8390000E+01	1.4256E-02	8.9834E-02
1.8400000E+01	6.7949E-03	8.0843E-02
1.8410000E+01	-1.1629E-02	-8.4966E-02
1.8420000E+01	-1.8408E-02	-1.8889E-01
1.8430000E+01	-9.6304E-04	-9.3695E-02
1.8440000E+01	1.3606E-02	7.2788E-02
1.8450000E+01	9.0011E-03	8.8858E-02
1.8460000E+01	-9.7573E-03	-6.7959E-02
1.8470000E+01	-1.8971E-02	-1.9058E-01
1.8480000E+01	-3.4420E-03	-1.1735E-01
1.8490000E+01	1.2800E-02	5.3838E-02
1.8500000E+01	1.0725E-02	9.4155E-02
1.8510000E+01	-7.6920E-03	-5.0322E-02
1.8520000E+01	-1.9151E-02	-1.8923E-01
1.8530000E+01	-5.9454E-03	-1.3931E-01
1.8540000E+01	1.1618E-02	3.2507E-02
1.8550000E+01	1.2271E-02	9.6818E-02
1.8560000E+01	-5.5959E-03	-3.2674E-02
1.8570000E+01	-1.8828E-02	-1.8523E-01
1.8580000E+01	-8.5286E-03	-1.5929E-01
1.8590000E+01	1.0221E-02	9.5093E-03
1.8600000E+01	1.3371E-02	9.6129E-02
1.8610000E+01	-3.3731E-03	-1.5397E-02
1.8620000E+01	-1.8243E-02	-1.7826E-01
1.8630000E+01	-1.1045E-02	-1.7698E-01
1.8640000E+01	8.5920E-03	-1.4457E-02
1.8650000E+01	1.4239E-02	9.2460E-02
1.8660000E+01	-1.1204E-03	1.2503E-03
1.8670000E+01	-1.7158E-02	-1.6857E-01
1.8680000E+01	-1.3526E-02	-1.9231E-01
1.8690000E+01	6.8047E-03	-3.9452E-02
1.8700000E+01	1.4674E-02	8.5808E-02
1.8710000E+01	1.2022E-03	1.6213E-02
1.8720000E+01	-1.5949E-02	-1.5662E-01
1.8730000E+01	-1.5490E-02	-2.0462E-01
1.8740000E+01	4.7505E-03	-6.5116E-02
1.8750000E+01	1.4882E-02	7.6146E-02
1.8760000E+01	3.4929E-03	3.0208E-02
1.8770000E+01	-1.4413E-02	-1.4294E-01
1.8780000E+01	-1.7240E-02	-2.1427E-01
1.8790000E+01	2.6012E-03	-9.0389E-02
1.8800000E+01	1.4677E-02	6.3140E-02
1.8810000E+01	5.8607E-03	4.1853E-02
1.8820000E+01	-1.2685E-02	-1.2729E-01
1.8830000E+01	-1.8466E-02	-2.2089E-01
1.8840000E+01	2.7419E-04	-1.1532E-01
1.8850000E+01	1.4283E-02	4.7835E-02
1.8860000E+01	8.0568E-03	5.1190E-02
1.8870000E+01	-1.0816E-02	-1.1097E-01
1.8880000E+01	-1.9250E-02	-2.2426E-01
1.8890000E+01	-2.0859E-03	-1.3935E-01
1.8900000E+01	1.3473E-02	2.9813E-02
1.8910000E+01	1.0101E-02	5.7826E-02
1.8920000E+01	-8.8145E-03	-9.3322E-02
1.8930000E+01	-1.9564E-02	-2.2460E-01
1.8940000E+01	-4.6735E-03	-1.6232E-01
1.8950000E+01	1.2467E-02	9.5116E-03
1.8960000E+01	1.1698E-02	6.1852E-02
1.8970000E+01	-6.7459E-03	-7.5655E-02
1.8980000E+01	-1.9448E-02	-2.2159E-01
1.8990000E+01	-7.2844E-03	-1.8329E-01
1.9000000E+01	1.1148E-02	-1.2470E-02
1.9010000E+01	1.3099E-02	6.2811E-02
1.9020000E+01	-4.5648E-03	-5.8364E-02
1.9030000E+01	-1.8963E-02	-2.1625E-01
1.9040000E+01	-9.9298E-03	-2.0228E-01
1.9050000E+01	9.6497E-03	-3.6102E-02
1.9060000E+01	1.4058E-02	6.0847E-02
1.9070000E+01	-2.3106E-03	-4.1395E-02
1.9080000E+01	-1.8045E-02	-2.0791E-01
1.9090000E+01	-1.2537E-02	-2.1893E-01
1.9100000E+01	7.8904E-03	-6.0761E-02
1.9110000E+01	1.4740E-02	5.5488E-02
1.9120000E+01	8.4845E-05	-2.5433E-02
1.9130000E+01	-1.6841E-02	-1.9692E-01
1.9140000E+01	-1.4839E-02	-2.3259E-01
1.9150000E+01	5.9736E-03	-8.6077E-02
1.9160000E+01	1.5077E-02	4.7507E-02
1.9170000E+01	2.4676E-03	-1.0747E-02
1.9180000E+01	-1.5409E-02	-1.8425E-01
1.9190000E+01	-1.6796E-02	-2.4393E-01
1.9200000E+01	3.8536E-03	-1.1138E-01
1.9210000E+01	1.5082E-02	3.6190E-02
1.9220000E+01	4.7035E-03	1.8841E-03
1.9230000E+01	-1.3717E-02	-1.6960E-01
1.9240000E+01	-1.8297E-02	-2.5190E-01
1.9250000E+01	1.6528E-03	-1.3669E-01
1.9260000E+01	1.4727E-02	2.1814E-02
1.9270000E+01	7.0663E-03	1.2550E-02
1.9280000E+01	-1.1895E-02	-1.5329E-01
1.9290000E+01	-1.9296E-02	-2.5688E-01
1.9300000E+01	-7.8289E-04	-1.6133E-01
1.9310000E+01	1.4183E-02	5.1940E-03
1.9320000E+01	9.2770E-03	2.0849E-02
1.9330000E+01	-9.8640E-03	-1.3632E-01
1.9340000E+01	-1.9867E-02	-2.5856E-01
1.9350000E+01	-3.3658E-03	-1.8496E-01
1.9360000E+01	1.3152E-02	-1.3818E-02
1.9370000E+01	1.1130E-02	2.6189E-02
1.9380000E+01	-7.8186E-03	-1.1899E-01
1.9390000E+01	-1.9918E-02	-2.5754E-01
1.9400000E+01	-5.9575E-03	-2.0664E-01
1.9410000E+01	1.2070E-02	-3.5143E-02
1.9420000E+01	1.2670E-02	2.8821E-02
1.9430000E+01	-5.6465E-03	-1.0100E-01
1.9440000E+01	-1.9604E-02	-2.5324E-01
1.9450000E+01	-8.6748E-03	-2.2695E-01
1.9460000E+01	1.0593E-02	-5.7753E-02
1.9470000E+01	1.3882E-02	2.8156E-02
1.9480000E+01	-3.4178E-03	-8.3709E-02
1.9490000E+01	-1.8828E-02	-2.4622E-01
1.9500000E+01	-1.1415E-02	-2.4461E-01
1.9510000E+01	8.9496E-03	-8.2092E-02
1.9520000E+01	1.4654E-02	2.4507E-02
1.9530000E+01	-1.0907E-03	-6.7383E-02
1.9540000E+01	-1.7784E-02	-2.3691E-01
1.9550000E+01	-1.3982E-02	-2.5993E-01
1.9560000E+01	7.0509E-03	-1.0709E-01
1.9570000E+01	1.5247E-02	1.7852E-02
1.9580000E+01	1.2760E-03	-5.2047E-02
1.9590000E+01	-1.6391E-02	-2.2494E-01
1.9600000E+01	-1.6071E-02	-2.7258E-01
1.9610000E+01	5.0835E-03	-1.3237E-01
1.9620000E+01	1.5303E-02	8.1801E-03
1.9630000E+01	3.5923E-03	-3.8430E-02
1.9640000E+01	-1.4754E-02	-2.1124E-01
1.9650000E+01	-1.7948E-02	-2.8221E-01
1.9660000E+01	2.9285E-03	-1.5802E-01
1.9670000E+01	1.5238E-02	-4.4992E-03
1.9680000E+01	5.9529E-03	-2.6416E-02
1.9690000E+01	-1.2952E-02	-1.9593E-01
1.9700000E+01	-1.9224E-02	-2.8889E-01
1.9710000E+01	6.0941E-04	-1.8302E-01
1.9720000E+01	1.4733E-02	-1.9799E-02
1.9730000E+01	8.2207E-03	-1.7095E-02
1.9740000E+01	-1.0939E-02	-1.7930E-01
1.9750000E+01	-1.9975E-02	-2.9223E-01
1.9760000E+01	-1.9114E-03	-2.0702E-01
1.9770000E+01	1.3963E-02	-3.7816E-02
1.9780000E+01	1.0423E-02	-1.0124E-02
1.9790000E+01	-8.9493E-03	-1.6194E-01
1.9800000E+01	-2.0326E-02	-2.9254E-01
1.9810000E+01	-4.5269E-03	-2.2997E-01
1.9820000E+01	1.2822E-02	-5.8135E-02
1.9830000E+01	1.2156E-02	-6.1472E-03
1.9840000E+01	-6.7802E-03	-1.4431E-01
1.9850000E+01	-2.0142E-02	-2.8987E-01
1.9860000E+01	-7.2727E-03	-2.5094E-01
1.9870000E+01	1.1519E-02	-8.0108E-02
1.9880000E+01	1.3456E-02	-5.1608E-03
1.9890000E+01	-4.5570E-03	-1.2665E-01
1.9900000E+01	-1.9489E-02	-2.8423E-01
1.9910000E+01	-1.0097E-02	-2.6990E-01
1.9920000E+01	1.0007E-02	-1.0377E-01
1.9930000E+01	1.4534E-02	-7.1285E-03
1.9940000E+01	-2.1509E-03	-1.0966E-01
1.9950000E+01	-1.8553E-02	-2.7589E-01
1.9960000E+01	-1.2848E-02	-2.8657E-01
1.9970000E+01	8.2603E-03	-1.2803E-01
1.9980000E+01	1.5234E-02	-1.2149E-02
1.9990000E+01	5.5768E-05	-9.3688E-02
2.0000000E+01	-1.7291E-02	-2.6523E-01
2.0010000E+01	-1.5390E-02	-3.0057E-01
2.0020000E+01	6.3731E-03	-1.5337E-01
2.0030000E+01	1.5464E-02	-2.0474E-02
2.0040000E+01	2.4587E-03	-7.9051E-02
2.0050000E+01	-1.5777E-02	-2.5257E-01
2.0060000E+01	-1.7205E-02	-3.1156E-01
2.0070000E+01	4.2426E-03	-1.7903E-01
2.0080000E+01	1.5443E-02	-3.1775E-02
2.0090000E+01	4.8742E-03	-6.6392E-02
2.0100000E+01	-1.3980E-02	-2.3792E-01
2.0110000E+01	-1.8824E-02	-3.1988E-01
2.0120000E+01	1.9158E-03	-2.0433E-01
2.0130000E+01	1.5176E-02	-4.5814E-02
2.0140000E+01	7.2167E-03	-5.5769E-02
2.0150000E+01	-1.2117E-02	-2.2193E-01
2.0160000E+01	-1.9852E-02	-3.2488E-01
2.0170000E+01	-4.7475E-04	-2.2893E-01
2.0180000E+01	1.4515E-02	-6.2471E-02
2.0190000E+01	9.5067E-03	-4.7422E-02
2.0200000E+01	-1.0057E-02	-2.0496E-01
2.0210000E+01	-2.0353E-02	-3.2685E-01
2.0220000E+01	-3.0898E-03	-2.5229E-01
2.0230000E+01	1.3637E-02	-8.1436E-02
2.0240000E+01	1.1413E-02	-4.2089E-02
2.0250000E+01	-7.9287E-03	-1.8731E-01
2.0260000E+01	-2.0448E-02	-3.2550E-01
2.0270000E+01	-5.8139E-03	-2.7425E-01
2.0280000E+01	1.2442E-02	-1.0272E-01
2.0290000E+01	1.2992E-02	-3.9469E-02
2.0300000E+01	-5.7165E-03	-1.6964E-01
2.0310000E+01	-2.0083E-02	-3.2153E-01
2.0320000E+01	-8.6819E-03	-2.9458E-01
2.0330000E+01	1.1021E-02	-1.2541E-01
2.0340000E+01	1.4099E-02	-3.9802E-02
2.0350000E+01	-3.4416E-03	-1.5234E-01
2.0360000E+01	-1.9249E-02	-3.1452E-01
2.0370000E+01	-1.1362E-02	-3.1224E-01
2.0380000E+01	9.3007E-03	-1.4973E-01
2.0390000E+01	1.5038E-02	-4.3469E-02
2.0400000E+01	-1.0545E-03	-1.3569E-01
2.0410000E+01	-1.8118E-02	-3.0517E-01
2.0420000E+01	-1.4155E-02	-3.2789E-01
2.0430000E+01	7.5766E-03	-1.7471E-01
2.0440000E+01	1.5520E-02	-4.9795E-02
2.0450000E+01	1.3279E-03	-1.2032E-01
2.0460000E+01	-1.6675E-02	-2.9321E-01
2.0470000E+01	-1.6250E-02	-3.4019E-01
2.0480000E+01	5.4627E-03	-2.0001E-01
