time /s	I /mA	E /V
1.0000000E-02	-6.8934E-03	-1.0002E-01
2.0000000E-02	-4.1660E-03	-8.5695E-02
3.0000000E-02	-2.4710E-03	-7.1385E-02
4.0000000E-02	-1.1661E-03	-5.7414E-02
5.0000000E-02	-2.5096E-04	-4.3759E-02
6.0000000E-02	4.9838E-04	-3.0431E-02
7.0000000E-02	1.0721E-03	-1.7749E-02
8.0000000E-02	1.4812E-03	-5.7469E-03
9.0000000E-02	1.7761E-03	5.2784E-03
1.0000000E-01	2.0057E-03	1.5915E-02
1.1000000E-01	2.1297E-03	2.5247E-02
1.2000000E-01	2.1409E-03	3.3584E-02
1.3000000E-01	2.1381E-03	4.0879E-02
1.4000000E-01	2.1004E-03	4.7218E-02
1.5000000E-01	1.9383E-03	5.2255E-02
1.6000000E-01	1.7924E-03	5.5907E-02
1.7000000E-01	1.6078E-03	5.8564E-02
1.8000000E-01	1.3988E-03	5.9860E-02
1.9000000E-01	1.0995E-03	5.9882E-02
2.0000000E-01	7.9997E-04	5.8537E-02
2.1000000E-01	4.2617E-04	5.6232E-02
2.2000000E-01	1.4154E-04	5.2563E-02
2.3000000E-01	-2.5790E-04	4.7562E-02
2.4000000E-01	-6.2596E-04	4.1578E-02
2.5000000E-01	-1.0754E-03	3.4217E-02
2.6000000E-01	-1.4297E-03	2.6241E-02
2.7000000E-01	-1.8541E-03	1.7232E-02
2.8000000E-01	-2.2737E-03	7.2511E-03
2.9000000E-01	-2.6861E-03	-3.4153E-03
3.0000000E-01	-3.1182E-03	-1.5090E-02
3.1000000E-01	-3.5135E-03	-2.7077E-02
3.2000000E-01	-3.8352E-03	-3.9425E-02
3.3000000E-01	-4.2618E-03	-5.2388E-02
3.4000000E-01	-4.6182E-03	-6.5386E-02
3.5000000E-01	-4.9399E-03	-7.8368E-02
3.6000000E-01	-5.3517E-03	-9.1734E-02
3.7000000E-01	-5.6038E-03	-1.0470E-01
3.8000000E-01	-5.9516E-03	-1.1769E-01
3.9000000E-01	-6.1784E-03	-1.3036E-01
4.0000000E-01	-6.3412E-03	-1.4238E-01
4.1000000E-01	-6.5484E-03	-1.5399E-01
4.2000000E-01	-6.6493E-03	-1.6467E-01
4.3000000E-01	-6.7237E-03	-1.7497E-01
4.4000000E-01	-6.7129E-03	-1.8432E-01
4.5000000E-01	-6.6827E-03	-1.9266E-01
4.6000000E-01	-6.5776E-03	-1.9996E-01
4.7000000E-01	-6.3866E-03	-2.0630E-01
4.8000000E-01	-6.1474E-03	-2.1129E-01
4.9000000E-01	-5.8053E-03	-2.1532E-01
5.0000000E-01	-5.5326E-03	-2.1830E-01
5.1000000E-01	-5.0835E-03	-2.1964E-01
5.2000000E-01	-4.6204E-03	-2.1996E-01
5.3000000E-01	-4.1557E-03	-2.1896E-01
5.4000000E-01	-3.6130E-03	-2.1663E-01
5.5000000E-01	-3.1180E-03	-2.1331E-01
5.6000000E-01	-2.4716E-03	-2.0862E-01
5.7000000E-01	-1.9109E-03	-2.0267E-01
5.8000000E-01	-1.3386E-03	-1.9566E-01
5.9000000E-01	-7.1143E-04	-1.8733E-01
6.0000000E-01	-1.6197E-04	-1.7800E-01
6.1000000E-01	3.4497E-04	-1.6805E-01
6.2000000E-01	9.8100E-04	-1.5702E-01
6.3000000E-01	1.5190E-03	-1.4505E-01
6.4000000E-01	1.9775E-03	-1.3272E-01
6.5000000E-01	2.5240E-03	-1.1938E-01
6.6000000E-01	2.9780E-03	-1.0609E-01
6.7000000E-01	3.3844E-03	-9.2060E-02
6.8000000E-01	3.8554E-03	-7.7735E-02
6.9000000E-01	4.2075E-03	-6.3400E-02
7.0000000E-01	4.5516E-03	-4.9093E-02
7.1000000E-01	4.8556E-03	-3.4762E-02
7.2000000E-01	5.0774E-03	-2.0762E-02
7.3000000E-01	5.2544E-03	-6.7512E-03
7.4000000E-01	5.4018E-03	6.5765E-03
7.5000000E-01	5.4928E-03	1.9240E-02
7.6000000E-01	5.5105E-03	3.1604E-02
7.7000000E-01	5.4466E-03	4.2872E-02
7.8000000E-01	5.3637E-03	5.3210E-02
7.9000000E-01	5.2412E-03	6.2859E-02
8.0000000E-01	5.1632E-03	7.1877E-02
8.1000000E-01	4.8606E-03	7.9219E-02
8.2000000E-01	4.6620E-03	8.5903E-02
8.3000000E-01	4.3957E-03	9.1230E-02
8.4000000E-01	4.0955E-03	9.5216E-02
8.5000000E-01	3.7827E-03	9.8221E-02
8.6000000E-01	3.3359E-03	9.9559E-02
8.7000000E-01	2.9492E-03	9.9836E-02
8.8000000E-01	2.5438E-03	9.8861E-02
8.9000000E-01	2.1378E-03	9.6841E-02
9.0000000E-01	1.6939E-03	9.3537E-02
9.1000000E-01	1.2222E-03	8.8877E-02
9.2000000E-01	7.0481E-04	8.2881E-02
9.3000000E-01	2.6675E-04	7.6228E-02
9.4000000E-01	-1.8951E-04	6.8235E-02
9.5000000E-01	-6.8218E-04	5.9204E-02
9.6000000E-01	-1.0890E-03	4.9566E-02
9.7000000E-01	-1.5719E-03	3.8903E-02
9.8000000E-01	-2.0228E-03	2.7575E-02
9.9000000E-01	-2.4073E-03	1.5895E-02
1.0000000E+00	-2.8107E-03	3.5950E-03
1.0100000E+00	-3.2575E-03	-9.3953E-03
1.0200000E+00	-3.6310E-03	-2.2405E-02
1.0300000E+00	-3.9509E-03	-3.5378E-02
1.0400000E+00	-4.2748E-03	-4.8732E-02
1.0500000E+00	-4.5901E-03	-6.1708E-02
1.0600000E+00	-4.8470E-03	-7.4701E-02
1.0700000E+00	-5.0904E-03	-8.7385E-02
1.0800000E+00	-5.2135E-03	-9.9699E-02
1.0900000E+00	-5.4283E-03	-1.1135E-01
1.1000000E+00	-5.4627E-03	-1.2231E-01
1.1100000E+00	-5.5149E-03	-1.3265E-01
1.1200000E+00	-5.5103E-03	-1.4233E-01
1.1300000E+00	-5.4921E-03	-1.5066E-01
1.1400000E+00	-5.3799E-03	-1.5832E-01
1.1500000E+00	-5.2330E-03	-1.6499E-01
1.1600000E+00	-4.9929E-03	-1.7030E-01
1.1700000E+00	-4.8083E-03	-1.7467E-01
1.1800000E+00	-4.4814E-03	-1.7767E-01
1.1900000E+00	-4.1525E-03	-1.7967E-01
1.2000000E+00	-3.7429E-03	-1.7999E-01
1.2100000E+00	-3.3175E-03	-1.7933E-01
1.2200000E+00	-2.8401E-03	-1.7733E-01
1.2300000E+00	-2.3372E-03	-1.7432E-01
1.2400000E+00	-1.7985E-03	-1.6965E-01
1.2500000E+00	-1.3259E-03	-1.6401E-01
1.2600000E+00	-7.7461E-04	-1.5736E-01
1.2700000E+00	-2.3408E-04	-1.4935E-01
1.2800000E+00	3.2728E-04	-1.4039E-01
1.2900000E+00	8.1376E-04	-1.3035E-01
1.3000000E+00	1.3299E-03	-1.1970E-01
1.3100000E+00	1.8094E-03	-1.0805E-01
1.3200000E+00	2.3968E-03	-9.5724E-02
1.3300000E+00	2.8505E-03	-8.2732E-02
1.3400000E+00	3.2886E-03	-6.9067E-02
1.3500000E+00	3.6754E-03	-5.5416E-02
1.3600000E+00	4.1382E-03	-4.1094E-02
1.3700000E+00	4.4465E-03	-2.6727E-02
1.3800000E+00	4.7560E-03	-1.2427E-02
1.3900000E+00	5.0348E-03	1.8988E-03
1.4000000E+00	5.2344E-03	1.5902E-02
1.4100000E+00	5.3891E-03	2.9908E-02
1.4200000E+00	5.4327E-03	4.3230E-02
1.4300000E+00	5.6907E-03	5.6221E-02
1.4400000E+00	5.6507E-03	6.8514E-02
1.4500000E+00	5.6338E-03	8.0191E-02
1.4600000E+00	5.6130E-03	9.0872E-02
1.4700000E+00	5.5381E-03	1.0087E-01
1.4800000E+00	5.3770E-03	1.0985E-01
1.4900000E+00	5.1658E-03	1.1751E-01
1.5000000E+00	4.9359E-03	1.2450E-01
1.5100000E+00	4.6702E-03	1.2986E-01
1.5200000E+00	4.4456E-03	1.3421E-01
1.5300000E+00	4.1726E-03	1.3753E-01
1.5400000E+00	3.7456E-03	1.3950E-01
1.5500000E+00	3.2445E-03	1.3984E-01
1.5600000E+00	2.9224E-03	1.3918E-01
1.5700000E+00	2.4703E-03	1.3749E-01
1.5800000E+00	1.9990E-03	1.3418E-01
1.5900000E+00	1.5056E-03	1.2987E-01
1.6000000E+00	1.1251E-03	1.2453E-01
1.6100000E+00	6.0463E-04	1.1786E-01
1.6200000E+00	1.3317E-04	1.1017E-01
1.6300000E+00	-3.4083E-04	1.0154E-01
1.6400000E+00	-8.9691E-04	9.1868E-02
1.6500000E+00	-1.2503E-03	8.1561E-02
1.6600000E+00	-1.7251E-03	7.0231E-02
1.6700000E+00	-2.0689E-03	5.8549E-02
1.6800000E+00	-2.4589E-03	4.6578E-02
1.6900000E+00	-2.9283E-03	3.3580E-02
1.7000000E+00	-3.2606E-03	2.0888E-02
1.7100000E+00	-3.6248E-03	7.5777E-03
1.7200000E+00	-3.9268E-03	-5.7061E-03
1.7300000E+00	-4.2794E-03	-1.8741E-02
1.7400000E+00	-4.4425E-03	-3.1688E-02
1.7500000E+00	-4.6546E-03	-4.4371E-02
1.7600000E+00	-4.8460E-03	-5.6726E-02
1.7700000E+00	-5.0172E-03	-6.8705E-02
1.7800000E+00	-5.1256E-03	-7.9722E-02
1.7900000E+00	-5.1472E-03	-9.0363E-02
1.8000000E+00	-5.0706E-03	-9.9986E-02
1.8100000E+00	-5.0304E-03	-1.0905E-01
1.8200000E+00	-5.0329E-03	-1.1667E-01
1.8300000E+00	-4.8489E-03	-1.2368E-01
1.8400000E+00	-4.6948E-03	-1.2933E-01
1.8500000E+00	-4.3873E-03	-1.3368E-01
1.8600000E+00	-4.0981E-03	-1.3699E-01
1.8700000E+00	-3.9025E-03	-1.3934E-01
1.8800000E+00	-3.4183E-03	-1.4003E-01
1.8900000E+00	-3.0121E-03	-1.3967E-01
1.9000000E+00	-2.5535E-03	-1.3802E-01
1.9100000E+00	-2.0481E-03	-1.3500E-01
1.9200000E+00	-1.6562E-03	-1.3104E-01
1.9300000E+00	-1.2490E-03	-1.2567E-01
1.9400000E+00	-5.5908E-04	-1.1903E-01
1.9500000E+00	-1.5501E-04	-1.1134E-01
1.9600000E+00	4.0476E-04	-1.0270E-01
1.9700000E+00	9.0067E-04	-9.2716E-02
1.9800000E+00	1.4084E-03	-8.2384E-02
1.9900000E+00	1.9254E-03	-7.0717E-02
2.0000000E+00	2.3568E-03	-5.8769E-02
2.0100000E+00	2.8310E-03	-4.5749E-02
2.0200000E+00	3.3236E-03	-3.2408E-02
2.0300000E+00	3.7407E-03	-1.8449E-02
2.0400000E+00	4.1508E-03	-4.4343E-03
2.0500000E+00	4.4266E-03	9.8758E-03
2.0600000E+00	4.7246E-03	2.4219E-02
2.0700000E+00	4.9994E-03	3.8549E-02
2.0800000E+00	5.2575E-03	5.2897E-02
2.0900000E+00	5.3126E-03	6.6534E-02
2.1000000E+00	5.5238E-03	8.0213E-02
2.1100000E+00	5.6190E-03	9.3192E-02
2.1200000E+00	5.7058E-03	1.0585E-01
2.1300000E+00	5.7051E-03	1.1749E-01
2.1400000E+00	5.7498E-03	1.2853E-01
2.1500000E+00	5.6314E-03	1.3852E-01
2.1600000E+00	5.6266E-03	1.4786E-01
2.1700000E+00	5.4663E-03	1.5585E-01
2.1800000E+00	5.3532E-03	1.6285E-01
2.1900000E+00	5.0525E-03	1.6882E-01
2.2000000E+00	4.8779E-03	1.7351E-01
2.2100000E+00	4.5721E-03	1.7682E-01
2.2200000E+00	4.2458E-03	1.7914E-01
2.2300000E+00	3.7638E-03	1.7983E-01
2.2400000E+00	3.3574E-03	1.7947E-01
2.2500000E+00	2.7803E-03	1.7783E-01
2.2600000E+00	2.3835E-03	1.7514E-01
2.2700000E+00	1.8749E-03	1.7117E-01
2.2800000E+00	1.3253E-03	1.6583E-01
2.2900000E+00	8.2724E-04	1.5950E-01
2.3000000E+00	3.1105E-04	1.5186E-01
2.3100000E+00	-1.5300E-04	1.4350E-01
2.3200000E+00	-5.4516E-04	1.3418E-01
2.3300000E+00	-1.1006E-03	1.2388E-01
2.3400000E+00	-1.5081E-03	1.1287E-01
2.3500000E+00	-1.8705E-03	1.0152E-01
2.3600000E+00	-2.2849E-03	8.9209E-02
2.3700000E+00	-2.7397E-03	7.6540E-02
2.3800000E+00	-3.0310E-03	6.3882E-02
2.3900000E+00	-3.4588E-03	5.0577E-02
2.4000000E+00	-3.7041E-03	3.7576E-02
2.4100000E+00	-4.0049E-03	2.4249E-02
2.4200000E+00	-4.2128E-03	1.1260E-02
2.4300000E+00	-4.4331E-03	-1.4020E-03
2.4400000E+00	-4.6833E-03	-1.4065E-02
2.4500000E+00	-4.8061E-03	-2.6090E-02
2.4600000E+00	-4.8715E-03	-3.7433E-02
2.4700000E+00	-4.8920E-03	-4.8051E-02
2.4800000E+00	-4.9419E-03	-5.8058E-02
2.4900000E+00	-4.9024E-03	-6.7074E-02
2.5000000E+00	-4.7654E-03	-7.5031E-02
2.5100000E+00	-4.6329E-03	-8.2028E-02
2.5200000E+00	-4.4193E-03	-8.8033E-02
2.5300000E+00	-4.1414E-03	-9.2711E-02
2.5400000E+00	-3.9051E-03	-9.6355E-02
2.5500000E+00	-3.5983E-03	-9.9014E-02
2.5600000E+00	-3.2724E-03	-1.0002E-01
2.5700000E+00	-2.8916E-03	-9.9994E-02
2.5800000E+00	-2.4995E-03	-9.8715E-02
2.5900000E+00	-2.0126E-03	-9.6036E-02
2.6000000E+00	-1.6202E-03	-9.2027E-02
2.6100000E+00	-1.0887E-03	-8.7049E-02
2.6200000E+00	-6.0330E-04	-8.0721E-02
2.6300000E+00	-6.6234E-05	-7.3392E-02
2.6400000E+00	4.8690E-04	-6.4722E-02
2.6500000E+00	9.6621E-04	-5.5411E-02
2.6600000E+00	1.4891E-03	-4.4750E-02
2.6700000E+00	1.9266E-03	-3.3416E-02
2.6800000E+00	2.3712E-03	-2.1446E-02
2.6900000E+00	2.8927E-03	-8.7653E-03
2.7000000E+00	3.2902E-03	4.5656E-03
2.7100000E+00	3.6837E-03	1.8215E-02
2.7200000E+00	4.0416E-03	3.2231E-02
2.7300000E+00	4.3890E-03	4.6581E-02
2.7400000E+00	4.7322E-03	6.0886E-02
2.7500000E+00	4.8654E-03	7.5221E-02
2.7600000E+00	5.2296E-03	8.9576E-02
2.7700000E+00	5.4228E-03	1.0355E-01
2.7800000E+00	5.5367E-03	1.1718E-01
2.7900000E+00	5.6066E-03	1.3020E-01
2.8000000E+00	5.8650E-03	1.4283E-01
2.8100000E+00	5.8805E-03	1.5485E-01
2.8200000E+00	5.9152E-03	1.6619E-01
2.8300000E+00	5.9573E-03	1.7617E-01
2.8400000E+00	6.0215E-03	1.8585E-01
2.8500000E+00	5.9824E-03	1.9416E-01
2.8600000E+00	5.9265E-03	2.0148E-01
2.8700000E+00	5.7833E-03	2.0747E-01
2.8800000E+00	5.5519E-03	2.1247E-01
2.8900000E+00	5.2404E-03	2.1612E-01
2.9000000E+00	4.8150E-03	2.1850E-01
2.9100000E+00	4.3663E-03	2.1982E-01
2.9200000E+00	3.9134E-03	2.1981E-01
2.9300000E+00	3.3358E-03	2.1847E-01
2.9400000E+00	2.7808E-03	2.1582E-01
2.9500000E+00	2.1763E-03	2.1216E-01
2.9600000E+00	1.6110E-03	2.0716E-01
2.9700000E+00	9.6588E-04	2.0082E-01
2.9800000E+00	4.5089E-04	1.9383E-01
2.9900000E+00	-1.7244E-04	1.8551E-01
3.0000000E+00	-6.1754E-04	1.7652E-01
3.0100000E+00	-1.1075E-03	1.6647E-01
3.0200000E+00	-1.5536E-03	1.5553E-01
3.0300000E+00	-1.9017E-03	1.4416E-01
3.0400000E+00	-2.3695E-03	1.3219E-01
3.0500000E+00	-2.7684E-03	1.1952E-01
3.0600000E+00	-3.1378E-03	1.0686E-01
3.0700000E+00	-3.4091E-03	9.3849E-02
3.0800000E+00	-3.6593E-03	8.0534E-02
3.0900000E+00	-3.9572E-03	6.7239E-02
3.1000000E+00	-4.1445E-03	5.4244E-02
3.1100000E+00	-4.3308E-03	4.1246E-02
3.1200000E+00	-4.5181E-03	2.8909E-02
3.1300000E+00	-4.6666E-03	1.6926E-02
3.1400000E+00	-4.7849E-03	5.2473E-03
3.1500000E+00	-4.8050E-03	-5.7446E-03
3.1600000E+00	-4.8400E-03	-1.5760E-02
3.1700000E+00	-4.7592E-03	-2.5066E-02
3.1800000E+00	-4.6754E-03	-3.3046E-02
3.1900000E+00	-4.5538E-03	-4.0407E-02
3.2000000E+00	-4.3665E-03	-4.6721E-02
3.2100000E+00	-4.1755E-03	-5.1720E-02
3.2200000E+00	-3.9051E-03	-5.5710E-02
3.2300000E+00	-3.5924E-03	-5.8376E-02
3.2400000E+00	-3.2809E-03	-6.0068E-02
3.2500000E+00	-2.8598E-03	-6.0072E-02
3.2600000E+00	-2.4246E-03	-5.9038E-02
3.2700000E+00	-1.9871E-03	-5.6753E-02
3.2800000E+00	-1.5355E-03	-5.3082E-02
3.2900000E+00	-1.0957E-03	-4.8407E-02
3.3000000E+00	-6.0812E-04	-4.2405E-02
3.3100000E+00	-6.8376E-05	-3.5065E-02
3.3200000E+00	4.0934E-04	-2.6754E-02
3.3300000E+00	9.1446E-04	-1.7406E-02
3.3400000E+00	1.3904E-03	-7.4127E-03
3.3500000E+00	1.9230E-03	3.9106E-03
3.3600000E+00	2.3113E-03	1.5589E-02
3.3700000E+00	2.7823E-03	2.8219E-02
3.3800000E+00	3.1609E-03	4.1235E-02
3.3900000E+00	3.5946E-03	5.4869E-02
3.4000000E+00	3.9958E-03	6.8881E-02
3.4100000E+00	4.2963E-03	8.3201E-02
3.4200000E+00	4.6593E-03	9.7550E-02
3.4300000E+00	4.8937E-03	1.1186E-01
3.4400000E+00	5.2073E-03	1.2620E-01
3.4500000E+00	5.4242E-03	1.4020E-01
3.4600000E+00	5.6872E-03	1.5387E-01
3.4700000E+00	5.8991E-03	1.6719E-01
3.4800000E+00	6.1335E-03	1.8015E-01
3.4900000E+00	6.2859E-03	1.9217E-01
3.5000000E+00	6.5016E-03	2.0350E-01
3.5100000E+00	6.6372E-03	2.1419E-01
3.5200000E+00	6.6581E-03	2.2350E-01
3.5300000E+00	6.7797E-03	2.3213E-01
3.5400000E+00	6.6682E-03	2.3984E-01
3.5500000E+00	6.4400E-03	2.4616E-01
3.5600000E+00	6.2426E-03	2.5147E-01
3.5700000E+00	5.8485E-03	2.5549E-01
3.5800000E+00	5.4082E-03	2.5814E-01
3.5900000E+00	4.9392E-03	2.5980E-01
3.6000000E+00	4.3888E-03	2.5982E-01
3.6100000E+00	3.7786E-03	2.5878E-01
3.6200000E+00	3.1492E-03	2.5647E-01
3.6300000E+00	2.6832E-03	2.5312E-01
3.6400000E+00	1.9799E-03	2.4845E-01
3.6500000E+00	1.2785E-03	2.4246E-01
3.6600000E+00	6.8305E-04	2.3545E-01
3.6700000E+00	6.9499E-05	2.2746E-01
3.6800000E+00	-5.2518E-04	2.1848E-01
3.6900000E+00	-1.0218E-03	2.0882E-01
3.7000000E+00	-1.5810E-03	1.9816E-01
3.7100000E+00	-2.0644E-03	1.8682E-01
3.7200000E+00	-2.5079E-03	1.7481E-01
3.7300000E+00	-2.8281E-03	1.6252E-01
3.7400000E+00	-3.2124E-03	1.4983E-01
3.7500000E+00	-3.4764E-03	1.3687E-01
3.7600000E+00	-3.8127E-03	1.2354E-01
3.7700000E+00	-4.0202E-03	1.1053E-01
3.7800000E+00	-4.2453E-03	9.7186E-02
3.7900000E+00	-4.4538E-03	8.4220E-02
3.8000000E+00	-4.5412E-03	7.1908E-02
3.8100000E+00	-4.6307E-03	5.9562E-02
3.8200000E+00	-4.7703E-03	4.7919E-02
3.8300000E+00	-4.7971E-03	3.6878E-02
3.8400000E+00	-4.8518E-03	2.6600E-02
3.8500000E+00	-4.8807E-03	1.7241E-02
3.8600000E+00	-4.7105E-03	8.5820E-03
3.8700000E+00	-4.5827E-03	9.0698E-04
3.8800000E+00	-4.4015E-03	-5.4126E-03
3.8900000E+00	-4.1437E-03	-1.0741E-02
3.9000000E+00	-3.9557E-03	-1.5086E-02
3.9100000E+00	-3.6258E-03	-1.8066E-02
3.9200000E+00	-3.2929E-03	-1.9718E-02
3.9300000E+00	-2.8587E-03	-2.0090E-02
3.9400000E+00	-2.4880E-03	-1.9431E-02
3.9500000E+00	-2.0936E-03	-1.7373E-02
3.9600000E+00	-1.6138E-03	-1.4058E-02
3.9700000E+00	-1.1411E-03	-9.3848E-03
3.9800000E+00	-6.7159E-04	-3.7360E-03
3.9900000E+00	-1.7329E-04	3.2678E-03
4.0000000E+00	2.0446E-04	1.1254E-02
4.0100000E+00	8.0746E-04	2.0250E-02
4.0200000E+00	1.2405E-03	3.0252E-02
4.0300000E+00	1.7751E-03	4.1281E-02
4.0400000E+00	2.2005E-03	5.2900E-02
4.0500000E+00	2.6611E-03	6.5218E-02
4.0600000E+00	3.1131E-03	7.8224E-02
4.0700000E+00	3.5004E-03	9.1546E-02
4.0800000E+00	3.8970E-03	1.0556E-01
4.0900000E+00	4.2954E-03	1.1985E-01
4.1000000E+00	4.6289E-03	1.3418E-01
4.1100000E+00	4.9976E-03	1.4852E-01
4.1200000E+00	5.4432E-03	1.6284E-01
4.1300000E+00	5.6046E-03	1.7684E-01
4.1400000E+00	6.0478E-03	1.9082E-01
4.1500000E+00	6.3411E-03	2.0414E-01
4.1600000E+00	6.7021E-03	2.1712E-01
4.1700000E+00	7.0154E-03	2.2949E-01
4.1800000E+00	6.9865E-03	2.4082E-01
4.1900000E+00	7.1785E-03	2.5149E-01
4.2000000E+00	7.2637E-03	2.6147E-01
4.2100000E+00	7.1219E-03	2.7012E-01
4.2200000E+00	7.0209E-03	2.7811E-01
4.2300000E+00	6.9101E-03	2.8477E-01
4.2400000E+00	6.6182E-03	2.9012E-01
4.2500000E+00	6.2331E-03	2.9442E-01
4.2600000E+00	5.8555E-03	2.9744E-01
4.2700000E+00	5.4663E-03	2.9944E-01
4.2800000E+00	4.8286E-03	2.9978E-01
4.2900000E+00	4.3186E-03	2.9912E-01
4.3000000E+00	3.6488E-03	2.9712E-01
4.3100000E+00	3.0149E-03	2.9411E-01
4.3200000E+00	2.3037E-03	2.8945E-01
4.3300000E+00	1.7646E-03	2.8375E-01
4.3400000E+00	1.0162E-03	2.7713E-01
4.3500000E+00	3.4706E-04	2.6943E-01
4.3600000E+00	-2.5762E-04	2.6079E-01
4.3700000E+00	-9.1613E-04	2.5115E-01
4.3800000E+00	-1.4504E-03	2.4082E-01
4.3900000E+00	-1.9852E-03	2.2946E-01
4.4000000E+00	-2.5464E-03	2.1777E-01
4.4100000E+00	-2.9648E-03	2.0549E-01
4.4200000E+00	-3.4586E-03	1.9283E-01
4.4300000E+00	-3.7504E-03	1.7982E-01
4.4400000E+00	-4.0713E-03	1.6649E-01
4.4500000E+00	-4.3775E-03	1.5350E-01
4.4600000E+00	-4.5469E-03	1.4018E-01
4.4700000E+00	-4.6351E-03	1.2721E-01
4.4800000E+00	-4.8354E-03	1.1452E-01
4.4900000E+00	-4.9224E-03	1.0220E-01
4.5000000E+00	-5.0094E-03	9.0548E-02
4.5100000E+00	-5.0645E-03	7.9241E-02
4.5200000E+00	-4.9570E-03	6.8903E-02
4.5300000E+00	-4.8661E-03	5.9247E-02
4.5400000E+00	-4.8821E-03	5.0588E-02
4.5500000E+00	-4.7080E-03	4.2530E-02
4.5600000E+00	-4.5086E-03	3.5911E-02
4.5700000E+00	-4.3127E-03	3.0233E-02
4.5800000E+00	-4.0023E-03	2.5910E-02
4.5900000E+00	-3.6908E-03	2.2598E-02
4.6000000E+00	-3.4390E-03	2.0578E-02
4.6100000E+00	-3.0495E-03	1.9896E-02
4.6200000E+00	-2.6289E-03	2.0278E-02
4.6300000E+00	-2.1465E-03	2.1898E-02
4.6400000E+00	-1.7235E-03	2.4936E-02
4.6500000E+00	-1.2735E-03	2.9266E-02
4.6600000E+00	-7.8528E-04	3.4888E-02
4.6700000E+00	-2.9069E-04	4.1536E-02
4.6800000E+00	1.7854E-04	4.9208E-02
4.6900000E+00	6.0786E-04	5.7868E-02
4.7000000E+00	1.1101E-03	6.7867E-02
4.7100000E+00	1.6416E-03	7.8552E-02
4.7200000E+00	2.0701E-03	8.9889E-02
4.7300000E+00	2.5794E-03	1.0221E-01
4.7400000E+00	2.9402E-03	1.1521E-01
4.7500000E+00	3.4398E-03	1.2854E-01
4.7600000E+00	3.8143E-03	1.4221E-01
4.7700000E+00	4.4150E-03	1.5654E-01
4.7800000E+00	4.7751E-03	1.7085E-01
4.7900000E+00	5.1992E-03	1.8519E-01
4.8000000E+00	5.6236E-03	1.9953E-01
4.8100000E+00	6.1506E-03	2.1347E-01
4.8200000E+00	6.4895E-03	2.2746E-01
4.8300000E+00	6.8988E-03	2.4113E-01
4.8400000E+00	7.0686E-03	2.5418E-01
4.8500000E+00	7.2974E-03	2.6650E-01
4.8600000E+00	7.3476E-03	2.7812E-01
4.8700000E+00	7.4937E-03	2.8910E-01
4.8800000E+00	7.4583E-03	2.9908E-01
4.8900000E+00	7.4793E-03	3.0810E-01
4.9000000E+00	7.4815E-03	3.1643E-01
4.9100000E+00	7.2051E-03	3.2311E-01
4.9200000E+00	7.0257E-03	3.2909E-01
4.9300000E+00	6.6631E-03	3.3375E-01
4.9400000E+00	6.2074E-03	3.3711E-01
4.9500000E+00	5.6837E-03	3.3910E-01
4.9600000E+00	5.0981E-03	3.3975E-01
4.9700000E+00	4.6005E-03	3.3942E-01
4.9800000E+00	3.9497E-03	3.3776E-01
4.9900000E+00	3.3199E-03	3.3477E-01
5.0000000E+00	2.7080E-03	3.3076E-01
5.0100000E+00	2.0675E-03	3.2542E-01
5.0200000E+00	1.2866E-03	3.1877E-01
5.0300000E+00	6.7351E-04	3.1144E-01
5.0400000E+00	-8.9423E-05	3.0278E-01
5.0500000E+00	-7.1657E-04	2.9343E-01
5.0600000E+00	-1.4039E-03	2.8309E-01
5.0700000E+00	-1.9445E-03	2.7213E-01
5.0800000E+00	-2.5318E-03	2.6045E-01
5.0900000E+00	-3.0187E-03	2.4845E-01
5.1000000E+00	-3.5746E-03	2.3580E-01
5.1100000E+00	-3.9786E-03	2.2279E-01
5.1200000E+00	-4.3191E-03	2.0984E-01
5.1300000E+00	-4.6503E-03	1.9647E-01
5.1400000E+00	-4.9016E-03	1.8352E-01
5.1500000E+00	-5.0912E-03	1.7018E-01
5.1600000E+00	-5.2115E-03	1.5748E-01
5.1700000E+00	-5.2645E-03	1.4519E-01
5.1800000E+00	-5.3566E-03	1.3322E-01
5.1900000E+00	-5.4217E-03	1.2187E-01
5.2000000E+00	-5.2757E-03	1.1118E-01
5.2100000E+00	-5.1754E-03	1.0154E-01
5.2200000E+00	-5.1106E-03	9.2518E-02
5.2300000E+00	-4.8906E-03	8.4521E-02
5.2400000E+00	-4.7172E-03	7.7549E-02
5.2500000E+00	-4.4823E-03	7.1545E-02
5.2600000E+00	-4.2459E-03	6.6873E-02
5.2700000E+00	-3.9760E-03	6.3220E-02
5.2800000E+00	-3.5605E-03	6.0887E-02
5.2900000E+00	-3.1570E-03	5.9891E-02
5.3000000E+00	-2.8012E-03	5.9879E-02
5.3100000E+00	-2.3540E-03	6.1571E-02
5.3200000E+00	-1.9329E-03	6.4224E-02
5.3300000E+00	-1.4932E-03	6.8213E-02
5.3400000E+00	-9.6795E-04	7.3248E-02
5.3500000E+00	-5.0469E-04	7.9862E-02
5.3600000E+00	-1.3542E-06	8.7176E-02
5.3700000E+00	5.0735E-04	9.5871E-02
5.3800000E+00	9.3872E-04	1.0522E-01
5.3900000E+00	1.5103E-03	1.1586E-01
5.4000000E+00	2.0959E-03	1.2722E-01
5.4100000E+00	2.5329E-03	1.3921E-01
5.4200000E+00	3.0108E-03	1.5183E-01
5.4300000E+00	3.5404E-03	1.6519E-01
5.4400000E+00	4.0794E-03	1.7917E-01
5.4500000E+00	4.6400E-03	1.9317E-01
5.4600000E+00	5.0762E-03	2.0747E-01
5.4700000E+00	5.6138E-03	2.2183E-01
5.4800000E+00	6.1674E-03	2.3617E-01
5.4900000E+00	6.6348E-03	2.5048E-01
5.5000000E+00	6.8090E-03	2.6444E-01
5.5100000E+00	7.1283E-03	2.7779E-01
5.5200000E+00	7.3731E-03	2.9112E-01
5.5300000E+00	7.6614E-03	3.0379E-01
5.5400000E+00	7.7440E-03	3.1544E-01
5.5500000E+00	7.8322E-03	3.2675E-01
5.5600000E+00	7.8790E-03	3.3678E-01
5.5700000E+00	7.7803E-03	3.4609E-01
5.5800000E+00	7.6701E-03	3.5439E-01
5.5900000E+00	7.4887E-03	3.6172E-01
5.6000000E+00	7.2087E-03	3.6775E-01
5.6100000E+00	6.9559E-03	3.7275E-01
5.6200000E+00	6.4886E-03	3.7640E-01
5.6300000E+00	6.1202E-03	3.7873E-01
5.6400000E+00	5.5779E-03	3.7974E-01
5.6500000E+00	5.0116E-03	3.7976E-01
5.6600000E+00	4.3892E-03	3.7807E-01
5.6700000E+00	3.7291E-03	3.7541E-01
5.6800000E+00	3.0458E-03	3.7173E-01
5.6900000E+00	2.4171E-03	3.6672E-01
5.7000000E+00	1.6932E-03	3.6040E-01
5.7100000E+00	1.0031E-03	3.5311E-01
5.7200000E+00	3.0590E-04	3.4479E-01
5.7300000E+00	-3.7581E-04	3.3578E-01
5.7400000E+00	-1.0298E-03	3.2576E-01
5.7500000E+00	-1.7682E-03	3.1478E-01
5.7600000E+00	-2.3604E-03	3.0342E-01
5.7700000E+00	-3.0280E-03	2.9111E-01
5.7800000E+00	-3.4575E-03	2.7876E-01
5.7900000E+00	-4.0180E-03	2.6579E-01
5.8000000E+00	-4.4623E-03	2.5282E-01
5.8100000E+00	-4.7802E-03	2.3946E-01
5.8200000E+00	-5.0810E-03	2.2649E-01
5.8300000E+00	-5.3566E-03	2.1311E-01
5.8400000E+00	-5.4552E-03	2.0049E-01
5.8500000E+00	-5.5933E-03	1.8783E-01
5.8600000E+00	-5.6179E-03	1.7580E-01
5.8700000E+00	-5.6600E-03	1.6452E-01
5.8800000E+00	-5.6516E-03	1.5352E-01
5.8900000E+00	-5.4602E-03	1.4350E-01
5.9000000E+00	-5.2545E-03	1.3454E-01
5.9100000E+00	-5.1947E-03	1.2618E-01
5.9200000E+00	-4.9868E-03	1.1890E-01
5.9300000E+00	-4.7036E-03	1.1285E-01
5.9400000E+00	-4.4574E-03	1.0784E-01
5.9500000E+00	-4.1669E-03	1.0387E-01
5.9600000E+00	-3.8213E-03	1.0122E-01
5.9700000E+00	-3.3561E-03	9.9876E-02
5.9800000E+00	-3.0268E-03	9.9869E-02
5.9900000E+00	-2.5446E-03	1.0087E-01
6.0000000E+00	-2.0405E-03	1.0353E-01
6.0100000E+00	-1.6203E-03	1.0722E-01
6.0200000E+00	-1.1738E-03	1.1219E-01
6.0300000E+00	-6.5139E-04	1.1819E-01
6.0400000E+00	-7.3552E-05	1.2552E-01
6.0500000E+00	5.0031E-04	1.3352E-01
6.0600000E+00	9.9997E-04	1.4320E-01
6.0700000E+00	1.4839E-03	1.5319E-01
6.0800000E+00	1.9722E-03	1.6453E-01
6.0900000E+00	2.6002E-03	1.7651E-01
6.1000000E+00	3.1564E-03	1.8885E-01
6.1100000E+00	3.7491E-03	2.0218E-01
6.1200000E+00	4.4477E-03	2.1585E-01
6.1300000E+00	4.8866E-03	2.2983E-01
6.1400000E+00	5.4560E-03	2.4414E-01
6.1500000E+00	6.0783E-03	2.5849E-01
6.1600000E+00	6.3738E-03	2.7280E-01
6.1700000E+00	6.8046E-03	2.8713E-01
6.1800000E+00	7.1909E-03	3.0109E-01
6.1900000E+00	7.5057E-03	3.1477E-01
6.2000000E+00	7.7463E-03	3.2810E-01
6.2100000E+00	7.9343E-03	3.4076E-01
6.2200000E+00	7.9855E-03	3.5276E-01
6.2300000E+00	8.1845E-03	3.6410E-01
6.2400000E+00	8.1999E-03	3.7474E-01
6.2500000E+00	8.1167E-03	3.8407E-01
6.2600000E+00	8.2402E-03	3.9273E-01
6.2700000E+00	8.2017E-03	4.0007E-01
6.2800000E+00	8.0253E-03	4.0640E-01
6.2900000E+00	7.8491E-03	4.1175E-01
6.3000000E+00	7.3881E-03	4.1542E-01
6.3100000E+00	7.0194E-03	4.1806E-01
6.3200000E+00	6.4427E-03	4.1974E-01
6.3300000E+00	5.7820E-03	4.1972E-01
6.3400000E+00	5.0792E-03	4.1868E-01
6.3500000E+00	4.3738E-03	4.1639E-01
6.3600000E+00	3.5330E-03	4.1272E-01
6.3700000E+00	2.8600E-03	4.0809E-01
6.3800000E+00	1.9611E-03	4.0208E-01
6.3900000E+00	1.2619E-03	3.9509E-01
6.4000000E+00	4.4563E-04	3.8676E-01
6.4100000E+00	-1.4122E-04	3.7776E-01
6.4200000E+00	-8.5990E-04	3.6809E-01
6.4300000E+00	-1.4257E-03	3.5742E-01
6.4400000E+00	-2.1730E-03	3.4610E-01
6.4500000E+00	-2.7802E-03	3.3410E-01
6.4600000E+00	-3.3588E-03	3.2179E-01
6.4700000E+00	-3.9995E-03	3.0878E-01
6.4800000E+00	-4.5950E-03	2.9577E-01
6.4900000E+00	-4.9304E-03	2.8278E-01
6.5000000E+00	-5.4063E-03	2.6943E-01
6.5100000E+00	-5.5535E-03	2.5647E-01
6.5200000E+00	-5.8525E-03	2.4344E-01
6.5300000E+00	-5.8764E-03	2.3080E-01
6.5400000E+00	-6.0039E-03	2.1881E-01
6.5500000E+00	-5.9162E-03	2.0713E-01
6.5600000E+00	-5.9509E-03	1.9614E-01
6.5700000E+00	-5.8015E-03	1.8581E-01
6.5800000E+00	-5.6887E-03	1.7653E-01
6.5900000E+00	-5.5216E-03	1.6786E-01
6.6000000E+00	-5.3226E-03	1.6050E-01
6.6100000E+00	-4.9569E-03	1.5418E-01
6.6200000E+00	-4.7906E-03	1.4885E-01
6.6300000E+00	-4.3743E-03	1.4488E-01
6.6400000E+00	-4.0762E-03	1.4185E-01
6.6500000E+00	-3.7110E-03	1.4017E-01
6.6600000E+00	-3.2416E-03	1.3989E-01
6.6700000E+00	-2.7186E-03	1.4052E-01
6.6800000E+00	-2.3139E-03	1.4285E-01
6.6900000E+00	-1.7488E-03	1.4617E-01
6.7000000E+00	-1.3513E-03	1.5086E-01
6.7100000E+00	-7.8213E-04	1.5652E-01
6.7200000E+00	-2.5285E-04	1.6355E-01
6.7300000E+00	3.3460E-04	1.7150E-01
6.7400000E+00	8.8758E-04	1.8087E-01
6.7500000E+00	1.4929E-03	1.9082E-01
6.7600000E+00	2.0920E-03	2.0183E-01
6.7700000E+00	2.7646E-03	2.1350E-01
6.7800000E+00	3.3546E-03	2.2584E-01
6.7900000E+00	4.0530E-03	2.3915E-01
6.8000000E+00	4.5408E-03	2.5248E-01
6.8100000E+00	5.1817E-03	2.6650E-01
6.8200000E+00	5.6991E-03	2.8081E-01
6.8300000E+00	6.2049E-03	2.9512E-01
6.8400000E+00	6.6578E-03	3.0943E-01
6.8500000E+00	7.1241E-03	3.2378E-01
6.8600000E+00	7.2759E-03	3.3775E-01
6.8700000E+00	7.6845E-03	3.5174E-01
6.8800000E+00	7.8965E-03	3.6508E-01
6.8900000E+00	8.1473E-03	3.7777E-01
6.9000000E+00	8.4432E-03	3.9006E-01
6.9100000E+00	8.7189E-03	4.0141E-01
6.9200000E+00	8.9576E-03	4.1207E-01
6.9300000E+00	9.3062E-03	4.2206E-01
6.9400000E+00	9.3677E-03	4.3072E-01
6.9500000E+00	9.3989E-03	4.3839E-01
6.9600000E+00	9.1856E-03	4.4503E-01
6.9700000E+00	8.9140E-03	4.5041E-01
6.9800000E+00	8.4582E-03	4.5474E-01
6.9900000E+00	7.8548E-03	4.5772E-01
7.0000000E+00	7.1708E-03	4.5937E-01
7.0100000E+00	6.4263E-03	4.5971E-01
7.0200000E+00	5.5719E-03	4.5904E-01
7.0300000E+00	4.8246E-03	4.5704E-01
7.0400000E+00	3.8904E-03	4.5369E-01
7.0500000E+00	3.0522E-03	4.4904E-01
7.0600000E+00	2.1670E-03	4.4339E-01
7.0700000E+00	1.5114E-03	4.3672E-01
7.0800000E+00	6.4419E-04	4.2873E-01
7.0900000E+00	-9.5511E-05	4.2007E-01
7.1000000E+00	-7.7937E-04	4.1042E-01
7.1100000E+00	-1.4172E-03	3.9975E-01
7.1200000E+00	-2.0703E-03	3.8873E-01
7.1300000E+00	-2.6805E-03	3.7677E-01
7.1400000E+00	-3.1855E-03	3.6441E-01
7.1500000E+00	-3.7656E-03	3.5174E-01
7.1600000E+00	-4.3136E-03	3.3876E-01
7.1700000E+00	-4.8049E-03	3.2577E-01
7.1800000E+00	-5.3290E-03	3.1247E-01
7.1900000E+00	-5.7268E-03	2.9941E-01
7.2000000E+00	-6.0444E-03	2.8642E-01
7.2100000E+00	-6.2758E-03	2.7380E-01
7.2200000E+00	-6.4430E-03	2.6147E-01
7.2300000E+00	-6.4068E-03	2.4983E-01
7.2400000E+00	-6.3988E-03	2.3845E-01
7.2500000E+00	-6.1955E-03	2.2817E-01
7.2600000E+00	-6.1293E-03	2.1850E-01
7.2700000E+00	-5.9004E-03	2.0984E-01
7.2800000E+00	-5.6824E-03	2.0216E-01
7.2900000E+00	-5.3709E-03	1.9551E-01
7.3000000E+00	-5.0949E-03	1.8983E-01
7.3100000E+00	-4.7147E-03	1.8553E-01
7.3200000E+00	-4.3540E-03	1.8253E-01
7.3300000E+00	-3.9444E-03	1.8048E-01
7.3400000E+00	-3.4531E-03	1.7985E-01
7.3500000E+00	-2.9733E-03	1.8015E-01
7.3600000E+00	-2.5087E-03	1.8217E-01
7.3700000E+00	-1.9738E-03	1.8520E-01
7.3800000E+00	-1.4803E-03	1.8951E-01
7.3900000E+00	-8.4053E-04	1.9517E-01
7.4000000E+00	-4.2010E-04	2.0182E-01
7.4100000E+00	2.7492E-04	2.0947E-01
7.4200000E+00	9.3732E-04	2.1851E-01
7.4300000E+00	1.6039E-03	2.2846E-01
7.4400000E+00	2.2209E-03	2.3913E-01
7.4500000E+00	2.9076E-03	2.5079E-01
7.4600000E+00	3.5071E-03	2.6316E-01
7.4700000E+00	4.1512E-03	2.7579E-01
7.4800000E+00	4.6241E-03	2.8946E-01
7.4900000E+00	5.3423E-03	3.0309E-01
7.5000000E+00	5.9170E-03	3.1744E-01
7.5100000E+00	6.4536E-03	3.3175E-01
7.5200000E+00	6.7286E-03	3.4612E-01
7.5300000E+00	7.1640E-03	3.6041E-01
7.5400000E+00	7.4379E-03	3.7446E-01
7.5500000E+00	7.9378E-03	3.8843E-01
7.5600000E+00	8.3645E-03	4.0170E-01
7.5700000E+00	8.8797E-03	4.1473E-01
7.5800000E+00	9.3966E-03	4.2739E-01
7.5900000E+00	9.7613E-03	4.3903E-01
7.6000000E+00	1.0169E-02	4.4974E-01
7.6100000E+00	1.0393E-02	4.5970E-01
7.6200000E+00	1.0388E-02	4.6869E-01
7.6300000E+00	1.0275E-02	4.7670E-01
7.6400000E+00	1.0095E-02	4.8370E-01
7.6500000E+00	9.7462E-03	4.8937E-01
7.6600000E+00	9.1640E-03	4.9370E-01
7.6700000E+00	8.6052E-03	4.9705E-01
7.6800000E+00	7.7716E-03	4.9904E-01
7.6900000E+00	7.0327E-03	4.9971E-01
7.7000000E+00	6.0744E-03	4.9936E-01
7.7100000E+00	5.1453E-03	4.9739E-01
7.7200000E+00	4.2848E-03	4.9437E-01
7.7300000E+00	3.2966E-03	4.9038E-01
7.7400000E+00	2.2895E-03	4.8470E-01
7.7500000E+00	1.4915E-03	4.7835E-01
7.7600000E+00	6.5114E-04	4.7072E-01
7.7700000E+00	-8.4731E-05	4.6207E-01
7.7800000E+00	-8.5936E-04	4.5272E-01
7.7900000E+00	-1.4976E-03	4.4239E-01
7.8000000E+00	-2.1481E-03	4.3139E-01
7.8100000E+00	-2.6684E-03	4.1972E-01
7.8200000E+00	-3.2562E-03	4.0743E-01
7.8300000E+00	-3.7375E-03	3.9473E-01
7.8400000E+00	-4.2015E-03	3.8210E-01
7.8500000E+00	-4.6059E-03	3.6874E-01
7.8600000E+00	-5.0484E-03	3.5542E-01
7.8700000E+00	-5.3624E-03	3.4243E-01
7.8800000E+00	-5.7996E-03	3.2944E-01
7.8900000E+00	-6.0746E-03	3.1680E-01
7.9000000E+00	-6.4672E-03	3.0412E-01
7.9100000E+00	-6.5436E-03	2.9244E-01
7.9200000E+00	-6.5980E-03	2.8113E-01
7.9300000E+00	-6.5069E-03	2.7047E-01
7.9400000E+00	-6.3498E-03	2.6081E-01
7.9500000E+00	-6.2127E-03	2.5183E-01
7.9600000E+00	-6.0275E-03	2.4380E-01
7.9700000E+00	-5.7375E-03	2.3683E-01
7.9800000E+00	-5.4049E-03	2.3114E-01
7.9900000E+00	-5.0675E-03	2.2649E-01
8.0000000E+00	-4.7344E-03	2.2283E-01
8.0100000E+00	-4.2413E-03	2.2082E-01
8.0200000E+00	-3.7267E-03	2.1981E-01
8.0300000E+00	-3.2095E-03	2.2016E-01
8.0400000E+00	-2.8104E-03	2.2150E-01
8.0500000E+00	-2.0642E-03	2.2448E-01
8.0600000E+00	-1.6155E-03	2.2848E-01
8.0700000E+00	-9.7798E-04	2.3385E-01
8.0800000E+00	-4.6762E-04	2.4016E-01
8.0900000E+00	3.0326E-04	2.4783E-01
8.1000000E+00	9.0769E-04	2.5649E-01
8.1100000E+00	1.5451E-03	2.6581E-01
8.1200000E+00	2.2086E-03	2.7648E-01
8.1300000E+00	2.8384E-03	2.8781E-01
8.1400000E+00	3.4453E-03	3.0012E-01
8.1500000E+00	4.1582E-03	3.1276E-01
8.1600000E+00	4.7078E-03	3.2613E-01
8.1700000E+00	5.2537E-03	3.3980E-01
8.1800000E+00	5.7233E-03	3.5410E-01
8.1900000E+00	6.0870E-03	3.6813E-01
8.2000000E+00	6.7012E-03	3.8274E-01
8.2100000E+00	7.2633E-03	3.9710E-01
8.2200000E+00	7.8037E-03	4.1109E-01
8.2300000E+00	8.4028E-03	4.2508E-01
8.2400000E+00	9.0464E-03	4.3874E-01
8.2500000E+00	9.7095E-03	4.5172E-01
8.2600000E+00	1.0269E-02	4.6441E-01
8.2700000E+00	1.0667E-02	4.7636E-01
8.2800000E+00	1.0973E-02	4.8736E-01
8.2900000E+00	1.1086E-02	4.9737E-01
8.3000000E+00	1.1335E-02	5.0670E-01
8.3100000E+00	1.1112E-02	5.1504E-01
8.3200000E+00	1.0609E-02	5.2207E-01
8.3300000E+00	9.9599E-03	5.2806E-01
8.3400000E+00	9.1816E-03	5.3273E-01
8.3500000E+00	8.4660E-03	5.3637E-01
8.3600000E+00	7.7644E-03	5.3869E-01
8.3700000E+00	6.9638E-03	5.3967E-01
8.3800000E+00	6.1751E-03	5.3968E-01
8.3900000E+00	5.2803E-03	5.3802E-01
8.4000000E+00	4.4379E-03	5.3535E-01
8.4100000E+00	3.6102E-03	5.3139E-01
8.4200000E+00	2.7454E-03	5.2639E-01
8.4300000E+00	1.8029E-03	5.2004E-01
8.4400000E+00	9.1116E-04	5.1269E-01
8.4500000E+00	4.5163E-05	5.0439E-01
8.4600000E+00	-8.2410E-04	4.9504E-01
8.4700000E+00	-1.6453E-03	4.8469E-01
8.4800000E+00	-2.2603E-03	4.7404E-01
8.4900000E+00	-2.8565E-03	4.6237E-01
8.5000000E+00	-3.4399E-03	4.5039E-01
8.5100000E+00	-3.9196E-03	4.3774E-01
8.5200000E+00	-4.3224E-03	4.2508E-01
8.5300000E+00	-4.7401E-03	4.1174E-01
8.5400000E+00	-5.0175E-03	3.9876E-01
8.5500000E+00	-5.4107E-03	3.8541E-01
8.5600000E+00	-5.5744E-03	3.7245E-01
8.5700000E+00	-5.8171E-03	3.5942E-01
8.5800000E+00	-6.0071E-03	3.4707E-01
8.5900000E+00	-6.2506E-03	3.3512E-01
8.6000000E+00	-6.3591E-03	3.2377E-01
8.6100000E+00	-6.3364E-03	3.1278E-01
8.6200000E+00	-6.4192E-03	3.0276E-01
8.6300000E+00	-6.2668E-03	2.9378E-01
8.6400000E+00	-6.1402E-03	2.8545E-01
8.6500000E+00	-5.8206E-03	2.7845E-01
8.6600000E+00	-5.5582E-03	2.7246E-01
8.6700000E+00	-5.1972E-03	2.6747E-01
8.6800000E+00	-4.7724E-03	2.6379E-01
8.6900000E+00	-4.4719E-03	2.6111E-01
8.7000000E+00	-3.8801E-03	2.5982E-01
8.7100000E+00	-3.4671E-03	2.5980E-01
8.7200000E+00	-2.8639E-03	2.6113E-01
8.7300000E+00	-2.3285E-03	2.6347E-01
8.7400000E+00	-1.8289E-03	2.6745E-01
8.7500000E+00	-1.2073E-03	2.7244E-01
8.7600000E+00	-5.3919E-04	2.7844E-01
8.7700000E+00	4.5984E-05	2.8577E-01
8.7800000E+00	7.1898E-04	2.9410E-01
8.7900000E+00	1.4459E-03	3.0342E-01
8.8000000E+00	2.0942E-03	3.1414E-01
8.8100000E+00	2.6358E-03	3.2510E-01
8.8200000E+00	3.2227E-03	3.3708E-01
8.8300000E+00	3.8063E-03	3.4976E-01
8.8400000E+00	4.4343E-03	3.6307E-01
8.8500000E+00	4.9531E-03	3.7676E-01
8.8600000E+00	5.5309E-03	3.9073E-01
8.8700000E+00	6.1599E-03	4.0478E-01
8.8800000E+00	6.8749E-03	4.1938E-01
8.8900000E+00	7.6308E-03	4.3375E-01
8.9000000E+00	8.3128E-03	4.4805E-01
8.9100000E+00	9.0311E-03	4.6204E-01
8.9200000E+00	9.8479E-03	4.7571E-01
8.9300000E+00	1.0399E-02	4.8871E-01
8.9400000E+00	1.0938E-02	5.0135E-01
8.9500000E+00	1.1398E-02	5.1368E-01
8.9600000E+00	1.1321E-02	5.2470E-01
8.9700000E+00	1.1110E-02	5.3535E-01
8.9800000E+00	1.0526E-02	5.4463E-01
8.9900000E+00	1.0147E-02	5.5301E-01
9.0000000E+00	9.5952E-03	5.6037E-01
9.0100000E+00	9.1047E-03	5.6664E-01
9.0200000E+00	8.4757E-03	5.7166E-01
9.0300000E+00	7.9556E-03	5.7568E-01
9.0400000E+00	7.2716E-03	5.7832E-01
9.0500000E+00	6.7102E-03	5.7967E-01
9.0600000E+00	5.9883E-03	5.7967E-01
9.0700000E+00	5.1917E-03	5.7833E-01
9.0800000E+00	4.5748E-03	5.7598E-01
9.0900000E+00	3.8957E-03	5.7231E-01
9.1000000E+00	3.0801E-03	5.6731E-01
9.1100000E+00	2.4142E-03	5.6135E-01
9.1200000E+00	1.5995E-03	5.5432E-01
9.1300000E+00	8.8083E-04	5.4630E-01
9.1400000E+00	7.7240E-05	5.3734E-01
9.1500000E+00	-7.9939E-04	5.2736E-01
9.1600000E+00	-1.5813E-03	5.1669E-01
9.1700000E+00	-2.3990E-03	5.0504E-01
9.1800000E+00	-3.1034E-03	4.9338E-01
9.1900000E+00	-3.6716E-03	4.8067E-01
9.2000000E+00	-4.2359E-03	4.6804E-01
9.2100000E+00	-4.5870E-03	4.5505E-01
9.2200000E+00	-5.0508E-03	4.4173E-01
9.2300000E+00	-5.3053E-03	4.2839E-01
9.2400000E+00	-5.5648E-03	4.1539E-01
9.2500000E+00	-5.7246E-03	4.0240E-01
9.2600000E+00	-5.8596E-03	3.9010E-01
9.2700000E+00	-5.9131E-03	3.7774E-01
9.2800000E+00	-6.0653E-03	3.6610E-01
9.2900000E+00	-5.9340E-03	3.5543E-01
9.3000000E+00	-5.9868E-03	3.4508E-01
9.3100000E+00	-5.8908E-03	3.3574E-01
9.3200000E+00	-5.8829E-03	3.2745E-01
9.3300000E+00	-5.5457E-03	3.2012E-01
9.3400000E+00	-5.3432E-03	3.1380E-01
9.3500000E+00	-5.0295E-03	3.0846E-01
9.3600000E+00	-4.7589E-03	3.0448E-01
9.3700000E+00	-4.4178E-03	3.0145E-01
9.3800000E+00	-3.8213E-03	3.0012E-01
9.3900000E+00	-3.4002E-03	2.9978E-01
9.4000000E+00	-2.8915E-03	3.0079E-01
9.4100000E+00	-2.3537E-03	3.0277E-01
9.4200000E+00	-1.7987E-03	3.0644E-01
9.4300000E+00	-1.2446E-03	3.1110E-01
9.4400000E+00	-6.2641E-04	3.1713E-01
9.4500000E+00	2.0714E-05	3.2414E-01
9.4600000E+00	5.9949E-04	3.3209E-01
9.4700000E+00	1.2490E-03	3.4145E-01
9.4800000E+00	1.8550E-03	3.5142E-01
9.4900000E+00	2.4974E-03	3.6245E-01
9.5000000E+00	3.0137E-03	3.7408E-01
9.5100000E+00	3.6890E-03	3.8671E-01
9.5200000E+00	4.2616E-03	3.9975E-01
9.5300000E+00	4.9652E-03	4.1341E-01
9.5400000E+00	5.6984E-03	4.2738E-01
9.5500000E+00	6.4084E-03	4.4142E-01
9.5600000E+00	7.1886E-03	4.5569E-01
9.5700000E+00	8.0883E-03	4.7041E-01
9.5800000E+00	8.8503E-03	4.8470E-01
9.5900000E+00	9.6687E-03	4.9870E-01
9.6000000E+00	1.0236E-02	5.1236E-01
9.6100000E+00	1.0620E-02	5.2569E-01
9.6200000E+00	1.0610E-02	5.3865E-01
9.6300000E+00	1.0307E-02	5.5067E-01
9.6400000E+00	1.0085E-02	5.6233E-01
9.6500000E+00	9.7737E-03	5.7269E-01
9.6600000E+00	9.4613E-03	5.8267E-01
9.6700000E+00	9.0305E-03	5.9133E-01
9.6800000E+00	8.6024E-03	5.9896E-01
9.6900000E+00	8.1062E-03	6.0533E-01
9.7000000E+00	7.6238E-03	6.1066E-01
9.7100000E+00	7.1362E-03	6.1493E-01
9.7200000E+00	6.6947E-03	6.1765E-01
9.7300000E+00	6.1244E-03	6.1928E-01
9.7400000E+00	5.5222E-03	6.1963E-01
9.7500000E+00	5.0534E-03	6.1895E-01
9.7600000E+00	4.3914E-03	6.1664E-01
9.7700000E+00	3.8104E-03	6.1331E-01
9.7800000E+00	3.2178E-03	6.0864E-01
9.7900000E+00	2.5745E-03	6.0297E-01
9.8000000E+00	1.9448E-03	5.9598E-01
9.8100000E+00	1.3184E-03	5.8833E-01
9.8200000E+00	6.7932E-04	5.7929E-01
9.8300000E+00	1.2448E-06	5.6964E-01
9.8400000E+00	-7.2305E-04	5.5901E-01
9.8500000E+00	-1.3679E-03	5.4802E-01
9.8600000E+00	-2.1498E-03	5.3599E-01
9.8700000E+00	-2.8967E-03	5.2364E-01
9.8800000E+00	-3.5977E-03	5.1102E-01
9.8900000E+00	-4.1937E-03	4.9803E-01
9.9000000E+00	-4.6742E-03	4.8469E-01
9.9100000E+00	-4.9926E-03	4.7170E-01
9.9200000E+00	-5.3641E-03	4.5839E-01
9.9300000E+00	-5.5978E-03	4.4541E-01
9.9400000E+00	-5.7565E-03	4.3275E-01
9.9500000E+00	-5.8210E-03	4.2073E-01
9.9600000E+00	-5.8735E-03	4.0875E-01
9.9700000E+00	-5.9238E-03	3.9774E-01
9.9800000E+00	-5.8572E-03	3.8739E-01
9.9900000E+00	-5.7308E-03	3.7774E-01
1.0000000E+01	-5.6143E-03	3.6909E-01
1.0010000E+01	-5.3795E-03	3.6172E-01
1.0020000E+01	-5.1759E-03	3.5508E-01
1.0030000E+01	-4.9202E-03	3.4942E-01
1.0040000E+01	-4.6197E-03	3.4507E-01
1.0050000E+01	-4.2383E-03	3.4210E-01
1.0060000E+01	-3.8393E-03	3.4010E-01
1.0070000E+01	-3.3563E-03	3.3978E-01
1.0080000E+01	-2.8414E-03	3.4042E-01
1.0090000E+01	-2.3791E-03	3.4212E-01
1.0100000E+01	-1.7964E-03	3.4543E-01
1.0110000E+01	-1.3115E-03	3.4976E-01
1.0120000E+01	-7.0823E-04	3.5544E-01
1.0130000E+01	-1.5328E-04	3.6207E-01
1.0140000E+01	5.4542E-04	3.7007E-01
1.0150000E+01	1.1216E-03	3.7910E-01
1.0160000E+01	1.7656E-03	3.8909E-01
1.0170000E+01	2.3349E-03	3.9977E-01
1.0180000E+01	3.0091E-03	4.1141E-01
1.0190000E+01	3.7096E-03	4.2373E-01
1.0200000E+01	4.4234E-03	4.3671E-01
1.0210000E+01	5.1642E-03	4.5007E-01
1.0220000E+01	5.9919E-03	4.6403E-01
1.0230000E+01	6.8306E-03	4.7802E-01
1.0240000E+01	7.6685E-03	4.9236E-01
1.0250000E+01	8.3179E-03	5.0636E-01
1.0260000E+01	8.8283E-03	5.1936E-01
1.0270000E+01	9.0420E-03	5.3234E-01
1.0280000E+01	9.0154E-03	5.4502E-01
1.0290000E+01	9.0296E-03	5.5734E-01
1.0300000E+01	8.8898E-03	5.6933E-01
1.0310000E+01	8.6508E-03	5.8033E-01
1.0320000E+01	8.3123E-03	5.9064E-01
1.0330000E+01	8.1105E-03	6.0032E-01
1.0340000E+01	7.8909E-03	6.0932E-01
1.0350000E+01	7.4531E-03	6.1696E-01
1.0360000E+01	7.2339E-03	6.2362E-01
1.0370000E+01	6.7992E-03	6.2927E-01
1.0380000E+01	6.4582E-03	6.3361E-01
1.0390000E+01	6.0619E-03	6.3692E-01
1.0400000E+01	5.7055E-03	6.3896E-01
1.0410000E+01	5.1789E-03	6.3963E-01
1.0420000E+01	4.6955E-03	6.3926E-01
1.0430000E+01	4.1682E-03	6.3761E-01
1.0440000E+01	3.5638E-03	6.3428E-01
1.0450000E+01	3.1092E-03	6.3028E-01
1.0460000E+01	2.4645E-03	6.2462E-01
1.0470000E+01	1.8762E-03	6.1798E-01
1.0480000E+01	1.2718E-03	6.1027E-01
1.0490000E+01	6.2910E-04	6.0132E-01
1.0500000E+01	8.8181E-05	5.9167E-01
1.0510000E+01	-5.3605E-04	5.8096E-01
1.0520000E+01	-1.1916E-03	5.6935E-01
1.0530000E+01	-2.0171E-03	5.5698E-01
1.0540000E+01	-2.5881E-03	5.4431E-01
1.0550000E+01	-3.3396E-03	5.3068E-01
1.0560000E+01	-3.9963E-03	5.1704E-01
1.0570000E+01	-4.6193E-03	5.0303E-01
1.0580000E+01	-5.1530E-03	4.8868E-01
1.0590000E+01	-5.6475E-03	4.7404E-01
1.0600000E+01	-5.9194E-03	4.5968E-01
1.0610000E+01	-6.1722E-03	4.4572E-01
1.0620000E+01	-6.3477E-03	4.3170E-01
1.0630000E+01	-6.4848E-03	4.1839E-01
1.0640000E+01	-6.6405E-03	4.0506E-01
1.0650000E+01	-6.6549E-03	3.9271E-01
1.0660000E+01	-6.6028E-03	3.8107E-01
1.0670000E+01	-6.5355E-03	3.7006E-01
1.0680000E+01	-6.3999E-03	3.6007E-01
1.0690000E+01	-6.2556E-03	3.5111E-01
1.0700000E+01	-6.0665E-03	3.4310E-01
1.0710000E+01	-5.8129E-03	3.3606E-01
1.0720000E+01	-5.5766E-03	3.3047E-01
1.0730000E+01	-5.2161E-03	3.2579E-01
1.0740000E+01	-4.7833E-03	3.2242E-01
1.0750000E+01	-4.4247E-03	3.2049E-01
1.0760000E+01	-3.8284E-03	3.1979E-01
1.0770000E+01	-3.4754E-03	3.2011E-01
1.0780000E+01	-2.9351E-03	3.2177E-01
1.0790000E+01	-2.3863E-03	3.2478E-01
1.0800000E+01	-1.7647E-03	3.2911E-01
1.0810000E+01	-1.2502E-03	3.3446E-01
1.0820000E+01	-6.8649E-04	3.4078E-01
1.0830000E+01	1.8152E-05	3.4841E-01
1.0840000E+01	5.4681E-04	3.5674E-01
1.0850000E+01	1.0439E-03	3.6642E-01
1.0860000E+01	1.6102E-03	3.7642E-01
1.0870000E+01	2.2978E-03	3.8742E-01
1.0880000E+01	2.9780E-03	3.9908E-01
1.0890000E+01	3.4607E-03	4.1144E-01
1.0900000E+01	4.1003E-03	4.2406E-01
1.0910000E+01	4.6835E-03	4.3705E-01
1.0920000E+01	5.2523E-03	4.5004E-01
1.0930000E+01	5.9450E-03	4.6338E-01
1.0940000E+01	6.5580E-03	4.7638E-01
1.0950000E+01	7.1110E-03	4.8937E-01
1.0960000E+01	7.7842E-03	5.0238E-01
1.0970000E+01	8.1799E-03	5.1469E-01
1.0980000E+01	8.3728E-03	5.2668E-01
1.0990000E+01	8.2448E-03	5.3770E-01
1.1000000E+01	8.1381E-03	5.4834E-01
1.1010000E+01	7.9478E-03	5.5834E-01
1.1020000E+01	7.6693E-03	5.6732E-01
1.1030000E+01	7.3629E-03	5.7533E-01
1.1040000E+01	7.0480E-03	5.8235E-01
1.1050000E+01	6.5501E-03	5.8798E-01
1.1060000E+01	6.1343E-03	5.9298E-01
1.1070000E+01	5.6951E-03	5.9630E-01
1.1080000E+01	5.3522E-03	5.9864E-01
1.1090000E+01	4.7262E-03	5.9965E-01
1.1100000E+01	4.2818E-03	5.9966E-01
1.1110000E+01	3.7255E-03	5.9797E-01
1.1120000E+01	3.2430E-03	5.9531E-01
1.1130000E+01	2.6169E-03	5.9131E-01
1.1140000E+01	2.0718E-03	5.8597E-01
1.1150000E+01	1.4557E-03	5.7967E-01
1.1160000E+01	7.4580E-04	5.7229E-01
1.1170000E+01	2.2352E-04	5.6364E-01
1.1180000E+01	-5.3593E-04	5.5401E-01
1.1190000E+01	-1.2739E-03	5.4333E-01
1.1200000E+01	-1.9709E-03	5.3201E-01
1.1210000E+01	-2.6606E-03	5.2002E-01
1.1220000E+01	-3.4019E-03	5.0736E-01
1.1230000E+01	-3.9806E-03	4.9401E-01
1.1240000E+01	-4.5870E-03	4.8038E-01
1.1250000E+01	-5.0881E-03	4.6637E-01
1.1260000E+01	-5.4212E-03	4.5203E-01
1.1270000E+01	-5.8328E-03	4.3773E-01
1.1280000E+01	-6.1138E-03	4.2305E-01
1.1290000E+01	-6.2714E-03	4.0906E-01
1.1300000E+01	-6.5032E-03	3.9509E-01
1.1310000E+01	-6.6276E-03	3.8141E-01
1.1320000E+01	-6.7096E-03	3.6811E-01
1.1330000E+01	-6.7760E-03	3.5579E-01
1.1340000E+01	-6.7578E-03	3.4380E-01
1.1350000E+01	-6.8489E-03	3.3276E-01
1.1360000E+01	-6.7102E-03	3.2243E-01
1.1370000E+01	-6.6324E-03	3.1311E-01
1.1380000E+01	-6.4590E-03	3.0480E-01
1.1390000E+01	-6.2979E-03	2.9780E-01
1.1400000E+01	-6.0368E-03	2.9179E-01
1.1410000E+01	-5.7698E-03	2.8677E-01
1.1420000E+01	-5.3479E-03	2.8311E-01
1.1430000E+01	-5.0016E-03	2.8077E-01
1.1440000E+01	-4.4875E-03	2.7980E-01
1.1450000E+01	-4.0578E-03	2.7981E-01
1.1460000E+01	-3.4106E-03	2.8145E-01
1.1470000E+01	-2.8804E-03	2.8412E-01
1.1480000E+01	-2.3184E-03	2.8780E-01
1.1490000E+01	-1.6789E-03	2.9313E-01
1.1500000E+01	-1.0866E-03	2.9914E-01
1.1510000E+01	-5.4837E-04	3.0646E-01
1.1520000E+01	5.9055E-05	3.1479E-01
1.1530000E+01	7.1787E-04	3.2410E-01
1.1540000E+01	1.2735E-03	3.3413E-01
1.1550000E+01	1.7936E-03	3.4511E-01
1.1560000E+01	2.4082E-03	3.5644E-01
1.1570000E+01	2.9007E-03	3.6844E-01
1.1580000E+01	3.4012E-03	3.8111E-01
1.1590000E+01	3.8964E-03	3.9374E-01
1.1600000E+01	4.4895E-03	4.0711E-01
1.1610000E+01	4.9207E-03	4.2008E-01
1.1620000E+01	5.4620E-03	4.3338E-01
1.1630000E+01	5.8675E-03	4.4638E-01
1.1640000E+01	6.4199E-03	4.5938E-01
1.1650000E+01	6.7887E-03	4.7170E-01
1.1660000E+01	7.2736E-03	4.8372E-01
1.1670000E+01	7.6096E-03	4.9537E-01
1.1680000E+01	7.8070E-03	5.0601E-01
1.1690000E+01	7.8983E-03	5.1600E-01
1.1700000E+01	7.8978E-03	5.2534E-01
1.1710000E+01	7.5448E-03	5.3333E-01
1.1720000E+01	7.2177E-03	5.4066E-01
1.1730000E+01	6.8221E-03	5.4698E-01
1.1740000E+01	6.3501E-03	5.5201E-01
1.1750000E+01	5.8569E-03	5.5567E-01
1.1760000E+01	5.3112E-03	5.5831E-01
1.1770000E+01	4.7157E-03	5.5966E-01
1.1780000E+01	4.2048E-03	5.5968E-01
1.1790000E+01	3.6143E-03	5.5836E-01
1.1800000E+01	3.0219E-03	5.5601E-01
1.1810000E+01	2.3812E-03	5.5234E-01
1.1820000E+01	1.7175E-03	5.4732E-01
1.1830000E+01	1.1748E-03	5.4136E-01
1.1840000E+01	5.1726E-04	5.3399E-01
1.1850000E+01	-3.5328E-04	5.2568E-01
1.1860000E+01	-9.8090E-04	5.1637E-01
1.1870000E+01	-1.7419E-03	5.0604E-01
1.1880000E+01	-2.3118E-03	4.9503E-01
1.1890000E+01	-3.0932E-03	4.8303E-01
1.1900000E+01	-3.6081E-03	4.7036E-01
1.1910000E+01	-4.1366E-03	4.5704E-01
1.1920000E+01	-4.5972E-03	4.4342E-01
1.1930000E+01	-5.0278E-03	4.2936E-01
1.1940000E+01	-5.3694E-03	4.1540E-01
1.1950000E+01	-5.7323E-03	4.0105E-01
1.1960000E+01	-6.0189E-03	3.8642E-01
1.1970000E+01	-6.3247E-03	3.7241E-01
1.1980000E+01	-6.5686E-03	3.5810E-01
1.1990000E+01	-6.6539E-03	3.4443E-01
1.2000000E+01	-6.8206E-03	3.3143E-01
1.2010000E+01	-7.0724E-03	3.1845E-01
1.2020000E+01	-7.0582E-03	3.0646E-01
1.2030000E+01	-7.1477E-03	2.9513E-01
1.2040000E+01	-7.1328E-03	2.8476E-01
1.2050000E+01	-7.0107E-03	2.7514E-01
1.2060000E+01	-6.8534E-03	2.6680E-01
1.2070000E+01	-6.7139E-03	2.5950E-01
1.2080000E+01	-6.4485E-03	2.5313E-01
1.2090000E+01	-6.1861E-03	2.4780E-01
1.2100000E+01	-5.8159E-03	2.4383E-01
1.2110000E+01	-5.4040E-03	2.4115E-01
1.2120000E+01	-4.8467E-03	2.3982E-01
1.2130000E+01	-4.4128E-03	2.3984E-01
1.2140000E+01	-3.9659E-03	2.4080E-01
1.2150000E+01	-3.3126E-03	2.4315E-01
1.2160000E+01	-2.7451E-03	2.4678E-01
1.2170000E+01	-2.1292E-03	2.5180E-01
1.2180000E+01	-1.5886E-03	2.5779E-01
1.2190000E+01	-8.9915E-04	2.6480E-01
1.2200000E+01	-2.2752E-04	2.7283E-01
1.2210000E+01	3.2969E-04	2.8181E-01
1.2220000E+01	9.8347E-04	2.9178E-01
1.2230000E+01	1.5899E-03	3.0244E-01
1.2240000E+01	2.0788E-03	3.1379E-01
1.2250000E+01	2.6381E-03	3.2576E-01
1.2260000E+01	3.2251E-03	3.3808E-01
1.2270000E+01	3.5732E-03	3.5077E-01
1.2280000E+01	4.1059E-03	3.6377E-01
1.2290000E+01	4.5391E-03	3.7710E-01
1.2300000E+01	4.9377E-03	3.9042E-01
1.2310000E+01	5.2866E-03	4.0340E-01
1.2320000E+01	5.7139E-03	4.1638E-01
1.2330000E+01	6.0380E-03	4.2904E-01
1.2340000E+01	6.2142E-03	4.4102E-01
1.2350000E+01	6.6549E-03	4.5272E-01
1.2360000E+01	6.9234E-03	4.6370E-01
1.2370000E+01	6.9868E-03	4.7368E-01
1.2380000E+01	7.1661E-03	4.8335E-01
1.2390000E+01	7.1323E-03	4.9172E-01
1.2400000E+01	7.0764E-03	4.9901E-01
1.2410000E+01	6.9156E-03	5.0570E-01
1.2420000E+01	6.4770E-03	5.1070E-01
1.2430000E+01	6.1770E-03	5.1502E-01
1.2440000E+01	5.5837E-03	5.1766E-01
1.2450000E+01	5.0340E-03	5.1935E-01
1.2460000E+01	4.4232E-03	5.1970E-01
1.2470000E+01	3.7970E-03	5.1901E-01
1.2480000E+01	3.1410E-03	5.1671E-01
1.2490000E+01	2.4528E-03	5.1336E-01
1.2500000E+01	1.7542E-03	5.0868E-01
1.2510000E+01	9.3387E-04	5.0270E-01
1.2520000E+01	2.8715E-04	4.9572E-01
1.2530000E+01	-4.1926E-04	4.8772E-01
1.2540000E+01	-9.9676E-04	4.7869E-01
1.2550000E+01	-1.7037E-03	4.6868E-01
1.2560000E+01	-2.3160E-03	4.5771E-01
1.2570000E+01	-2.8841E-03	4.4572E-01
1.2580000E+01	-3.4270E-03	4.3340E-01
1.2590000E+01	-3.9522E-03	4.2039E-01
1.2600000E+01	-4.4162E-03	4.0673E-01
1.2610000E+01	-4.8419E-03	3.9270E-01
1.2620000E+01	-5.2434E-03	3.7875E-01
1.2630000E+01	-5.6351E-03	3.6443E-01
1.2640000E+01	-5.9626E-03	3.5010E-01
1.2650000E+01	-6.2722E-03	3.3576E-01
1.2660000E+01	-6.5705E-03	3.2144E-01
1.2670000E+01	-6.7985E-03	3.0777E-01
1.2680000E+01	-6.9861E-03	2.9442E-01
1.2690000E+01	-7.1725E-03	2.8144E-01
1.2700000E+01	-7.2606E-03	2.6911E-01
1.2710000E+01	-7.3038E-03	2.5778E-01
1.2720000E+01	-7.2768E-03	2.4714E-01
1.2730000E+01	-7.2357E-03	2.3748E-01
1.2740000E+01	-7.1514E-03	2.2883E-01
1.2750000E+01	-6.9800E-03	2.2082E-01
1.2760000E+01	-6.5849E-03	2.1449E-01
1.2770000E+01	-6.3924E-03	2.0882E-01
1.2780000E+01	-5.9791E-03	2.0485E-01
1.2790000E+01	-5.5708E-03	2.0183E-01
1.2800000E+01	-5.1089E-03	2.0015E-01
1.2810000E+01	-4.6223E-03	1.9985E-01
1.2820000E+01	-4.1227E-03	2.0050E-01
1.2830000E+01	-3.6629E-03	2.0250E-01
1.2840000E+01	-3.0604E-03	2.0580E-01
1.2850000E+01	-2.4708E-03	2.1048E-01
1.2860000E+01	-1.8183E-03	2.1615E-01
1.2870000E+01	-1.2070E-03	2.2317E-01
1.2880000E+01	-5.9030E-04	2.3082E-01
1.2890000E+01	-1.9280E-05	2.3948E-01
1.2900000E+01	6.8785E-04	2.4948E-01
1.2910000E+01	1.2076E-03	2.5982E-01
1.2920000E+01	1.8494E-03	2.7112E-01
1.2930000E+01	2.3545E-03	2.8277E-01
1.2940000E+01	3.0117E-03	2.9515E-01
1.2950000E+01	3.4329E-03	3.0780E-01
1.2960000E+01	3.8578E-03	3.2078E-01
1.2970000E+01	4.3620E-03	3.3412E-01
1.2980000E+01	4.6920E-03	3.4709E-01
1.2990000E+01	5.0348E-03	3.6042E-01
1.3000000E+01	5.3107E-03	3.7340E-01
1.3010000E+01	5.5632E-03	3.8607E-01
1.3020000E+01	5.8608E-03	3.9841E-01
1.3030000E+01	6.0075E-03	4.1008E-01
1.3040000E+01	6.2317E-03	4.2107E-01
1.3050000E+01	6.2490E-03	4.3143E-01
1.3060000E+01	6.3966E-03	4.4106E-01
1.3070000E+01	6.3960E-03	4.4973E-01
1.3080000E+01	6.4040E-03	4.5738E-01
1.3090000E+01	6.1841E-03	4.6404E-01
1.3100000E+01	6.0608E-03	4.6971E-01
1.3110000E+01	5.5782E-03	4.7407E-01
1.3120000E+01	5.3521E-03	4.7739E-01
1.3130000E+01	4.7613E-03	4.7907E-01
1.3140000E+01	4.2921E-03	4.7970E-01
1.3150000E+01	3.7297E-03	4.7934E-01
1.3160000E+01	3.0536E-03	4.7738E-01
1.3170000E+01	2.3039E-03	4.7437E-01
1.3180000E+01	1.8225E-03	4.7002E-01
1.3190000E+01	1.0631E-03	4.6436E-01
1.3200000E+01	4.3282E-04	4.5770E-01
1.3210000E+01	-2.1634E-04	4.4974E-01
1.3220000E+01	-8.8025E-04	4.4072E-01
1.3230000E+01	-1.5041E-03	4.3104E-01
1.3240000E+01	-2.0294E-03	4.2040E-01
1.3250000E+01	-2.6632E-03	4.0872E-01
1.3260000E+01	-3.1700E-03	3.9639E-01
1.3270000E+01	-3.7775E-03	3.8340E-01
1.3280000E+01	-4.1713E-03	3.7005E-01
1.3290000E+01	-4.7398E-03	3.5609E-01
1.3300000E+01	-5.0983E-03	3.4213E-01
1.3310000E+01	-5.6005E-03	3.2774E-01
1.3320000E+01	-6.0006E-03	3.1343E-01
1.3330000E+01	-6.3400E-03	2.9912E-01
1.3340000E+01	-6.5968E-03	2.8478E-01
1.3350000E+01	-6.9224E-03	2.7081E-01
1.3360000E+01	-7.0870E-03	2.5747E-01
1.3370000E+01	-7.3396E-03	2.4447E-01
1.3380000E+01	-7.3414E-03	2.3216E-01
1.3390000E+01	-7.4873E-03	2.2046E-01
1.3400000E+01	-7.3986E-03	2.0952E-01
1.3410000E+01	-7.2880E-03	1.9952E-01
1.3420000E+01	-7.0678E-03	1.9051E-01
1.3430000E+01	-6.9164E-03	1.8286E-01
1.3440000E+01	-6.5645E-03	1.7581E-01
1.3450000E+01	-6.3461E-03	1.7018E-01
1.3460000E+01	-5.9743E-03	1.6587E-01
1.3470000E+01	-5.5855E-03	1.6254E-01
1.3480000E+01	-5.1577E-03	1.6054E-01
1.3490000E+01	-4.7385E-03	1.5983E-01
1.3500000E+01	-4.1540E-03	1.6020E-01
1.3510000E+01	-3.7645E-03	1.6221E-01
1.3520000E+01	-3.1608E-03	1.6519E-01
1.3530000E+01	-2.6760E-03	1.6952E-01
1.3540000E+01	-2.0409E-03	1.7484E-01
1.3550000E+01	-1.5692E-03	1.8119E-01
1.3560000E+01	-9.1508E-04	1.8885E-01
1.3570000E+01	-3.6193E-04	1.9749E-01
1.3580000E+01	2.7298E-04	2.0717E-01
1.3590000E+01	7.1876E-04	2.1752E-01
1.3600000E+01	1.4520E-03	2.2847E-01
1.3610000E+01	1.9937E-03	2.4014E-01
1.3620000E+01	2.6568E-03	2.5216E-01
1.3630000E+01	3.0935E-03	2.6479E-01
1.3640000E+01	3.6358E-03	2.7779E-01
1.3650000E+01	4.1288E-03	2.9113E-01
1.3660000E+01	4.4404E-03	3.0414E-01
1.3670000E+01	4.7912E-03	3.1741E-01
1.3680000E+01	5.1727E-03	3.3047E-01
1.3690000E+01	5.2851E-03	3.4311E-01
1.3700000E+01	5.6729E-03	3.5546E-01
1.3710000E+01	5.6757E-03	3.6744E-01
1.3720000E+01	5.8351E-03	3.7874E-01
1.3730000E+01	5.9134E-03	3.8908E-01
1.3740000E+01	5.9801E-03	3.9908E-01
1.3750000E+01	5.8966E-03	4.0773E-01
1.3760000E+01	5.7325E-03	4.1572E-01
1.3770000E+01	5.7163E-03	4.2271E-01
1.3780000E+01	5.5371E-03	4.2839E-01
1.3790000E+01	5.1622E-03	4.3307E-01
1.3800000E+01	4.9336E-03	4.3674E-01
1.3810000E+01	4.4307E-03	4.3873E-01
1.3820000E+01	4.0566E-03	4.3973E-01
1.3830000E+01	3.4494E-03	4.3943E-01
1.3840000E+01	3.0104E-03	4.3804E-01
1.3850000E+01	2.3334E-03	4.3506E-01
1.3860000E+01	1.7832E-03	4.3104E-01
1.3870000E+01	1.1789E-03	4.2574E-01
1.3880000E+01	5.6937E-04	4.1937E-01
1.3890000E+01	-8.8677E-05	4.1176E-01
1.3900000E+01	-6.5298E-04	4.0305E-01
1.3910000E+01	-1.3110E-03	3.9339E-01
1.3920000E+01	-1.8688E-03	3.8275E-01
1.3930000E+01	-2.4586E-03	3.7142E-01
1.3940000E+01	-3.0025E-03	3.5945E-01
1.3950000E+01	-3.6473E-03	3.4641E-01
1.3960000E+01	-4.1208E-03	3.3308E-01
1.3970000E+01	-4.6912E-03	3.1947E-01
1.3980000E+01	-5.1086E-03	3.0542E-01
1.3990000E+01	-5.6252E-03	2.9113E-01
1.4000000E+01	-5.9710E-03	2.7677E-01
1.4010000E+01	-6.3628E-03	2.6246E-01
1.4020000E+01	-6.6584E-03	2.4813E-01
1.4030000E+01	-6.9495E-03	2.3414E-01
1.4040000E+01	-7.0938E-03	2.2047E-01
1.4050000E+01	-7.2475E-03	2.0749E-01
1.4060000E+01	-7.2927E-03	1.9481E-01
1.4070000E+01	-7.3349E-03	1.8316E-01
1.4080000E+01	-7.2237E-03	1.7215E-01
1.4090000E+01	-7.1434E-03	1.6185E-01
1.4100000E+01	-7.0698E-03	1.5249E-01
1.4110000E+01	-6.8077E-03	1.4453E-01
1.4120000E+01	-6.5053E-03	1.3749E-01
1.4130000E+01	-6.2130E-03	1.3152E-01
1.4140000E+01	-5.9345E-03	1.2651E-01
1.4150000E+01	-5.5234E-03	1.2319E-01
1.4160000E+01	-5.1710E-03	1.2083E-01
1.4170000E+01	-4.8210E-03	1.1987E-01
1.4180000E+01	-4.3190E-03	1.2018E-01
1.4190000E+01	-3.8628E-03	1.2154E-01
1.4200000E+01	-3.2484E-03	1.2420E-01
1.4210000E+01	-2.8164E-03	1.2818E-01
1.4220000E+01	-2.1603E-03	1.3353E-01
1.4230000E+01	-1.6697E-03	1.3985E-01
1.4240000E+01	-1.1290E-03	1.4718E-01
1.4250000E+01	-5.5545E-04	1.5552E-01
1.4260000E+01	1.0843E-06	1.6486E-01
1.4270000E+01	5.0290E-04	1.7483E-01
1.4280000E+01	1.1311E-03	1.8585E-01
1.4290000E+01	1.7683E-03	1.9718E-01
1.4300000E+01	2.2333E-03	2.0945E-01
1.4310000E+01	2.8663E-03	2.2182E-01
1.4320000E+01	3.4171E-03	2.3481E-01
1.4330000E+01	3.8236E-03	2.4778E-01
1.4340000E+01	4.2412E-03	2.6115E-01
1.4350000E+01	4.5931E-03	2.7444E-01
1.4360000E+01	4.9443E-03	2.8744E-01
1.4370000E+01	5.1542E-03	3.0012E-01
1.4380000E+01	5.5583E-03	3.1278E-01
1.4390000E+01	5.6421E-03	3.2480E-01
1.4400000E+01	5.7264E-03	3.3609E-01
1.4410000E+01	5.6885E-03	3.4674E-01
1.4420000E+01	5.8026E-03	3.5675E-01
1.4430000E+01	5.6929E-03	3.6576E-01
1.4440000E+01	5.6252E-03	3.7406E-01
1.4450000E+01	5.4012E-03	3.8107E-01
1.4460000E+01	5.2607E-03	3.8741E-01
1.4470000E+01	4.9386E-03	3.9210E-01
1.4480000E+01	4.6272E-03	3.9609E-01
1.4490000E+01	4.2073E-03	3.9843E-01
1.4500000E+01	3.7763E-03	3.9972E-01
1.4510000E+01	3.3382E-03	3.9972E-01
1.4520000E+01	2.9473E-03	3.9841E-01
1.4530000E+01	2.3722E-03	3.9575E-01
1.4540000E+01	1.8925E-03	3.9209E-01
1.4550000E+01	1.2032E-03	3.8710E-01
1.4560000E+01	6.8158E-04	3.8111E-01
1.4570000E+01	2.8061E-05	3.7376E-01
1.4580000E+01	-5.5823E-04	3.6510E-01
1.4590000E+01	-1.1990E-03	3.5575E-01
1.4600000E+01	-1.7861E-03	3.4545E-01
1.4610000E+01	-2.4245E-03	3.3408E-01
1.4620000E+01	-2.9962E-03	3.2211E-01
1.4630000E+01	-3.5440E-03	3.0942E-01
1.4640000E+01	-4.0533E-03	2.9646E-01
1.4650000E+01	-4.6452E-03	2.8278E-01
1.4660000E+01	-5.0639E-03	2.6877E-01
1.4670000E+01	-5.6080E-03	2.5448E-01
1.4680000E+01	-5.9423E-03	2.4012E-01
1.4690000E+01	-6.2727E-03	2.2582E-01
1.4700000E+01	-6.6021E-03	2.1147E-01
1.4710000E+01	-6.8127E-03	1.9748E-01
1.4720000E+01	-6.9171E-03	1.8385E-01
1.4730000E+01	-7.0458E-03	1.7047E-01
1.4740000E+01	-7.1288E-03	1.5783E-01
1.4750000E+01	-7.1291E-03	1.4582E-01
1.4760000E+01	-7.1743E-03	1.3451E-01
1.4770000E+01	-7.0314E-03	1.2419E-01
1.4780000E+01	-6.7933E-03	1.1485E-01
1.4790000E+01	-6.7244E-03	1.0621E-01
1.4800000E+01	-6.5069E-03	9.8881E-02
1.4810000E+01	-6.1860E-03	9.2535E-02
1.4820000E+01	-5.9435E-03	8.7504E-02
1.4830000E+01	-5.5891E-03	8.3864E-02
1.4840000E+01	-5.1206E-03	8.1218E-02
1.4850000E+01	-4.7727E-03	7.9901E-02
1.4860000E+01	-4.3294E-03	7.9877E-02
1.4870000E+01	-3.8761E-03	8.1229E-02
1.4880000E+01	-3.3997E-03	8.3549E-02
1.4890000E+01	-2.8835E-03	8.7182E-02
1.4900000E+01	-2.3712E-03	9.2211E-02
1.4910000E+01	-1.8248E-03	9.8179E-02
1.4920000E+01	-1.3049E-03	1.0520E-01
1.4930000E+01	-7.6334E-04	1.1353E-01
1.4940000E+01	-3.0861E-04	1.2252E-01
1.4950000E+01	3.2253E-04	1.3257E-01
1.4960000E+01	7.9306E-04	1.4317E-01
1.4970000E+01	1.3066E-03	1.5454E-01
1.4980000E+01	1.8696E-03	1.6652E-01
1.4990000E+01	2.3649E-03	1.7881E-01
1.5000000E+01	2.8724E-03	1.9184E-01
1.5010000E+01	3.3212E-03	2.0484E-01
1.5020000E+01	3.8414E-03	2.1817E-01
1.5030000E+01	4.2641E-03	2.3116E-01
1.5040000E+01	4.5670E-03	2.4444E-01
1.5050000E+01	4.9575E-03	2.5716E-01
1.5060000E+01	5.1783E-03	2.6981E-01
1.5070000E+01	5.3362E-03	2.8176E-01
1.5080000E+01	5.4578E-03	2.9346E-01
1.5090000E+01	5.5216E-03	3.0447E-01
1.5100000E+01	5.6681E-03	3.1446E-01
1.5110000E+01	5.5471E-03	3.2378E-01
1.5120000E+01	5.5520E-03	3.3244E-01
1.5130000E+01	5.2111E-03	3.3979E-01
1.5140000E+01	5.0681E-03	3.4612E-01
1.5150000E+01	4.7454E-03	3.5111E-01
1.5160000E+01	4.5444E-03	3.5508E-01
1.5170000E+01	4.1889E-03	3.5807E-01
1.5180000E+01	3.6994E-03	3.5942E-01
1.5190000E+01	3.3255E-03	3.5974E-01
1.5200000E+01	2.8695E-03	3.5875E-01
1.5210000E+01	2.3278E-03	3.5677E-01
1.5220000E+01	1.8465E-03	3.5308E-01
1.5230000E+01	1.1969E-03	3.4844E-01
1.5240000E+01	6.0355E-04	3.4244E-01
1.5250000E+01	1.3756E-05	3.3544E-01
1.5260000E+01	-5.5809E-04	3.2709E-01
1.5270000E+01	-1.1521E-03	3.1809E-01
1.5280000E+01	-1.7238E-03	3.0778E-01
1.5290000E+01	-2.2996E-03	2.9677E-01
1.5300000E+01	-2.8593E-03	2.8512E-01
1.5310000E+01	-3.4840E-03	2.7244E-01
1.5320000E+01	-4.0270E-03	2.5950E-01
1.5330000E+01	-4.6352E-03	2.4580E-01
1.5340000E+01	-4.9544E-03	2.3214E-01
1.5350000E+01	-5.4108E-03	2.1781E-01
1.5360000E+01	-5.7791E-03	2.0347E-01
1.5370000E+01	-6.1436E-03	1.8916E-01
1.5380000E+01	-6.3724E-03	1.7484E-01
1.5390000E+01	-6.5534E-03	1.6048E-01
1.5400000E+01	-6.7185E-03	1.4683E-01
1.5410000E+01	-6.7675E-03	1.3352E-01
1.5420000E+01	-6.9090E-03	1.2084E-01
1.5430000E+01	-6.8896E-03	1.0853E-01
1.5440000E+01	-6.9993E-03	9.7197E-02
1.5450000E+01	-6.7822E-03	8.6568E-02
1.5460000E+01	-6.7419E-03	7.6895E-02
1.5470000E+01	-6.5200E-03	6.8199E-02
1.5480000E+01	-6.4213E-03	6.0553E-02
1.5490000E+01	-6.0989E-03	5.4242E-02
1.5500000E+01	-5.7932E-03	4.8905E-02
1.5510000E+01	-5.5883E-03	4.4554E-02
1.5520000E+01	-5.1574E-03	4.1888E-02
1.5530000E+01	-4.8098E-03	4.0264E-02
1.5540000E+01	-4.3869E-03	3.9882E-02
1.5550000E+01	-3.9679E-03	4.0562E-02
1.5560000E+01	-3.4620E-03	4.2903E-02
1.5570000E+01	-3.0207E-03	4.6220E-02
1.5580000E+01	-2.4720E-03	5.0865E-02
1.5590000E+01	-1.9777E-03	5.6580E-02
1.5600000E+01	-1.4124E-03	6.3560E-02
1.5610000E+01	-8.4379E-04	7.1564E-02
1.5620000E+01	-4.0516E-04	8.0201E-02
1.5630000E+01	1.0008E-04	9.0195E-02
1.5640000E+01	6.3961E-04	1.0054E-01
1.5650000E+01	1.1321E-03	1.1190E-01
1.5660000E+01	1.5378E-03	1.2387E-01
1.5670000E+01	2.1111E-03	1.3620E-01
1.5680000E+01	2.5628E-03	1.4884E-01
1.5690000E+01	2.9489E-03	1.6184E-01
1.5700000E+01	3.3751E-03	1.7485E-01
1.5710000E+01	3.6672E-03	1.8815E-01
1.5720000E+01	4.1923E-03	2.0148E-01
1.5730000E+01	4.5137E-03	2.1415E-01
1.5740000E+01	4.8378E-03	2.2679E-01
1.5750000E+01	5.0567E-03	2.3912E-01
1.5760000E+01	5.2298E-03	2.5078E-01
1.5770000E+01	5.3198E-03	2.6177E-01
1.5780000E+01	5.3647E-03	2.7216E-01
1.5790000E+01	5.3719E-03	2.8177E-01
1.5800000E+01	5.3005E-03	2.9046E-01
1.5810000E+01	5.2337E-03	2.9812E-01
1.5820000E+01	5.0160E-03	3.0476E-01
1.5830000E+01	4.7712E-03	3.1011E-01
1.5840000E+01	4.4488E-03	3.1446E-01
1.5850000E+01	4.0106E-03	3.1745E-01
1.5860000E+01	3.7256E-03	3.1943E-01
1.5870000E+01	3.2475E-03	3.1980E-01
1.5880000E+01	2.8454E-03	3.1911E-01
1.5890000E+01	2.3800E-03	3.1744E-01
1.5900000E+01	1.8343E-03	3.1410E-01
1.5910000E+01	1.2028E-03	3.0977E-01
1.5920000E+01	7.2362E-04	3.0408E-01
1.5930000E+01	5.6526E-05	2.9711E-01
1.5940000E+01	-4.6565E-04	2.8913E-01
1.5950000E+01	-1.1094E-03	2.8046E-01
1.5960000E+01	-1.7387E-03	2.7045E-01
1.5970000E+01	-2.2900E-03	2.5949E-01
1.5980000E+01	-2.7941E-03	2.4780E-01
1.5990000E+01	-3.3742E-03	2.3547E-01
1.6000000E+01	-3.8593E-03	2.2249E-01
1.6010000E+01	-4.4435E-03	2.0915E-01
1.6020000E+01	-4.7910E-03	1.9515E-01
1.6030000E+01	-5.2091E-03	1.8117E-01
1.6040000E+01	-5.5110E-03	1.6684E-01
1.6050000E+01	-5.7953E-03	1.5250E-01
1.6060000E+01	-6.0122E-03	1.3816E-01
1.6070000E+01	-6.2910E-03	1.2387E-01
1.6080000E+01	-6.3783E-03	1.1018E-01
1.6090000E+01	-6.5559E-03	9.6544E-02
1.6100000E+01	-6.6402E-03	8.3528E-02
1.6110000E+01	-6.6838E-03	7.1207E-02
1.6120000E+01	-6.6459E-03	5.9893E-02
1.6130000E+01	-6.6777E-03	4.8916E-02
1.6140000E+01	-6.5679E-03	3.8927E-02
1.6150000E+01	-6.4786E-03	3.0232E-02
1.6160000E+01	-6.3478E-03	2.2257E-02
1.6170000E+01	-6.1230E-03	1.5601E-02
1.6180000E+01	-5.8778E-03	9.9259E-03
1.6190000E+01	-5.5855E-03	5.5873E-03
1.6200000E+01	-5.2223E-03	2.2304E-03
1.6210000E+01	-4.8079E-03	6.0850E-04
1.6220000E+01	-4.4025E-03	-7.5152E-05
1.6230000E+01	-4.0434E-03	2.3122E-04
1.6240000E+01	-3.5228E-03	2.2359E-03
1.6250000E+01	-3.0358E-03	5.5776E-03
1.6260000E+01	-2.5266E-03	9.9237E-03
1.6270000E+01	-2.0522E-03	1.5244E-02
1.6280000E+01	-1.5057E-03	2.1895E-02
1.6290000E+01	-1.0154E-03	2.9543E-02
1.6300000E+01	-4.9358E-04	3.8214E-02
1.6310000E+01	2.8095E-05	4.7901E-02
1.6320000E+01	4.9233E-04	5.8205E-02
1.6330000E+01	9.7613E-04	6.9239E-02
1.6340000E+01	1.4291E-03	8.0895E-02
1.6350000E+01	1.8952E-03	9.3199E-02
1.6360000E+01	2.2655E-03	1.0585E-01
1.6370000E+01	2.7088E-03	1.1885E-01
1.6380000E+01	3.1015E-03	1.3190E-01
1.6390000E+01	3.4637E-03	1.4521E-01
1.6400000E+01	3.8319E-03	1.5820E-01
1.6410000E+01	4.1283E-03	1.7121E-01
1.6420000E+01	4.4270E-03	1.8420E-01
1.6430000E+01	4.6881E-03	1.9651E-01
1.6440000E+01	4.8720E-03	2.0815E-01
1.6450000E+01	5.0020E-03	2.1948E-01
1.6460000E+01	5.0884E-03	2.2983E-01
1.6470000E+01	5.1322E-03	2.3982E-01
1.6480000E+01	5.1085E-03	2.4849E-01
1.6490000E+01	4.9897E-03	2.5646E-01
1.6500000E+01	4.8176E-03	2.6314E-01
1.6510000E+01	4.5177E-03	2.6876E-01
1.6520000E+01	4.2074E-03	2.7347E-01
1.6530000E+01	3.9392E-03	2.7677E-01
1.6540000E+01	3.5181E-03	2.7912E-01
1.6550000E+01	3.1447E-03	2.7979E-01
1.6560000E+01	2.7287E-03	2.7947E-01
1.6570000E+01	2.2653E-03	2.7780E-01
1.6580000E+01	1.7438E-03	2.7482E-01
1.6590000E+01	1.1829E-03	2.7077E-01
1.6600000E+01	6.2373E-04	2.6544E-01
1.6610000E+01	4.5425E-05	2.5879E-01
1.6620000E+01	-5.0502E-04	2.5114E-01
1.6630000E+01	-1.0208E-03	2.4246E-01
1.6640000E+01	-1.6508E-03	2.3279E-01
1.6650000E+01	-2.2814E-03	2.2216E-01
1.6660000E+01	-2.7841E-03	2.1081E-01
1.6670000E+01	-3.2508E-03	1.9850E-01
1.6680000E+01	-3.6643E-03	1.8583E-01
1.6690000E+01	-4.2064E-03	1.7247E-01
1.6700000E+01	-4.5499E-03	1.5851E-01
1.6710000E+01	-4.8769E-03	1.4450E-01
1.6720000E+01	-5.2553E-03	1.3017E-01
1.6730000E+01	-5.4889E-03	1.1585E-01
1.6740000E+01	-5.7641E-03	1.0156E-01
1.6750000E+01	-6.0867E-03	8.7193E-02
1.6760000E+01	-6.2378E-03	7.3216E-02
1.6770000E+01	-6.3541E-03	5.9866E-02
1.6780000E+01	-6.4221E-03	4.6559E-02
1.6790000E+01	-6.5533E-03	3.4226E-02
1.6800000E+01	-6.5128E-03	2.2564E-02
1.6810000E+01	-6.6750E-03	1.1592E-02
1.6820000E+01	-6.5962E-03	1.2471E-03
1.6830000E+01	-6.4988E-03	-7.7621E-03
1.6840000E+01	-6.3985E-03	-1.6073E-02
1.6850000E+01	-6.2503E-03	-2.3077E-02
1.6860000E+01	-5.9610E-03	-2.8754E-02
1.6870000E+01	-5.7174E-03	-3.3757E-02
1.6880000E+01	-5.3138E-03	-3.7052E-02
1.6890000E+01	-4.9879E-03	-3.9082E-02
1.6900000E+01	-4.6035E-03	-4.0055E-02
1.6910000E+01	-4.1250E-03	-3.9732E-02
1.6920000E+01	-3.6603E-03	-3.8380E-02
1.6930000E+01	-3.2810E-03	-3.5384E-02
1.6940000E+01	-2.6972E-03	-3.1397E-02
1.6950000E+01	-2.1666E-03	-2.6092E-02
1.6960000E+01	-1.6191E-03	-1.9738E-02
1.6970000E+01	-1.1058E-03	-1.2416E-02
1.6980000E+01	-5.7479E-04	-3.7274E-03
1.6990000E+01	-6.3246E-05	5.5866E-03
1.7000000E+01	4.1850E-04	1.5592E-02
1.7010000E+01	9.2934E-04	2.6571E-02
1.7020000E+01	1.4212E-03	3.8240E-02
1.7030000E+01	1.7175E-03	5.0201E-02
1.7040000E+01	2.2083E-03	6.2874E-02
1.7050000E+01	2.5671E-03	7.5853E-02
1.7060000E+01	2.9311E-03	8.8888E-02
1.7070000E+01	3.2047E-03	1.0219E-01
1.7080000E+01	3.5650E-03	1.1520E-01
1.7090000E+01	3.8604E-03	1.2819E-01
1.7100000E+01	4.1542E-03	1.4119E-01
1.7110000E+01	4.1758E-03	1.5351E-01
1.7120000E+01	4.4331E-03	1.6551E-01
1.7130000E+01	4.6684E-03	1.7684E-01
1.7140000E+01	4.7567E-03	1.8752E-01
1.7150000E+01	4.7949E-03	1.9749E-01
1.7160000E+01	4.6761E-03	2.0649E-01
1.7170000E+01	4.6280E-03	2.1481E-01
1.7180000E+01	4.5250E-03	2.2180E-01
1.7190000E+01	4.4182E-03	2.2784E-01
1.7200000E+01	4.1469E-03	2.3247E-01
1.7210000E+01	3.8533E-03	2.3615E-01
1.7220000E+01	3.5009E-03	2.3883E-01
1.7230000E+01	2.9748E-03	2.3984E-01
1.7240000E+01	2.5524E-03	2.3979E-01
1.7250000E+01	2.1955E-03	2.3848E-01
1.7260000E+01	1.6647E-03	2.3584E-01
1.7270000E+01	1.1804E-03	2.3179E-01
1.7280000E+01	6.1874E-04	2.2684E-01
1.7290000E+01	4.1987E-05	2.2044E-01
1.7300000E+01	-4.2084E-04	2.1315E-01
1.7310000E+01	-1.0463E-03	2.0447E-01
1.7320000E+01	-1.5353E-03	1.9515E-01
1.7330000E+01	-1.9495E-03	1.8481E-01
1.7340000E+01	-2.5477E-03	1.7351E-01
1.7350000E+01	-2.9728E-03	1.6153E-01
1.7360000E+01	-3.4328E-03	1.4882E-01
1.7370000E+01	-3.8293E-03	1.3550E-01
1.7380000E+01	-4.2057E-03	1.2182E-01
1.7390000E+01	-4.5619E-03	1.0784E-01
1.7400000E+01	-4.8875E-03	9.3520E-02
1.7410000E+01	-5.2081E-03	7.9201E-02
1.7420000E+01	-5.5429E-03	6.4877E-02
1.7430000E+01	-5.7578E-03	5.0582E-02
1.7440000E+01	-6.0313E-03	3.6548E-02
1.7450000E+01	-6.2549E-03	2.2908E-02
1.7460000E+01	-6.4181E-03	9.5761E-03
1.7470000E+01	-6.5339E-03	-3.0756E-03
1.7480000E+01	-6.5480E-03	-1.4718E-02
1.7490000E+01	-6.6098E-03	-2.6052E-02
1.7500000E+01	-6.6037E-03	-3.6414E-02
1.7510000E+01	-6.5059E-03	-4.5715E-02
1.7520000E+01	-6.3351E-03	-5.4084E-02
1.7530000E+01	-6.2836E-03	-6.1398E-02
1.7540000E+01	-5.9949E-03	-6.7699E-02
1.7550000E+01	-5.7555E-03	-7.2689E-02
1.7560000E+01	-5.5218E-03	-7.6393E-02
1.7570000E+01	-5.1005E-03	-7.8718E-02
1.7580000E+01	-4.7009E-03	-8.0037E-02
1.7590000E+01	-4.2379E-03	-8.0044E-02
1.7600000E+01	-3.8675E-03	-7.8711E-02
1.7610000E+01	-3.3312E-03	-7.6046E-02
1.7620000E+01	-2.8370E-03	-7.2364E-02
1.7630000E+01	-2.1871E-03	-6.7387E-02
1.7640000E+01	-1.7817E-03	-6.1411E-02
1.7650000E+01	-1.1803E-03	-5.4050E-02
1.7660000E+01	-7.0908E-04	-4.6073E-02
1.7670000E+01	-1.2900E-04	-3.6750E-02
1.7680000E+01	3.8201E-04	-2.6754E-02
1.7690000E+01	8.2785E-04	-1.6053E-02
1.7700000E+01	1.3727E-03	-4.7453E-03
1.7710000E+01	1.8688E-03	7.6029E-03
1.7720000E+01	2.2495E-03	1.9910E-02
1.7730000E+01	2.6289E-03	3.2885E-02
1.7740000E+01	3.0034E-03	4.5905E-02
1.7750000E+01	3.3302E-03	5.8891E-02
1.7760000E+01	3.4802E-03	7.2226E-02
1.7770000E+01	3.9087E-03	8.5221E-02
1.7780000E+01	4.0886E-03	9.8203E-02
1.7790000E+01	4.2968E-03	1.1087E-01
1.7800000E+01	4.3755E-03	1.2288E-01
1.7810000E+01	4.4615E-03	1.3420E-01
1.7820000E+01	4.4730E-03	1.4517E-01
1.7830000E+01	4.5643E-03	1.5520E-01
1.7840000E+01	4.4799E-03	1.6449E-01
1.7850000E+01	4.4416E-03	1.7286E-01
1.7860000E+01	4.2681E-03	1.8015E-01
1.7870000E+01	4.1376E-03	1.8650E-01
1.7880000E+01	3.8985E-03	1.9149E-01
1.7890000E+01	3.6190E-03	1.9550E-01
1.7900000E+01	3.3126E-03	1.9814E-01
1.7910000E+01	3.0790E-03	1.9985E-01
1.7920000E+01	2.5615E-03	1.9982E-01
1.7930000E+01	2.1711E-03	1.9881E-01
1.7940000E+01	1.6214E-03	1.9651E-01
1.7950000E+01	1.1464E-03	1.9283E-01
1.7960000E+01	6.0781E-04	1.8814E-01
1.7970000E+01	1.4401E-04	1.8218E-01
1.7980000E+01	-3.9300E-04	1.7483E-01
1.7990000E+01	-8.2714E-04	1.6685E-01
1.8000000E+01	-1.4001E-03	1.5752E-01
1.8010000E+01	-1.8275E-03	1.4716E-01
1.8020000E+01	-2.3000E-03	1.3619E-01
1.8030000E+01	-2.6810E-03	1.2420E-01
1.8040000E+01	-3.0897E-03	1.1185E-01
1.8050000E+01	-3.6421E-03	9.8546E-02
1.8060000E+01	-3.9902E-03	8.5234E-02
1.8070000E+01	-4.3461E-03	7.1230E-02
1.8080000E+01	-4.7716E-03	5.6889E-02
1.8090000E+01	-5.0907E-03	4.2550E-02
1.8100000E+01	-5.3880E-03	2.8245E-02
1.8110000E+01	-5.7053E-03	1.3900E-02
1.8120000E+01	-6.0431E-03	-1.0658E-04
1.8130000E+01	-6.1959E-03	-1.4053E-02
1.8140000E+01	-6.4209E-03	-2.7396E-02
1.8150000E+01	-6.5264E-03	-4.0066E-02
1.8160000E+01	-6.6434E-03	-5.2010E-02
1.8170000E+01	-6.7001E-03	-6.3331E-02
1.8180000E+01	-6.7180E-03	-7.4045E-02
1.8190000E+01	-6.6621E-03	-8.3671E-02
1.8200000E+01	-6.6067E-03	-9.2380E-02
1.8210000E+01	-6.3945E-03	-9.9674E-02
1.8220000E+01	-6.3111E-03	-1.0634E-01
1.8230000E+01	-5.9784E-03	-1.1136E-01
1.8240000E+01	-5.7339E-03	-1.1570E-01
1.8250000E+01	-5.3200E-03	-1.1837E-01
1.8260000E+01	-5.0158E-03	-1.1969E-01
1.8270000E+01	-4.5932E-03	-1.2005E-01
1.8280000E+01	-4.0682E-03	-1.1903E-01
1.8290000E+01	-3.5193E-03	-1.1669E-01
1.8300000E+01	-3.0422E-03	-1.1337E-01
1.8310000E+01	-2.5045E-03	-1.0873E-01
1.8320000E+01	-1.9567E-03	-1.0271E-01
1.8330000E+01	-1.4473E-03	-9.6051E-02
1.8340000E+01	-8.6551E-04	-8.8046E-02
1.8350000E+01	-3.5216E-04	-7.9039E-02
1.8360000E+01	1.9656E-04	-6.9075E-02
1.8370000E+01	7.0361E-04	-5.8730E-02
1.8380000E+01	1.2025E-03	-4.7417E-02
1.8390000E+01	1.7144E-03	-3.5390E-02
1.8400000E+01	2.1601E-03	-2.3065E-02
1.8410000E+01	2.5672E-03	-1.0404E-02
1.8420000E+01	2.9570E-03	2.9227E-03
1.8430000E+01	3.3355E-03	1.5890E-02
1.8440000E+01	3.6660E-03	2.9261E-02
1.8450000E+01	3.8838E-03	4.2235E-02
1.8460000E+01	4.0283E-03	5.5212E-02
1.8470000E+01	4.2580E-03	6.7861E-02
1.8480000E+01	4.3644E-03	7.9885E-02
1.8490000E+01	4.4565E-03	9.1526E-02
1.8500000E+01	4.5111E-03	1.0289E-01
1.8510000E+01	4.4851E-03	1.1289E-01
1.8520000E+01	4.4643E-03	1.2251E-01
1.8530000E+01	4.3822E-03	1.3119E-01
1.8540000E+01	4.1608E-03	1.3851E-01
1.8550000E+01	4.0741E-03	1.4519E-01
1.8560000E+01	3.7842E-03	1.5047E-01
1.8570000E+01	3.5825E-03	1.5486E-01
1.8580000E+01	3.2088E-03	1.5782E-01
1.8590000E+01	2.9085E-03	1.5947E-01
1.8600000E+01	2.4487E-03	1.5984E-01
1.8610000E+01	2.1369E-03	1.5918E-01
1.8620000E+01	1.6672E-03	1.5715E-01
1.8630000E+01	1.1794E-03	1.5385E-01
1.8640000E+01	6.8207E-04	1.4947E-01
1.8650000E+01	2.3314E-04	1.4351E-01
1.8660000E+01	-2.2317E-04	1.3685E-01
1.8670000E+01	-7.5444E-04	1.2885E-01
1.8680000E+01	-1.1544E-03	1.1984E-01
1.8690000E+01	-1.6519E-03	1.0987E-01
1.8700000E+01	-2.1935E-03	9.8874E-02
1.8710000E+01	-2.5829E-03	8.7183E-02
1.8720000E+01	-3.0635E-03	7.4861E-02
1.8730000E+01	-3.4453E-03	6.1916E-02
1.8740000E+01	-3.8882E-03	4.8234E-02
1.8750000E+01	-4.2984E-03	3.4575E-02
1.8760000E+01	-4.7130E-03	2.0237E-02
1.8770000E+01	-5.0819E-03	5.9134E-03
1.8780000E+01	-5.4358E-03	-8.3933E-03
1.8790000E+01	-5.7252E-03	-2.2749E-02
1.8800000E+01	-6.0237E-03	-3.7041E-02
1.8810000E+01	-6.2347E-03	-5.0732E-02
1.8820000E+01	-6.4733E-03	-6.4060E-02
1.8830000E+01	-6.6281E-03	-7.7054E-02
1.8840000E+01	-6.7642E-03	-8.9348E-02
1.8850000E+01	-6.8466E-03	-1.0100E-01
1.8860000E+01	-6.8747E-03	-1.1169E-01
1.8870000E+01	-6.7816E-03	-1.2134E-01
1.8880000E+01	-6.8039E-03	-1.3036E-01
1.8890000E+01	-6.6194E-03	-1.3799E-01
1.8900000E+01	-6.4405E-03	-1.4467E-01
1.8910000E+01	-6.2723E-03	-1.5032E-01
1.8920000E+01	-5.9677E-03	-1.5466E-01
1.8930000E+01	-5.5428E-03	-1.5766E-01
1.8940000E+01	-5.2675E-03	-1.5967E-01
1.8950000E+01	-4.7313E-03	-1.5998E-01
1.8960000E+01	-4.2815E-03	-1.5933E-01
1.8970000E+01	-3.7998E-03	-1.5732E-01
1.8980000E+01	-3.3160E-03	-1.5432E-01
1.8990000E+01	-2.6633E-03	-1.4964E-01
1.9000000E+01	-2.1762E-03	-1.4436E-01
1.9010000E+01	-1.6796E-03	-1.3771E-01
1.9020000E+01	-1.0279E-03	-1.2968E-01
1.9030000E+01	-4.4541E-04	-1.2101E-01
1.9040000E+01	4.4691E-05	-1.1135E-01
1.9050000E+01	6.1372E-04	-1.0101E-01
1.9060000E+01	1.1119E-03	-9.0033E-02
1.9070000E+01	1.5950E-03	-7.8065E-02
1.9080000E+01	2.0376E-03	-6.6077E-02
1.9090000E+01	2.5002E-03	-5.3407E-02
1.9100000E+01	2.8595E-03	-4.0437E-02
1.9110000E+01	3.2832E-03	-2.7082E-02
1.9120000E+01	3.6344E-03	-1.3730E-02
1.9130000E+01	3.8856E-03	-7.6230E-04
1.9140000E+01	4.1002E-03	1.2232E-02
1.9150000E+01	4.3144E-03	2.4921E-02
1.9160000E+01	4.4560E-03	3.7254E-02
1.9170000E+01	4.5012E-03	4.8898E-02
1.9180000E+01	4.6034E-03	6.0217E-02
1.9190000E+01	4.5876E-03	7.0561E-02
1.9200000E+01	4.5245E-03	8.0196E-02
1.9210000E+01	4.4647E-03	8.9237E-02
1.9220000E+01	4.2969E-03	9.6839E-02
1.9230000E+01	4.0749E-03	1.0353E-01
1.9240000E+01	3.8386E-03	1.0922E-01
1.9250000E+01	3.5692E-03	1.1384E-01
1.9260000E+01	3.2576E-03	1.1720E-01
1.9270000E+01	2.9780E-03	1.1917E-01
1.9280000E+01	2.5804E-03	1.1984E-01
1.9290000E+01	2.2016E-03	1.1956E-01
1.9300000E+01	1.7462E-03	1.1787E-01
1.9310000E+01	1.3391E-03	1.1484E-01
1.9320000E+01	8.2671E-04	1.1052E-01
1.9330000E+01	4.0411E-04	1.0522E-01
1.9340000E+01	-1.2246E-04	9.8540E-02
1.9350000E+01	-5.8166E-04	9.0872E-02
1.9360000E+01	-1.1056E-03	8.1876E-02
1.9370000E+01	-1.4860E-03	7.2227E-02
1.9380000E+01	-2.0255E-03	6.1533E-02
1.9390000E+01	-2.5187E-03	4.9883E-02
1.9400000E+01	-2.9158E-03	3.7882E-02
1.9410000E+01	-3.3894E-03	2.4928E-02
1.9420000E+01	-3.8718E-03	1.1590E-02
1.9430000E+01	-4.2530E-03	-2.4187E-03
1.9440000E+01	-4.7582E-03	-1.6408E-02
1.9450000E+01	-5.1328E-03	-3.0749E-02
1.9460000E+01	-5.4269E-03	-4.5041E-02
1.9470000E+01	-5.7722E-03	-5.9351E-02
1.9480000E+01	-6.1146E-03	-7.3684E-02
1.9490000E+01	-6.3038E-03	-8.7699E-02
1.9500000E+01	-6.5281E-03	-1.0101E-01
1.9510000E+01	-6.7355E-03	-1.1400E-01
1.9520000E+01	-6.9391E-03	-1.2667E-01
1.9530000E+01	-6.9813E-03	-1.3836E-01
1.9540000E+01	-7.1048E-03	-1.4931E-01
1.9550000E+01	-7.0246E-03	-1.5935E-01
1.9560000E+01	-7.0240E-03	-1.6833E-01
1.9570000E+01	-6.8303E-03	-1.7630E-01
1.9580000E+01	-6.8004E-03	-1.8331E-01
1.9590000E+01	-6.4747E-03	-1.8898E-01
1.9600000E+01	-6.2894E-03	-1.9365E-01
1.9610000E+01	-5.8373E-03	-1.9698E-01
1.9620000E+01	-5.5551E-03	-1.9931E-01
1.9630000E+01	-5.0037E-03	-1.9998E-01
1.9640000E+01	-4.5902E-03	-1.9965E-01
1.9650000E+01	-4.0768E-03	-1.9800E-01
1.9660000E+01	-3.5684E-03	-1.9501E-01
1.9670000E+01	-2.9889E-03	-1.9099E-01
1.9680000E+01	-2.4054E-03	-1.8568E-01
1.9690000E+01	-1.8273E-03	-1.7935E-01
1.9700000E+01	-1.2704E-03	-1.7169E-01
1.9710000E+01	-6.8323E-04	-1.6332E-01
1.9720000E+01	-1.4443E-04	-1.5367E-01
1.9730000E+01	4.4914E-04	-1.4369E-01
1.9740000E+01	9.2021E-04	-1.3270E-01
1.9750000E+01	1.4965E-03	-1.2105E-01
1.9760000E+01	1.9099E-03	-1.0872E-01
1.9770000E+01	2.4058E-03	-9.6376E-02
1.9780000E+01	2.7953E-03	-8.3401E-02
1.9790000E+01	3.2427E-03	-7.0060E-02
1.9800000E+01	3.4901E-03	-5.7062E-02
1.9810000E+01	3.9456E-03	-4.3751E-02
1.9820000E+01	4.0814E-03	-3.0751E-02
1.9830000E+01	4.3535E-03	-1.8100E-02
1.9840000E+01	4.5015E-03	-5.4325E-03
1.9850000E+01	4.6646E-03	6.2329E-03
1.9860000E+01	4.6470E-03	1.7559E-02
1.9870000E+01	4.7100E-03	2.8213E-02
1.9880000E+01	4.5944E-03	3.8225E-02
1.9890000E+01	4.5811E-03	4.7217E-02
1.9900000E+01	4.3898E-03	5.5189E-02
1.9910000E+01	4.2197E-03	6.2215E-02
1.9920000E+01	3.9715E-03	6.8208E-02
1.9930000E+01	3.7457E-03	7.2855E-02
1.9940000E+01	3.3671E-03	7.6522E-02
1.9950000E+01	3.0612E-03	7.8867E-02
1.9960000E+01	2.6050E-03	7.9890E-02
1.9970000E+01	2.4073E-03	7.9851E-02
1.9980000E+01	1.8824E-03	7.8222E-02
1.9990000E+01	1.4460E-03	7.5546E-02
2.0000000E+01	9.2805E-04	7.1566E-02
2.0010000E+01	5.3437E-04	6.6541E-02
2.0020000E+01	3.1543E-05	6.0217E-02
2.0030000E+01	-5.1014E-04	5.2572E-02
2.0040000E+01	-9.7480E-04	4.4253E-02
2.0050000E+01	-1.4268E-03	3.4576E-02
2.0060000E+01	-1.9136E-03	2.4231E-02
2.0070000E+01	-2.4483E-03	1.2898E-02
2.0080000E+01	-2.9319E-03	5.9878E-04
2.0090000E+01	-3.3653E-03	-1.2076E-02
2.0100000E+01	-3.8447E-03	-2.5413E-02
2.0110000E+01	-4.2430E-03	-3.9073E-02
2.0120000E+01	-4.7248E-03	-5.3060E-02
2.0130000E+01	-5.0856E-03	-6.7385E-02
2.0140000E+01	-5.4649E-03	-8.1722E-02
2.0150000E+01	-5.8502E-03	-9.6040E-02
2.0160000E+01	-6.1530E-03	-1.1034E-01
2.0170000E+01	-6.4104E-03	-1.2437E-01
2.0180000E+01	-6.7073E-03	-1.3798E-01
2.0190000E+01	-6.8900E-03	-1.5098E-01
2.0200000E+01	-7.0594E-03	-1.6367E-01
2.0210000E+01	-7.1882E-03	-1.7564E-01
2.0220000E+01	-7.2809E-03	-1.8665E-01
2.0230000E+01	-7.3650E-03	-1.9700E-01
2.0240000E+01	-7.3077E-03	-2.0632E-01
2.0250000E+01	-7.2231E-03	-2.1466E-01
2.0260000E+01	-7.1141E-03	-2.2199E-01
2.0270000E+01	-6.8960E-03	-2.2796E-01
2.0280000E+01	-6.5003E-03	-2.3265E-01
2.0290000E+01	-6.2099E-03	-2.3632E-01
2.0300000E+01	-5.8297E-03	-2.3897E-01
2.0310000E+01	-5.3427E-03	-2.3994E-01
2.0320000E+01	-4.8311E-03	-2.3994E-01
2.0330000E+01	-4.4017E-03	-2.3864E-01
2.0340000E+01	-3.8532E-03	-2.3597E-01
2.0350000E+01	-3.2097E-03	-2.3198E-01
2.0360000E+01	-2.6700E-03	-2.2698E-01
2.0370000E+01	-2.0767E-03	-2.2068E-01
2.0380000E+01	-1.5180E-03	-2.1366E-01
2.0390000E+01	-8.6828E-04	-2.0534E-01
2.0400000E+01	-3.0042E-04	-1.9602E-01
2.0410000E+01	2.7210E-04	-1.8598E-01
2.0420000E+01	7.8154E-04	-1.7535E-01
2.0430000E+01	1.3110E-03	-1.6369E-01
2.0440000E+01	1.8392E-03	-1.5168E-01
2.0450000E+01	2.2638E-03	-1.3905E-01
2.0460000E+01	2.6718E-03	-1.2637E-01
2.0470000E+01	3.0684E-03	-1.1338E-01
2.0480000E+01	3.4897E-03	-1.0006E-01
