time /s	I /mA	E /V
1.0000000E-02	-7.4698E-03	-9.9997E-02
2.0000000E-02	-2.6470E-04	-4.5398E-02
3.0000000E-02	3.1431E-03	1.9025E-03
4.0000000E-02	4.2800E-03	3.5594E-02
5.0000000E-02	3.6119E-03	5.1582E-02
6.0000000E-02	1.6700E-03	4.7244E-02
7.0000000E-02	-1.1811E-03	2.3928E-02
8.0000000E-02	-4.5924E-03	-1.5714E-02
9.0000000E-02	-8.2338E-03	-6.6345E-02
1.0000000E-01	-1.1439E-02	-1.2065E-01
1.1000000E-01	-1.4151E-02	-1.7124E-01
1.2000000E-01	-1.5621E-02	-2.1192E-01
1.3000000E-01	-1.5214E-02	-2.3659E-01
1.4000000E-01	-1.2425E-02	-2.4196E-01
1.5000000E-01	-8.0420E-03	-2.2728E-01
1.6000000E-01	-3.0234E-03	-1.9431E-01
1.7000000E-01	1.5597E-03	-1.4766E-01
1.8000000E-01	5.5324E-03	-9.3410E-02
1.9000000E-01	8.3679E-03	-3.8453E-02
2.0000000E-01	9.8642E-03	9.5388E-03
2.1000000E-01	9.7718E-03	4.4193E-02
2.2000000E-01	8.1959E-03	6.1228E-02
2.3000000E-01	5.3715E-03	5.8214E-02
2.4000000E-01	1.8865E-03	3.5575E-02
2.5000000E-01	-2.0076E-03	-3.0760E-03
2.6000000E-01	-5.7911E-03	-5.3044E-02
2.7000000E-01	-9.1611E-03	-1.0733E-01
2.8000000E-01	-1.1681E-02	-1.5863E-01
2.9000000E-01	-1.3140E-02	-1.9993E-01
3.0000000E-01	-1.2808E-02	-2.2560E-01
3.1000000E-01	-1.0563E-02	-2.3225E-01
3.2000000E-01	-6.6521E-03	-2.1863E-01
3.3000000E-01	-2.1411E-03	-1.8664E-01
3.4000000E-01	2.3258E-03	-1.4071E-01
3.5000000E-01	6.0595E-03	-8.6736E-02
3.6000000E-01	8.9418E-03	-3.1747E-02
3.7000000E-01	1.0435E-02	1.6878E-02
3.8000000E-01	1.0462E-02	5.2556E-02
3.9000000E-01	8.9439E-03	7.0543E-02
4.0000000E-01	6.2592E-03	6.8879E-02
4.1000000E-01	2.6848E-03	4.7572E-02
4.2000000E-01	-1.2459E-03	9.2330E-03
4.3000000E-01	-5.0633E-03	-4.0052E-02
4.4000000E-01	-8.3833E-03	-9.4322E-02
4.5000000E-01	-1.0946E-02	-1.4594E-01
4.6000000E-01	-1.2314E-02	-1.8795E-01
4.7000000E-01	-1.2111E-02	-2.1463E-01
4.8000000E-01	-9.9508E-03	-2.2228E-01
4.9000000E-01	-6.2930E-03	-2.0998E-01
5.0000000E-01	-1.8980E-03	-1.7901E-01
5.1000000E-01	2.4042E-03	-1.3369E-01
5.2000000E-01	6.1742E-03	-7.9753E-02
5.3000000E-01	9.0351E-03	-2.4793E-02
5.4000000E-01	1.0590E-02	2.4213E-02
5.5000000E-01	1.0701E-02	6.0867E-02
5.6000000E-01	9.3707E-03	8.0196E-02
5.7000000E-01	6.6670E-03	7.9564E-02
5.8000000E-01	3.1501E-03	5.9235E-02
5.9000000E-01	-8.0534E-04	2.1886E-02
6.0000000E-01	-4.5422E-03	-2.7022E-02
6.1000000E-01	-7.9243E-03	-8.1027E-02
6.2000000E-01	-1.0435E-02	-1.3296E-01
6.3000000E-01	-1.1840E-02	-1.7594E-01
6.4000000E-01	-1.1661E-02	-2.0360E-01
6.5000000E-01	-9.6707E-03	-2.1228E-01
6.6000000E-01	-6.1560E-03	-2.0126E-01
6.7000000E-01	-1.9399E-03	-1.7131E-01
6.8000000E-01	2.3187E-03	-1.2674E-01
6.9000000E-01	6.1106E-03	-7.3100E-02
7.0000000E-01	9.0044E-03	-1.7763E-02
7.1000000E-01	1.0639E-02	3.1869E-02
7.2000000E-01	1.0847E-02	6.9240E-02
7.3000000E-01	9.5835E-03	8.9546E-02
7.4000000E-01	7.0008E-03	9.0210E-02
7.5000000E-01	3.4103E-03	7.0857E-02
7.6000000E-01	-3.6779E-04	3.4544E-02
7.7000000E-01	-4.2001E-03	-1.4048E-02
7.8000000E-01	-7.5485E-03	-6.7996E-02
7.9000000E-01	-1.0104E-02	-1.2029E-01
8.0000000E-01	-1.1466E-02	-1.6363E-01
8.1000000E-01	-1.1363E-02	-1.9227E-01
8.2000000E-01	-9.5431E-03	-2.0263E-01
8.3000000E-01	-6.1540E-03	-1.9230E-01
8.4000000E-01	-2.0002E-03	-1.6331E-01
8.5000000E-01	2.2302E-03	-1.1936E-01
8.6000000E-01	5.9777E-03	-6.6411E-02
8.7000000E-01	8.8890E-03	-1.1112E-02
8.8000000E-01	1.0596E-02	3.9226E-02
8.9000000E-01	1.0970E-02	7.7541E-02
9.0000000E-01	9.7474E-03	9.8865E-02
9.1000000E-01	7.2174E-03	1.0050E-01
9.2000000E-01	3.7808E-03	8.2544E-02
9.3000000E-01	-1.0930E-04	4.6902E-02
9.4000000E-01	-3.8025E-03	-7.4476E-04
9.5000000E-01	-7.2141E-03	-5.4661E-02
9.6000000E-01	-9.7721E-03	-1.0730E-01
9.7000000E-01	-1.1266E-02	-1.5161E-01
9.8000000E-01	-1.1214E-02	-1.8128E-01
9.9000000E-01	-9.4684E-03	-1.9231E-01
1.0000000E+00	-6.2211E-03	-1.8365E-01
1.0100000E+00	-2.1386E-03	-1.5568E-01
1.0200000E+00	2.0653E-03	-1.1237E-01
1.0300000E+00	5.8380E-03	-5.9436E-02
1.0400000E+00	8.8134E-03	-4.1215E-03
1.0500000E+00	1.0521E-02	4.6524E-02
1.0600000E+00	1.0943E-02	8.5543E-02
1.0700000E+00	9.9209E-03	1.0822E-01
1.0800000E+00	7.5008E-03	1.1119E-01
1.0900000E+00	4.0497E-03	9.4206E-02
1.1000000E+00	2.1505E-04	5.9575E-02
1.1100000E+00	-3.5529E-03	1.2261E-02
1.1200000E+00	-6.9399E-03	-4.1686E-02
1.1300000E+00	-9.5679E-03	-9.4672E-02
1.1400000E+00	-1.0987E-02	-1.3931E-01
1.1500000E+00	-1.1053E-02	-1.6996E-01
1.1600000E+00	-9.3867E-03	-1.8229E-01
1.1700000E+00	-6.2592E-03	-1.7464E-01
1.1800000E+00	-2.2114E-03	-1.4767E-01
1.1900000E+00	1.9049E-03	-1.0537E-01
1.2000000E+00	5.7054E-03	-5.2804E-02
1.2100000E+00	8.6192E-03	2.5608E-03
1.2200000E+00	1.0461E-02	5.3879E-02
1.2300000E+00	1.0885E-02	9.3853E-02
1.2400000E+00	1.0066E-02	1.1754E-01
1.2500000E+00	7.6613E-03	1.2153E-01
1.2600000E+00	4.2128E-03	1.0555E-01
1.2700000E+00	4.6178E-04	7.1892E-02
1.2800000E+00	-3.2239E-03	2.5246E-02
1.2900000E+00	-6.7166E-03	-2.8378E-02
1.3000000E+00	-9.2822E-03	-8.1658E-02
1.3100000E+00	-1.0820E-02	-1.2694E-01
1.3200000E+00	-1.0914E-02	-1.5862E-01
1.3300000E+00	-9.3939E-03	-1.7230E-01
1.3400000E+00	-6.3302E-03	-1.6564E-01
1.3500000E+00	-2.4258E-03	-1.3970E-01
1.3600000E+00	1.7735E-03	-9.8052E-02
1.3700000E+00	5.5097E-03	-4.6089E-02
1.3800000E+00	8.5704E-03	9.5358E-03
1.3900000E+00	1.0372E-02	6.1201E-02
1.4000000E+00	1.0964E-02	1.0187E-01
1.4100000E+00	1.0140E-02	1.2653E-01
1.4200000E+00	7.9177E-03	1.3187E-01
1.4300000E+00	4.4877E-03	1.1689E-01
1.4400000E+00	7.3257E-04	8.4202E-02
1.4500000E+00	-2.9776E-03	3.8218E-02
1.4600000E+00	-6.4003E-03	-1.5370E-02
1.4700000E+00	-9.0920E-03	-6.8670E-02
1.4800000E+00	-1.0633E-02	-1.1464E-01
1.4900000E+00	-1.0845E-02	-1.4727E-01
1.5000000E+00	-9.3978E-03	-1.6195E-01
1.5100000E+00	-6.4283E-03	-1.5663E-01
1.5200000E+00	-2.5283E-03	-1.3168E-01
1.5300000E+00	1.5768E-03	-9.0682E-02
1.5400000E+00	5.3797E-03	-3.9131E-02
1.5500000E+00	8.3607E-03	1.6194E-02
1.5600000E+00	1.0268E-02	6.8196E-02
1.5700000E+00	1.0918E-02	1.0988E-01
1.5800000E+00	1.0259E-02	1.3554E-01
1.5900000E+00	8.1430E-03	1.4219E-01
1.6000000E+00	4.7551E-03	1.2853E-01
1.6100000E+00	9.3620E-04	9.6537E-02
1.6200000E+00	-2.7169E-03	5.1210E-02
1.6300000E+00	-6.1483E-03	-2.0744E-03
1.6400000E+00	-8.8461E-03	-5.5689E-02
1.6500000E+00	-1.0491E-02	-1.0233E-01
1.6600000E+00	-1.0739E-02	-1.3596E-01
1.6700000E+00	-9.4012E-03	-1.5160E-01
1.6800000E+00	-6.5331E-03	-1.4730E-01
1.6900000E+00	-2.7240E-03	-1.2365E-01
1.7000000E+00	1.3979E-03	-8.3721E-02
1.7100000E+00	5.1940E-03	-3.2421E-02
1.7200000E+00	8.2618E-03	2.3209E-02
1.7300000E+00	1.0142E-02	7.5542E-02
1.7400000E+00	1.0967E-02	1.1786E-01
1.7500000E+00	1.0398E-02	1.4451E-01
1.7600000E+00	8.3521E-03	1.5221E-01
1.7700000E+00	5.0267E-03	1.3987E-01
1.7800000E+00	1.1658E-03	1.0888E-01
1.7900000E+00	-2.5289E-03	6.3888E-02
1.8000000E+00	-5.8742E-03	1.0937E-02
1.8100000E+00	-8.6473E-03	-4.2678E-02
1.8200000E+00	-1.0332E-02	-8.9978E-02
1.8300000E+00	-1.0645E-02	-1.2430E-01
1.8400000E+00	-9.3589E-03	-1.4130E-01
1.8500000E+00	-6.6695E-03	-1.3833E-01
1.8600000E+00	-2.8954E-03	-1.1567E-01
1.8700000E+00	1.1622E-03	-7.6371E-02
1.8800000E+00	5.0170E-03	-2.5454E-02
1.8900000E+00	8.0214E-03	2.9877E-02
1.9000000E+00	1.0036E-02	8.2560E-02
1.9100000E+00	1.0918E-02	1.2585E-01
1.9200000E+00	1.0541E-02	1.5351E-01
1.9300000E+00	8.5800E-03	1.6220E-01
1.9400000E+00	5.2208E-03	1.5084E-01
1.9500000E+00	1.4033E-03	1.2118E-01
1.9600000E+00	-2.2977E-03	7.6902E-02
1.9700000E+00	-5.6865E-03	2.4255E-02
1.9800000E+00	-8.4038E-03	-2.9696E-02
1.9900000E+00	-1.0208E-02	-7.7640E-02
2.0000000E+00	-1.0618E-02	-1.1299E-01
2.0100000E+00	-9.3736E-03	-1.3062E-01
2.0200000E+00	-6.7422E-03	-1.2897E-01
2.0300000E+00	-3.0598E-03	-1.0735E-01
2.0400000E+00	9.9200E-04	-6.9062E-02
2.0500000E+00	4.8691E-03	-1.8758E-02
2.0600000E+00	7.9581E-03	3.6563E-02
2.0700000E+00	9.9266E-03	8.9857E-02
2.0800000E+00	1.0900E-02	1.3354E-01
2.0900000E+00	1.0673E-02	1.6252E-01
2.1000000E+00	8.8946E-03	1.7248E-01
2.1100000E+00	5.4925E-03	1.6219E-01
2.1200000E+00	1.5886E-03	1.3320E-01
2.1300000E+00	-2.1671E-03	8.9928E-02
2.1400000E+00	-5.4631E-03	3.7541E-02
2.1500000E+00	-8.2235E-03	-1.6701E-02
2.1600000E+00	-1.0054E-02	-6.5019E-02
2.1700000E+00	-1.0562E-02	-1.0132E-01
2.1800000E+00	-9.3863E-03	-1.2033E-01
2.1900000E+00	-6.8748E-03	-1.1962E-01
2.2000000E+00	-3.2226E-03	-9.9013E-02
2.2100000E+00	7.5554E-04	-6.1719E-02
2.2200000E+00	4.6840E-03	-1.1786E-02
2.2300000E+00	7.6972E-03	4.3239E-02
2.2400000E+00	9.8082E-03	9.6869E-02
2.2500000E+00	1.0873E-02	1.4151E-01
2.2600000E+00	1.0877E-02	1.7120E-01
2.2700000E+00	9.1228E-03	1.8216E-01
2.2800000E+00	5.7605E-03	1.7320E-01
2.2900000E+00	1.7650E-03	1.4548E-01
2.3000000E+00	-1.9363E-03	1.0254E-01
2.3100000E+00	-5.2828E-03	5.0588E-02
2.3200000E+00	-8.0311E-03	-3.4122E-03
2.3300000E+00	-9.9205E-03	-5.2372E-02
2.3400000E+00	-1.0495E-02	-8.9665E-02
2.3500000E+00	-9.4633E-03	-1.0963E-01
2.3600000E+00	-6.9961E-03	-1.1032E-01
2.3700000E+00	-3.3856E-03	-9.0688E-02
2.3800000E+00	6.4101E-04	-5.4073E-02
2.3900000E+00	4.4555E-03	-5.0951E-03
2.4000000E+00	7.6291E-03	5.0239E-02
2.4100000E+00	9.6922E-03	1.0385E-01
2.4200000E+00	1.0919E-02	1.4918E-01
2.4300000E+00	1.1039E-02	1.7986E-01
2.4400000E+00	9.5068E-03	1.9220E-01
2.4500000E+00	6.0378E-03	1.8451E-01
2.4600000E+00	1.9637E-03	1.5752E-01
2.4700000E+00	-1.8531E-03	1.1553E-01
2.4800000E+00	-5.1354E-03	6.3892E-02
2.4900000E+00	-7.9086E-03	9.5676E-03
2.5000000E+00	-9.8452E-03	-4.0031E-02
2.5100000E+00	-1.0426E-02	-7.7659E-02
2.5200000E+00	-9.4808E-03	-9.9005E-02
2.5300000E+00	-7.1065E-03	-1.0068E-01
2.5400000E+00	-3.5684E-03	-8.2350E-02
2.5500000E+00	4.2009E-04	-4.6745E-02
2.5600000E+00	4.2568E-03	1.8721E-03
2.5700000E+00	7.3818E-03	5.6869E-02
2.5800000E+00	9.5516E-03	1.1087E-01
2.5900000E+00	1.0848E-02	1.5687E-01
2.6000000E+00	1.1261E-02	1.8852E-01
2.6100000E+00	9.8395E-03	2.0217E-01
2.6200000E+00	6.4374E-03	1.9551E-01
2.6300000E+00	2.1460E-03	1.6950E-01
2.6400000E+00	-1.6987E-03	1.2816E-01
2.6500000E+00	-5.0301E-03	7.6910E-02
2.6600000E+00	-7.7360E-03	2.2560E-02
2.6700000E+00	-9.6965E-03	-2.7400E-02
2.6800000E+00	-1.0394E-02	-6.6013E-02
2.6900000E+00	-9.5047E-03	-8.8326E-02
2.7000000E+00	-7.2651E-03	-9.1354E-02
2.7100000E+00	-3.7766E-03	-7.4058E-02
2.7200000E+00	1.9771E-04	-3.9088E-02
2.7300000E+00	4.0922E-03	8.8964E-03
2.7400000E+00	7.2111E-03	6.3540E-02
2.7500000E+00	9.4839E-03	1.1787E-01
2.7600000E+00	1.0917E-02	1.6452E-01
2.7700000E+00	1.1468E-02	1.9718E-01
2.7800000E+00	1.0259E-02	2.1182E-01
2.7900000E+00	6.7515E-03	2.0620E-01
2.8000000E+00	2.4188E-03	1.8149E-01
2.8100000E+00	-1.5959E-03	1.4082E-01
2.8200000E+00	-4.9245E-03	8.9885E-02
2.8300000E+00	-7.6840E-03	3.5584E-02
2.8400000E+00	-9.5817E-03	-1.4718E-02
2.8500000E+00	-1.0378E-02	-5.4374E-02
2.8600000E+00	-9.6021E-03	-7.7651E-02
2.8700000E+00	-7.3863E-03	-8.1705E-02
2.8800000E+00	-3.9757E-03	-6.5713E-02
2.8900000E+00	-9.6714E-06	-3.1711E-02
2.9000000E+00	3.8638E-03	1.5897E-02
2.9100000E+00	7.0080E-03	7.0254E-02
2.9200000E+00	9.3857E-03	1.2490E-01
2.9300000E+00	1.0998E-02	1.7219E-01
2.9400000E+00	1.1691E-02	2.0581E-01
2.9500000E+00	1.0598E-02	2.2148E-01
2.9600000E+00	7.1370E-03	2.1715E-01
2.9700000E+00	2.6006E-03	1.9351E-01
2.9800000E+00	-1.4819E-03	1.5349E-01
2.9900000E+00	-4.8392E-03	1.0319E-01
3.0000000E+00	-7.5144E-03	4.8900E-02
3.0100000E+00	-9.5329E-03	-2.0724E-03
3.0200000E+00	-1.0327E-02	-4.2375E-02
3.0300000E+00	-9.6501E-03	-6.6699E-02
3.0400000E+00	-7.4791E-03	-7.2019E-02
3.0500000E+00	-4.1296E-03	-5.7059E-02
3.0600000E+00	-2.2930E-04	-2.4067E-02
3.0700000E+00	3.6324E-03	2.2566E-02
3.0800000E+00	6.9154E-03	7.7236E-02
3.0900000E+00	9.2918E-03	1.3189E-01
3.1000000E+00	1.0969E-02	1.7986E-01
3.1100000E+00	1.1959E-02	2.1419E-01
3.1200000E+00	1.1037E-02	2.3120E-01
3.1300000E+00	7.4558E-03	2.2784E-01
3.1400000E+00	2.9271E-03	2.0549E-01
3.1500000E+00	-1.4015E-03	1.6617E-01
3.1600000E+00	-4.7786E-03	1.1621E-01
3.1700000E+00	-7.5523E-03	6.1900E-02
3.1800000E+00	-9.4273E-03	1.0901E-02
3.1900000E+00	-1.0363E-02	-3.0387E-02
3.2000000E+00	-9.6843E-03	-5.5701E-02
3.2100000E+00	-7.6210E-03	-6.2018E-02
3.2200000E+00	-4.3499E-03	-4.8390E-02
3.2300000E+00	-4.3543E-04	-1.6397E-02
3.2400000E+00	3.4008E-03	2.9571E-02
3.2500000E+00	6.6738E-03	8.3878E-02
3.2600000E+00	9.2106E-03	1.3886E-01
3.2700000E+00	1.1009E-02	1.8720E-01
3.2800000E+00	1.2228E-02	2.2283E-01
3.2900000E+00	1.1371E-02	2.4084E-01
3.3000000E+00	7.9134E-03	2.3883E-01
3.3100000E+00	3.2076E-03	2.1713E-01
3.3200000E+00	-1.2464E-03	1.7880E-01
3.3300000E+00	-4.6780E-03	1.2952E-01
3.3400000E+00	-7.4622E-03	7.5232E-02
3.3500000E+00	-9.4293E-03	2.3606E-02
3.3600000E+00	-1.0336E-02	-1.8390E-02
3.3700000E+00	-9.7984E-03	-4.4706E-02
3.3800000E+00	-7.7933E-03	-5.2373E-02
3.3900000E+00	-4.5643E-03	-3.9717E-02
3.4000000E+00	-7.0250E-04	-8.7310E-03
3.4100000E+00	3.1718E-03	3.6602E-02
3.4200000E+00	6.4895E-03	9.0561E-02
3.4300000E+00	9.0739E-03	1.4556E-01
3.4400000E+00	1.1080E-02	1.9486E-01
3.4500000E+00	1.2402E-02	2.3117E-01
3.4600000E+00	1.1607E-02	2.5013E-01
3.4700000E+00	8.2654E-03	2.4949E-01
3.4800000E+00	3.4841E-03	2.2884E-01
3.4900000E+00	-1.0964E-03	1.9147E-01
3.5000000E+00	-4.6460E-03	1.4250E-01
3.5100000E+00	-7.4475E-03	8.8215E-02
3.5200000E+00	-9.3538E-03	3.6260E-02
3.5300000E+00	-1.0346E-02	-6.4130E-03
3.5400000E+00	-9.8423E-03	-3.3746E-02
3.5500000E+00	-7.9454E-03	-4.2357E-02
3.5600000E+00	-4.7378E-03	-3.1045E-02
3.5700000E+00	-9.1711E-04	-1.0942E-03
3.5800000E+00	2.9788E-03	4.3894E-02
3.5900000E+00	6.3010E-03	9.7205E-02
3.6000000E+00	8.9868E-03	1.5253E-01
3.6100000E+00	1.1140E-02	2.0217E-01
3.6200000E+00	1.2580E-02	2.3950E-01
3.6300000E+00	1.1847E-02	2.5949E-01
3.6400000E+00	8.5927E-03	2.5979E-01
3.6500000E+00	3.8577E-03	2.4049E-01
3.6600000E+00	-8.6950E-04	2.0414E-01
3.6700000E+00	-4.5408E-03	1.5552E-01
3.6800000E+00	-7.4473E-03	1.0152E-01
3.6900000E+00	-9.3616E-03	4.9257E-02
3.7000000E+00	-1.0360E-02	5.9137E-03
3.7100000E+00	-9.9676E-03	-2.2726E-02
3.7200000E+00	-8.0669E-03	-3.2712E-02
3.7300000E+00	-4.9862E-03	-2.2382E-02
3.7400000E+00	-1.1238E-03	6.9240E-03
3.7500000E+00	2.7221E-03	5.0912E-02
3.7600000E+00	6.1520E-03	1.0423E-01
3.7700000E+00	8.9452E-03	1.5954E-01
3.7800000E+00	1.1260E-02	2.0952E-01
3.7900000E+00	1.2663E-02	2.4782E-01
3.8000000E+00	1.2073E-02	2.6879E-01
3.8100000E+00	8.9049E-03	2.7047E-01
3.8200000E+00	4.2780E-03	2.5213E-01
3.8300000E+00	-6.0366E-04	2.1647E-01
3.8400000E+00	-4.3963E-03	1.6851E-01
3.8500000E+00	-7.4491E-03	1.1452E-01
3.8600000E+00	-9.3775E-03	6.1891E-02
3.8700000E+00	-1.0376E-02	1.7904E-02
3.8800000E+00	-1.0006E-02	-1.1379E-02
3.8900000E+00	-8.2206E-03	-2.2377E-02
3.9000000E+00	-5.1306E-03	-1.3392E-02
3.9100000E+00	-1.3808E-03	1.4630E-02
3.9200000E+00	2.5161E-03	5.7913E-02
3.9300000E+00	5.8820E-03	1.1090E-01
3.9400000E+00	8.8963E-03	1.6621E-01
3.9500000E+00	1.1354E-02	2.1685E-01
3.9600000E+00	1.2687E-02	2.5583E-01
3.9700000E+00	1.2372E-02	2.7813E-01
3.9800000E+00	9.2399E-03	2.8076E-01
3.9900000E+00	4.6604E-03	2.6380E-01
4.0000000E+00	-3.3601E-04	2.2910E-01
4.0100000E+00	-4.4652E-03	1.8148E-01
4.0200000E+00	-7.4298E-03	1.2784E-01
4.0300000E+00	-9.3980E-03	7.4844E-02
4.0400000E+00	-1.0398E-02	3.0231E-02
4.0500000E+00	-1.0163E-02	-4.1910E-04
4.0600000E+00	-8.3255E-03	-1.2429E-02
4.0700000E+00	-5.3778E-03	-4.4013E-03
4.0800000E+00	-1.6005E-03	2.2579E-02
4.0900000E+00	2.2537E-03	6.5211E-02
4.1000000E+00	5.7650E-03	1.1754E-01
4.1100000E+00	8.7800E-03	1.7320E-01
4.1200000E+00	1.1388E-02	2.2419E-01
4.1300000E+00	1.2798E-02	2.6416E-01
4.1400000E+00	1.2571E-02	2.8743E-01
4.1500000E+00	9.6992E-03	2.9145E-01
4.1600000E+00	4.9331E-03	2.7512E-01
4.1700000E+00	-2.9936E-05	2.4144E-01
4.1800000E+00	-4.3182E-03	1.9449E-01
4.1900000E+00	-7.3904E-03	1.4082E-01
4.2000000E+00	-9.4724E-03	8.7868E-02
4.2100000E+00	-1.0406E-02	4.2551E-02
4.2200000E+00	-1.0254E-02	1.0930E-02
4.2300000E+00	-8.5270E-03	-2.3877E-03
4.2400000E+00	-5.5661E-03	4.6079E-03
4.2500000E+00	-1.8954E-03	3.0610E-02
4.2600000E+00	2.0030E-03	7.2263E-02
4.2700000E+00	5.5599E-03	1.2454E-01
4.2800000E+00	8.7022E-03	1.7986E-01
4.2900000E+00	1.1396E-02	2.3151E-01
4.3000000E+00	1.2846E-02	2.7216E-01
4.3100000E+00	1.2727E-02	2.9648E-01
4.3200000E+00	1.0063E-02	3.0180E-01
4.3300000E+00	5.4083E-03	2.8680E-01
4.3400000E+00	3.0760E-04	2.5380E-01
4.3500000E+00	-4.2086E-03	2.0748E-01
4.3600000E+00	-7.4558E-03	1.5416E-01
4.3700000E+00	-9.5349E-03	1.0084E-01
4.3800000E+00	-1.0539E-02	5.4865E-02
4.3900000E+00	-1.0387E-02	2.2239E-02
4.4000000E+00	-8.6841E-03	7.9064E-03
4.4100000E+00	-5.7864E-03	1.3574E-02
4.4200000E+00	-2.0871E-03	3.8567E-02
4.4300000E+00	1.7540E-03	7.9580E-02
4.4400000E+00	5.3608E-03	1.3118E-01
4.4500000E+00	8.6436E-03	1.8686E-01
4.4600000E+00	1.1445E-02	2.3850E-01
4.4700000E+00	1.2928E-02	2.8015E-01
4.4800000E+00	1.3039E-02	3.0580E-01
4.4900000E+00	1.0364E-02	3.1175E-01
4.5000000E+00	5.7445E-03	2.9810E-01
4.5100000E+00	5.0458E-04	2.6612E-01
4.5200000E+00	-4.0216E-03	2.2046E-01
4.5300000E+00	-7.4468E-03	1.6751E-01
4.5400000E+00	-9.6049E-03	1.1381E-01
4.5500000E+00	-1.0649E-02	6.7195E-02
4.5600000E+00	-1.0472E-02	3.3889E-02
4.5700000E+00	-8.9348E-03	1.8239E-02
4.5800000E+00	-6.0259E-03	2.2588E-02
4.5900000E+00	-2.3620E-03	4.6582E-02
4.6000000E+00	1.5607E-03	8.6902E-02
4.6100000E+00	5.1656E-03	1.3790E-01
4.6200000E+00	8.5924E-03	1.9354E-01
4.6300000E+00	1.1539E-02	2.4582E-01
4.6400000E+00	1.3044E-02	2.8815E-01
4.6500000E+00	1.3270E-02	3.1480E-01
4.6600000E+00	1.0719E-02	3.2210E-01
4.6700000E+00	6.1158E-03	3.0944E-01
4.6800000E+00	8.3579E-04	2.7846E-01
4.6900000E+00	-3.8671E-03	2.3349E-01
4.7000000E+00	-7.4784E-03	1.8045E-01
4.7100000E+00	-9.7279E-03	1.2685E-01
4.7200000E+00	-1.0704E-02	7.9565E-02
4.7300000E+00	-1.0649E-02	4.5266E-02
4.7400000E+00	-9.0801E-03	2.8584E-02
4.7500000E+00	-6.2407E-03	3.1914E-02
4.7600000E+00	-2.6417E-03	5.4578E-02
4.7700000E+00	1.2864E-03	9.3890E-02
4.7800000E+00	5.0648E-03	1.4487E-01
4.7900000E+00	8.5202E-03	2.0017E-01
4.8000000E+00	1.1497E-02	2.5284E-01
4.8100000E+00	1.3174E-02	2.9614E-01
4.8200000E+00	1.3485E-02	3.2382E-01
4.8300000E+00	1.1050E-02	3.3216E-01
4.8400000E+00	6.5500E-03	3.2076E-01
4.8500000E+00	1.1053E-03	2.9077E-01
4.8600000E+00	-3.6513E-03	2.4645E-01
4.8700000E+00	-7.4615E-03	1.9379E-01
4.8800000E+00	-9.7296E-03	1.3984E-01
4.8900000E+00	-1.0879E-02	9.1820E-02
4.9000000E+00	-1.0750E-02	5.6857E-02
4.9100000E+00	-9.2781E-03	3.8911E-02
4.9200000E+00	-6.5398E-03	4.0912E-02
4.9300000E+00	-2.8704E-03	6.2886E-02
4.9400000E+00	1.0328E-03	1.0123E-01
4.9500000E+00	4.8272E-03	1.5156E-01
4.9600000E+00	8.5283E-03	2.0721E-01
4.9700000E+00	1.1534E-02	2.6016E-01
4.9800000E+00	1.3289E-02	3.0381E-01
4.9900000E+00	1.3629E-02	3.3245E-01
5.0000000E+00	1.1351E-02	3.4246E-01
5.0100000E+00	6.8848E-03	3.3176E-01
5.0200000E+00	1.4756E-03	3.0275E-01
5.0300000E+00	-3.5369E-03	2.5913E-01
5.0400000E+00	-7.3866E-03	2.0682E-01
5.0500000E+00	-9.8500E-03	1.5284E-01
5.0600000E+00	-1.0974E-02	1.0452E-01
5.0700000E+00	-1.0882E-02	6.8527E-02
5.0800000E+00	-9.5053E-03	4.9566E-02
5.0900000E+00	-6.7561E-03	5.0211E-02
5.1000000E+00	-3.1274E-03	7.0907E-02
5.1100000E+00	8.0930E-04	1.0888E-01
5.1200000E+00	4.7153E-03	1.5856E-01
5.1300000E+00	8.4264E-03	2.1383E-01
5.1400000E+00	1.1580E-02	2.6717E-01
5.1500000E+00	1.3427E-02	3.1180E-01
5.1600000E+00	1.3790E-02	3.4144E-01
5.1700000E+00	1.1591E-02	3.5212E-01
5.1800000E+00	7.3657E-03	3.4310E-01
5.1900000E+00	1.8907E-03	3.1509E-01
5.2000000E+00	-3.2469E-03	2.7209E-01
5.2100000E+00	-7.3665E-03	2.2015E-01
5.2200000E+00	-9.8697E-03	1.6583E-01
5.2300000E+00	-1.1081E-02	1.1715E-01
5.2400000E+00	-1.1062E-02	8.0202E-02
5.2500000E+00	-9.6607E-03	6.0187E-02
5.2600000E+00	-7.0178E-03	5.9879E-02
5.2700000E+00	-3.4008E-03	7.9245E-02
5.2800000E+00	6.0625E-04	1.1621E-01
5.2900000E+00	4.5301E-03	1.6553E-01
5.3000000E+00	8.3536E-03	2.2051E-01
5.3100000E+00	1.1545E-02	2.7415E-01
5.3200000E+00	1.3544E-02	3.1946E-01
5.3300000E+00	1.3963E-02	3.5011E-01
5.3400000E+00	1.1879E-02	3.6210E-01
5.3500000E+00	7.7425E-03	3.5410E-01
5.3600000E+00	2.3905E-03	3.2709E-01
5.3700000E+00	-3.0692E-03	2.8476E-01
5.3800000E+00	-7.2171E-03	2.3313E-01
5.3900000E+00	-9.9606E-03	1.7878E-01
5.4000000E+00	-1.1209E-02	1.2950E-01
5.4100000E+00	-1.1174E-02	9.1855E-02
5.4200000E+00	-9.9241E-03	7.0548E-02
5.4300000E+00	-7.2945E-03	6.9230E-02
5.4400000E+00	-3.6863E-03	8.7540E-02
5.4500000E+00	3.3007E-04	1.2355E-01
5.4600000E+00	4.3082E-03	1.7218E-01
5.4700000E+00	8.2825E-03	2.2717E-01
5.4800000E+00	1.1560E-02	2.8115E-01
5.4900000E+00	1.3689E-02	3.2714E-01
5.5000000E+00	1.4058E-02	3.5879E-01
5.5100000E+00	1.2243E-02	3.7210E-01
5.5200000E+00	8.1023E-03	3.6511E-01
5.5300000E+00	2.7837E-03	3.3907E-01
5.5400000E+00	-2.7190E-03	2.9775E-01
5.5500000E+00	-7.1543E-03	2.4643E-01
5.5600000E+00	-9.9280E-03	1.9214E-01
5.5700000E+00	-1.1312E-02	1.4213E-01
5.5800000E+00	-1.1393E-02	1.0353E-01
5.5900000E+00	-1.0092E-02	8.1556E-02
5.6000000E+00	-7.4805E-03	7.8859E-02
5.6100000E+00	-3.9430E-03	9.6215E-02
5.6200000E+00	6.4593E-05	1.3121E-01
5.6300000E+00	4.1195E-03	1.7919E-01
5.6400000E+00	8.2835E-03	2.3418E-01
5.6500000E+00	1.1554E-02	2.8819E-01
5.6600000E+00	1.3782E-02	3.3480E-01
5.6700000E+00	1.4284E-02	3.6746E-01
5.6800000E+00	1.2630E-02	3.8177E-01
5.6900000E+00	8.5290E-03	3.7610E-01
5.7000000E+00	3.2407E-03	3.5110E-01
5.7100000E+00	-2.4287E-03	3.1045E-01
5.7200000E+00	-6.9961E-03	2.5947E-01
5.7300000E+00	-9.9990E-03	2.0515E-01
5.7400000E+00	-1.1406E-02	1.5483E-01
5.7500000E+00	-1.1578E-02	1.1550E-01
5.7600000E+00	-1.0286E-02	9.2212E-02
5.7700000E+00	-7.7557E-03	8.8227E-02
5.7800000E+00	-4.1965E-03	1.0452E-01
5.7900000E+00	-1.4188E-04	1.3855E-01
5.8000000E+00	4.0691E-03	1.8619E-01
5.8100000E+00	8.1686E-03	2.4084E-01
5.8200000E+00	1.1533E-02	2.9514E-01
5.8300000E+00	1.3823E-02	3.4247E-01
5.8400000E+00	1.4534E-02	3.7609E-01
5.8500000E+00	1.2983E-02	3.9144E-01
5.8600000E+00	9.0592E-03	3.8711E-01
5.8700000E+00	3.6196E-03	3.6305E-01
5.8800000E+00	-2.0069E-03	3.2311E-01
5.8900000E+00	-6.8942E-03	2.7279E-01
5.9000000E+00	-1.0009E-02	2.1812E-01
5.9100000E+00	-1.1512E-02	1.6748E-01
5.9200000E+00	-1.1669E-02	1.2719E-01
5.9300000E+00	-1.0559E-02	1.0289E-01
5.9400000E+00	-8.0283E-03	9.7871E-02
5.9500000E+00	-4.4981E-03	1.1321E-01
5.9600000E+00	-3.8779E-04	1.4618E-01
5.9700000E+00	3.8338E-03	1.9320E-01
5.9800000E+00	8.0647E-03	2.4749E-01
5.9900000E+00	1.1556E-02	3.0214E-01
6.0000000E+00	1.3928E-02	3.5013E-01
6.0100000E+00	1.4762E-02	3.8444E-01
6.0200000E+00	1.3527E-02	4.0106E-01
6.0300000E+00	9.5741E-03	3.9777E-01
6.0400000E+00	4.0562E-03	3.7509E-01
6.0500000E+00	-1.5821E-03	3.3576E-01
6.0600000E+00	-6.7424E-03	2.8576E-01
6.0700000E+00	-1.0033E-02	2.3144E-01
6.0800000E+00	-1.1648E-02	1.8014E-01
6.0900000E+00	-1.1874E-02	1.3916E-01
6.1000000E+00	-1.0739E-02	1.1383E-01
6.1100000E+00	-8.2789E-03	1.0786E-01
6.1200000E+00	-4.8016E-03	1.2153E-01
6.1300000E+00	-6.3961E-04	1.5389E-01
6.1400000E+00	3.6754E-03	2.0019E-01
6.1500000E+00	7.9868E-03	2.5415E-01
6.1600000E+00	1.1590E-02	3.0916E-01
6.1700000E+00	1.3916E-02	3.5747E-01
6.1800000E+00	1.5059E-02	3.9277E-01
6.1900000E+00	1.4094E-02	4.1072E-01
6.2000000E+00	1.0063E-02	4.0842E-01
6.2100000E+00	4.4488E-03	3.8671E-01
6.2200000E+00	-1.1797E-03	3.4842E-01
6.2300000E+00	-6.5445E-03	2.9876E-01
6.2400000E+00	-1.0101E-02	2.4445E-01
6.2500000E+00	-1.1694E-02	1.9316E-01
6.2600000E+00	-1.2007E-02	1.5116E-01
6.2700000E+00	-1.0980E-02	1.2485E-01
6.2800000E+00	-8.5221E-03	1.1751E-01
6.2900000E+00	-5.0557E-03	1.3021E-01
6.3000000E+00	-8.8472E-04	1.6154E-01
6.3100000E+00	3.4433E-03	2.0722E-01
6.3200000E+00	7.8609E-03	2.6084E-01
6.3300000E+00	1.1629E-02	3.1613E-01
6.3400000E+00	1.4049E-02	3.6512E-01
6.3500000E+00	1.5293E-02	4.0144E-01
6.3600000E+00	1.4669E-02	4.2008E-01
6.3700000E+00	1.0671E-02	4.1904E-01
6.3800000E+00	4.8836E-03	3.9841E-01
6.3900000E+00	-8.6227E-04	3.6108E-01
6.4000000E+00	-6.1299E-03	3.1211E-01
6.4100000E+00	-1.0202E-02	2.5774E-01
6.4200000E+00	-1.1940E-02	2.0578E-01
6.4300000E+00	-1.2223E-02	1.6316E-01
6.4400000E+00	-1.1255E-02	1.3584E-01
6.4500000E+00	-8.8614E-03	1.2752E-01
6.4600000E+00	-5.3877E-03	1.3889E-01
6.4700000E+00	-1.1980E-03	1.6920E-01
6.4800000E+00	3.3003E-03	2.1416E-01
6.4900000E+00	7.7275E-03	2.6781E-01
6.5000000E+00	1.1561E-02	3.2281E-01
6.5100000E+00	1.4079E-02	3.7245E-01
6.5200000E+00	1.5748E-02	4.0975E-01
6.5300000E+00	1.5386E-02	4.2974E-01
6.5400000E+00	1.1342E-02	4.2972E-01
6.5500000E+00	5.3117E-03	4.1039E-01
6.5600000E+00	-5.1865E-04	3.7377E-01
6.5700000E+00	-5.8512E-03	3.2507E-01
6.5800000E+00	-1.0210E-02	2.7080E-01
6.5900000E+00	-1.2103E-02	2.1880E-01
6.6000000E+00	-1.2384E-02	1.7549E-01
6.6100000E+00	-1.1475E-02	1.4716E-01
6.6200000E+00	-9.1604E-03	1.3718E-01
6.6300000E+00	-5.6523E-03	1.4785E-01
6.6400000E+00	-1.3803E-03	1.7717E-01
6.6500000E+00	3.1169E-03	2.2119E-01
6.6600000E+00	7.6422E-03	2.7451E-01
6.6700000E+00	1.1483E-02	3.2981E-01
6.6800000E+00	1.4098E-02	3.7978E-01
6.6900000E+00	1.6009E-02	4.1774E-01
6.7000000E+00	1.6042E-02	4.3905E-01
6.7100000E+00	1.2040E-02	4.4040E-01
6.7200000E+00	5.7959E-03	4.2208E-01
6.7300000E+00	-2.8949E-04	3.8605E-01
6.7400000E+00	-5.4005E-03	3.3809E-01
6.7500000E+00	-1.0200E-02	2.8408E-01
6.7600000E+00	-1.2296E-02	2.3145E-01
6.7700000E+00	-1.2669E-02	1.8749E-01
6.7800000E+00	-1.1705E-02	1.5819E-01
6.7900000E+00	-9.4126E-03	1.4749E-01
6.8000000E+00	-5.9712E-03	1.5654E-01
6.8100000E+00	-1.6934E-03	1.8485E-01
6.8200000E+00	2.9262E-03	2.2821E-01
6.8300000E+00	7.4916E-03	2.8116E-01
6.8400000E+00	1.1525E-02	3.3682E-01
6.8500000E+00	1.4095E-02	3.8710E-01
6.8600000E+00	1.6415E-02	4.2606E-01
6.8700000E+00	1.6644E-02	4.4840E-01
6.8800000E+00	1.2578E-02	4.5070E-01
6.8900000E+00	6.1863E-03	4.3341E-01
6.9000000E+00	2.1930E-06	3.9875E-01
6.9100000E+00	-5.1227E-03	3.5109E-01
6.9200000E+00	-1.0016E-02	2.9710E-01
6.9300000E+00	-1.2543E-02	2.4444E-01
6.9400000E+00	-1.2878E-02	1.9980E-01
6.9500000E+00	-1.2044E-02	1.6951E-01
6.9600000E+00	-9.7099E-03	1.5749E-01
6.9700000E+00	-6.2653E-03	1.6554E-01
6.9800000E+00	-1.9298E-03	1.9285E-01
6.9900000E+00	2.7111E-03	2.3550E-01
7.0000000E+00	7.4458E-03	2.8814E-01
7.0100000E+00	1.1287E-02	3.4349E-01
7.0200000E+00	1.4189E-02	3.9442E-01
7.0300000E+00	1.6740E-02	4.3406E-01
7.0400000E+00	1.7201E-02	4.5741E-01
7.0500000E+00	1.3237E-02	4.6137E-01
7.0600000E+00	6.6362E-03	4.4504E-01
7.0700000E+00	1.6617E-04	4.1107E-01
7.0800000E+00	-4.8668E-03	3.6410E-01
7.0900000E+00	-9.7194E-03	3.1043E-01
7.1000000E+00	-1.2688E-02	2.5746E-01
7.1100000E+00	-1.3199E-02	2.1215E-01
7.1200000E+00	-1.2266E-02	1.8081E-01
7.1300000E+00	-1.0101E-02	1.6750E-01
7.1400000E+00	-6.5788E-03	1.7452E-01
7.1500000E+00	-2.2439E-03	2.0085E-01
7.1600000E+00	2.5559E-03	2.4248E-01
7.1700000E+00	7.2074E-03	2.9482E-01
7.1800000E+00	1.1276E-02	3.5047E-01
7.1900000E+00	1.4158E-02	4.0177E-01
7.2000000E+00	1.7061E-02	4.4238E-01
7.2100000E+00	1.7763E-02	4.6671E-01
7.2200000E+00	1.3884E-02	4.7172E-01
7.2300000E+00	6.9728E-03	4.5637E-01
7.2400000E+00	4.1131E-04	4.2340E-01
7.2500000E+00	-4.7607E-03	3.7705E-01
7.2600000E+00	-9.2654E-03	3.2376E-01
7.2700000E+00	-1.2794E-02	2.7040E-01
7.2800000E+00	-1.3441E-02	2.2446E-01
7.2900000E+00	-1.2639E-02	1.9215E-01
7.3000000E+00	-1.0352E-02	1.7782E-01
7.3100000E+00	-6.9546E-03	1.8350E-01
7.3200000E+00	-2.4802E-03	2.0885E-01
7.3300000E+00	2.2985E-03	2.4985E-01
7.3400000E+00	7.1140E-03	3.0152E-01
7.3500000E+00	1.1034E-02	3.5713E-01
7.3600000E+00	1.4227E-02	4.0908E-01
7.3700000E+00	1.7345E-02	4.5041E-01
7.3800000E+00	1.8226E-02	4.7573E-01
7.3900000E+00	1.4355E-02	4.8170E-01
7.4000000E+00	7.4743E-03	4.6770E-01
7.4100000E+00	6.4906E-04	4.3571E-01
7.4200000E+00	-4.5380E-03	3.9006E-01
7.4300000E+00	-9.0077E-03	3.3676E-01
7.4400000E+00	-1.2706E-02	2.8308E-01
7.4500000E+00	-1.3715E-02	2.3682E-01
7.4600000E+00	-1.2952E-02	2.0349E-01
7.4700000E+00	-1.0753E-02	1.8815E-01
7.4800000E+00	-7.1854E-03	1.9283E-01
7.4900000E+00	-2.8361E-03	2.1682E-01
7.5000000E+00	2.1107E-03	2.5717E-01
7.5100000E+00	6.9069E-03	3.0846E-01
7.5200000E+00	1.0843E-02	3.6382E-01
7.5300000E+00	1.4170E-02	4.1611E-01
7.5400000E+00	1.7611E-02	4.5838E-01
7.5500000E+00	1.8685E-02	4.8471E-01
7.5600000E+00	1.5092E-02	4.9204E-01
7.5700000E+00	7.8913E-03	4.7906E-01
7.5800000E+00	8.3890E-04	4.4808E-01
7.5900000E+00	-4.4738E-03	4.0305E-01
7.6000000E+00	-8.7145E-03	3.5006E-01
7.6100000E+00	-1.2587E-02	2.9610E-01
7.6200000E+00	-1.3854E-02	2.4913E-01
7.6300000E+00	-1.3250E-02	2.1482E-01
7.6400000E+00	-1.1017E-02	1.9847E-01
7.6500000E+00	-7.6043E-03	2.0183E-01
7.6600000E+00	-3.0879E-03	2.2481E-01
7.6700000E+00	1.8819E-03	2.6448E-01
7.6800000E+00	6.7109E-03	3.1516E-01
7.6900000E+00	1.0637E-02	3.7081E-01
7.7000000E+00	1.4182E-02	4.2343E-01
7.7100000E+00	1.7791E-02	4.6640E-01
7.7200000E+00	1.9279E-02	4.9374E-01
7.7300000E+00	1.5634E-02	5.0204E-01
7.7400000E+00	8.3915E-03	4.9038E-01
7.7500000E+00	1.0177E-03	4.6037E-01
7.7600000E+00	-4.4692E-03	4.1608E-01
7.7700000E+00	-8.6624E-03	3.6309E-01
7.7800000E+00	-1.2172E-02	3.0940E-01
7.7900000E+00	-1.4049E-02	2.6145E-01
7.8000000E+00	-1.3459E-02	2.2645E-01
7.8100000E+00	-1.1424E-02	2.0883E-01
7.8200000E+00	-7.8885E-03	2.1118E-01
7.8300000E+00	-3.5016E-03	2.3284E-01
7.8400000E+00	1.5342E-03	2.7184E-01
7.8500000E+00	6.4281E-03	3.2215E-01
7.8600000E+00	1.0414E-02	3.7748E-01
7.8700000E+00	1.4170E-02	4.3045E-01
7.8800000E+00	1.7986E-02	4.7407E-01
7.8900000E+00	1.9853E-02	5.0271E-01
7.9000000E+00	1.6365E-02	5.1238E-01
7.9100000E+00	8.8955E-03	5.0170E-01
7.9200000E+00	1.1809E-03	4.7270E-01
7.9300000E+00	-4.5060E-03	4.2874E-01
7.9400000E+00	-8.4669E-03	3.7641E-01
7.9500000E+00	-1.1933E-02	3.2242E-01
7.9600000E+00	-1.3971E-02	2.7412E-01
7.9700000E+00	-1.3634E-02	2.3812E-01
7.9800000E+00	-1.1672E-02	2.1951E-01
7.9900000E+00	-8.2588E-03	2.2051E-01
8.0000000E+00	-3.7488E-03	2.4118E-01
8.0100000E+00	1.2805E-03	2.7915E-01
8.0200000E+00	6.0809E-03	3.2884E-01
8.0300000E+00	1.0155E-02	3.8413E-01
8.0400000E+00	1.4123E-02	4.3744E-01
8.0500000E+00	1.8225E-02	4.8207E-01
8.0600000E+00	2.0255E-02	5.1138E-01
8.0700000E+00	1.6594E-02	5.2205E-01
8.0800000E+00	9.4340E-03	5.1271E-01
8.0900000E+00	1.4811E-03	4.8474E-01
8.1000000E+00	-4.4641E-03	4.4172E-01
8.1100000E+00	-8.5006E-03	3.8941E-01
8.1200000E+00	-1.1640E-02	3.3544E-01
8.1300000E+00	-1.3922E-02	2.8643E-01
8.1400000E+00	-1.3730E-02	2.4978E-01
8.1500000E+00	-1.1968E-02	2.2981E-01
8.1600000E+00	-8.5727E-03	2.2981E-01
8.1700000E+00	-4.0009E-03	2.4948E-01
8.1800000E+00	1.0658E-03	2.8648E-01
8.1900000E+00	5.7808E-03	3.3578E-01
8.2000000E+00	9.8426E-03	3.9077E-01
8.2100000E+00	1.4059E-02	4.4472E-01
8.2200000E+00	1.8428E-02	4.8973E-01
8.2300000E+00	2.0369E-02	5.2005E-01
8.2400000E+00	1.6693E-02	5.3202E-01
8.2500000E+00	9.8992E-03	5.2403E-01
8.2600000E+00	1.9293E-03	4.9673E-01
8.2700000E+00	-4.4041E-03	4.5438E-01
8.2800000E+00	-8.4738E-03	4.0273E-01
8.2900000E+00	-1.1516E-02	3.4842E-01
8.3000000E+00	-1.3674E-02	2.9912E-01
8.3100000E+00	-1.3805E-02	2.6146E-01
8.3200000E+00	-1.2170E-02	2.4047E-01
8.3300000E+00	-8.8829E-03	2.3915E-01
8.3400000E+00	-4.3291E-03	2.5780E-01
8.3500000E+00	7.0546E-04	2.9379E-01
8.3600000E+00	5.4661E-03	3.4281E-01
8.3700000E+00	9.6135E-03	3.9777E-01
8.3800000E+00	1.3933E-02	4.5173E-01
8.3900000E+00	1.8512E-02	4.9737E-01
8.4000000E+00	2.0342E-02	5.2904E-01
8.4100000E+00	1.6544E-02	5.4202E-01
8.4200000E+00	1.0237E-02	5.3502E-01
8.4300000E+00	2.4075E-03	5.0869E-01
8.4400000E+00	-4.1266E-03	4.6736E-01
8.4500000E+00	-8.4273E-03	4.1572E-01
8.4600000E+00	-1.1347E-02	3.6142E-01
8.4700000E+00	-1.3354E-02	3.1176E-01
8.4800000E+00	-1.3779E-02	2.7309E-01
8.4900000E+00	-1.2322E-02	2.5114E-01
8.5000000E+00	-9.0682E-03	2.4881E-01
8.5100000E+00	-4.6265E-03	2.6614E-01
8.5200000E+00	4.5094E-04	3.0145E-01
8.5300000E+00	5.1021E-03	3.4946E-01
8.5400000E+00	9.3374E-03	4.0440E-01
8.5500000E+00	1.3920E-02	4.5872E-01
8.5600000E+00	1.8579E-02	5.0501E-01
8.5700000E+00	1.9983E-02	5.3737E-01
8.5800000E+00	1.6396E-02	5.5168E-01
8.5900000E+00	1.0522E-02	5.4604E-01
8.6000000E+00	3.1166E-03	5.2066E-01
8.6100000E+00	-3.8546E-03	4.8000E-01
8.6200000E+00	-8.2860E-03	4.2905E-01
8.6300000E+00	-1.1169E-02	3.7471E-01
8.6400000E+00	-1.3132E-02	3.2442E-01
8.6500000E+00	-1.3714E-02	2.8509E-01
8.6600000E+00	-1.2426E-02	2.6212E-01
8.6700000E+00	-9.2254E-03	2.5849E-01
8.6800000E+00	-4.8447E-03	2.7480E-01
8.6900000E+00	3.2739E-05	3.0883E-01
8.7000000E+00	4.7764E-03	3.5647E-01
8.7100000E+00	9.1299E-03	4.1108E-01
8.7200000E+00	1.3834E-02	4.6574E-01
8.7300000E+00	1.8650E-02	5.1270E-01
8.7400000E+00	1.9559E-02	5.4606E-01
8.7500000E+00	1.6188E-02	5.6138E-01
8.7600000E+00	1.0652E-02	5.5669E-01
8.7700000E+00	3.8415E-03	5.3267E-01
8.7800000E+00	-3.3572E-03	4.9269E-01
8.7900000E+00	-8.0724E-03	4.4205E-01
8.8000000E+00	-1.1087E-02	3.8771E-01
8.8100000E+00	-1.2932E-02	3.3708E-01
8.8200000E+00	-1.3498E-02	2.9711E-01
8.8300000E+00	-1.2463E-02	2.7279E-01
8.8400000E+00	-9.4987E-03	2.6811E-01
8.8500000E+00	-5.1251E-03	2.8314E-01
8.8600000E+00	-2.1219E-04	3.1646E-01
8.8700000E+00	4.4567E-03	3.6347E-01
8.8800000E+00	8.8825E-03	4.1777E-01
8.8900000E+00	1.3767E-02	4.7271E-01
8.9000000E+00	1.8552E-02	5.2037E-01
8.9100000E+00	1.9138E-02	5.5469E-01
8.9200000E+00	1.5992E-02	5.7099E-01
8.9300000E+00	1.0842E-02	5.6766E-01
8.9400000E+00	4.3910E-03	5.4466E-01
8.9500000E+00	-2.7472E-03	5.0537E-01
8.9600000E+00	-7.7917E-03	4.5536E-01
8.9700000E+00	-1.0939E-02	4.0102E-01
8.9800000E+00	-1.2725E-02	3.4975E-01
8.9900000E+00	-1.3489E-02	3.0878E-01
9.0000000E+00	-1.2473E-02	2.8377E-01
9.0100000E+00	-9.6270E-03	2.7777E-01
9.0200000E+00	-5.3887E-03	2.9179E-01
9.0300000E+00	-5.2626E-04	3.2412E-01
9.0400000E+00	4.1569E-03	3.7048E-01
9.0500000E+00	8.6688E-03	4.2476E-01
9.0600000E+00	1.3610E-02	4.7940E-01
9.0700000E+00	1.8388E-02	5.2770E-01
9.0800000E+00	1.8705E-02	5.6304E-01
9.0900000E+00	1.5855E-02	5.8064E-01
9.1000000E+00	1.0914E-02	5.7830E-01
9.1100000E+00	4.8534E-03	5.5634E-01
9.1200000E+00	-1.9434E-03	5.1800E-01
9.1300000E+00	-7.5143E-03	4.6838E-01
9.1400000E+00	-1.0836E-02	4.1405E-01
9.1500000E+00	-1.2537E-02	3.6276E-01
9.1600000E+00	-1.3256E-02	3.2079E-01
9.1700000E+00	-1.2458E-02	2.9474E-01
9.1800000E+00	-9.7698E-03	2.8745E-01
9.1900000E+00	-5.5859E-03	3.0046E-01
9.2000000E+00	-7.8503E-04	3.3179E-01
9.2100000E+00	3.8554E-03	3.7747E-01
9.2200000E+00	8.4336E-03	4.3139E-01
9.2300000E+00	1.3599E-02	4.8640E-01
9.2400000E+00	1.8077E-02	5.3535E-01
9.2500000E+00	1.8316E-02	5.7134E-01
9.2600000E+00	1.5593E-02	5.9036E-01
9.2700000E+00	1.0964E-02	5.8897E-01
9.2800000E+00	5.2952E-03	5.6835E-01
9.2900000E+00	-1.1583E-03	5.3070E-01
9.3000000E+00	-7.0892E-03	4.8138E-01
9.3100000E+00	-1.0548E-02	4.2738E-01
9.3200000E+00	-1.2477E-02	3.7540E-01
9.3300000E+00	-1.3081E-02	3.3308E-01
9.3400000E+00	-1.2416E-02	3.0577E-01
9.3500000E+00	-9.8542E-03	2.9744E-01
9.3600000E+00	-5.8174E-03	3.0912E-01
9.3700000E+00	-1.0695E-03	3.3945E-01
9.3800000E+00	3.5264E-03	3.8446E-01
9.3900000E+00	8.2536E-03	4.3808E-01
9.4000000E+00	1.3504E-02	4.9341E-01
9.4100000E+00	1.7774E-02	5.4270E-01
9.4200000E+00	1.7883E-02	5.7969E-01
9.4300000E+00	1.5296E-02	5.9967E-01
9.4400000E+00	1.0945E-02	5.9968E-01
9.4500000E+00	5.6181E-03	5.7997E-01
9.4600000E+00	-4.4942E-04	5.4332E-01
9.4700000E+00	-6.5594E-03	4.9436E-01
9.4800000E+00	-1.0351E-02	4.4038E-01
9.4900000E+00	-1.2359E-02	3.8805E-01
9.5000000E+00	-1.2997E-02	3.4507E-01
9.5100000E+00	-1.2346E-02	3.1680E-01
9.5200000E+00	-9.9489E-03	3.0713E-01
9.5300000E+00	-6.0001E-03	3.1777E-01
9.5400000E+00	-1.3650E-03	3.4712E-01
9.5500000E+00	3.2925E-03	3.9147E-01
9.5600000E+00	8.0110E-03	4.4473E-01
9.5700000E+00	1.3402E-02	5.0004E-01
9.5800000E+00	1.7333E-02	5.5004E-01
9.5900000E+00	1.7420E-02	5.8803E-01
9.6000000E+00	1.4911E-02	6.0902E-01
9.6100000E+00	1.0874E-02	6.1031E-01
9.6200000E+00	5.9073E-03	5.9167E-01
9.6300000E+00	1.7512E-04	5.5566E-01
9.6400000E+00	-5.8798E-03	5.0769E-01
9.6500000E+00	-1.0082E-02	4.5372E-01
9.6600000E+00	-1.2250E-02	4.0106E-01
9.6700000E+00	-1.2888E-02	3.5709E-01
9.6800000E+00	-1.2302E-02	3.2811E-01
9.6900000E+00	-9.9800E-03	3.1743E-01
9.7000000E+00	-6.1668E-03	3.2681E-01
9.7100000E+00	-1.5812E-03	3.5511E-01
9.7200000E+00	3.0325E-03	3.9879E-01
9.7300000E+00	7.9149E-03	4.5173E-01
9.7400000E+00	1.3402E-02	5.0705E-01
9.7500000E+00	1.6958E-02	5.5735E-01
9.7600000E+00	1.7001E-02	5.9633E-01
9.7700000E+00	1.4656E-02	6.1835E-01
9.7800000E+00	1.0831E-02	6.2064E-01
9.7900000E+00	6.1147E-03	6.0333E-01
9.8000000E+00	7.3304E-04	5.6830E-01
9.8100000E+00	-5.0939E-03	5.2069E-01
9.8200000E+00	-9.7538E-03	4.6671E-01
9.8300000E+00	-1.2041E-02	4.1408E-01
9.8400000E+00	-1.2771E-02	3.6939E-01
9.8500000E+00	-1.2268E-02	3.3911E-01
9.8600000E+00	-1.0112E-02	3.2744E-01
9.8700000E+00	-6.3452E-03	3.3577E-01
9.8800000E+00	-1.7965E-03	3.6311E-01
9.8900000E+00	2.8342E-03	4.0579E-01
9.9000000E+00	7.6818E-03	4.5839E-01
9.9100000E+00	1.3301E-02	5.1371E-01
9.9200000E+00	1.6565E-02	5.6468E-01
9.9300000E+00	1.6545E-02	6.0438E-01
9.9400000E+00	1.4428E-02	6.2765E-01
9.9500000E+00	1.0834E-02	6.3100E-01
9.9600000E+00	6.2675E-03	6.1464E-01
9.9700000E+00	1.2169E-03	5.8067E-01
9.9800000E+00	-4.4079E-03	5.3366E-01
9.9900000E+00	-9.2807E-03	4.8002E-01
1.0000000E+01	-1.1885E-02	4.2674E-01
1.0010000E+01	-1.2683E-02	3.8176E-01
1.0020000E+01	-1.2236E-02	3.5043E-01
1.0030000E+01	-1.0125E-02	3.3747E-01
1.0040000E+01	-6.5842E-03	3.4443E-01
1.0050000E+01	-2.0375E-03	3.7077E-01
1.0060000E+01	2.6414E-03	4.1309E-01
1.0070000E+01	7.5320E-03	4.6507E-01
1.0080000E+01	1.3184E-02	5.2071E-01
1.0090000E+01	1.6202E-02	5.7202E-01
1.0100000E+01	1.6092E-02	6.1266E-01
1.0110000E+01	1.4190E-02	6.3666E-01
1.0120000E+01	1.0867E-02	6.4131E-01
1.0130000E+01	6.5273E-03	6.2631E-01
1.0140000E+01	1.5376E-03	5.9296E-01
1.0150000E+01	-3.6940E-03	5.4668E-01
1.0160000E+01	-8.8170E-03	4.9304E-01
1.0170000E+01	-1.1626E-02	4.3975E-01
1.0180000E+01	-1.2565E-02	3.9405E-01
1.0190000E+01	-1.2194E-02	3.6173E-01
1.0200000E+01	-1.0165E-02	3.4777E-01
1.0210000E+01	-6.6989E-03	3.5375E-01
1.0220000E+01	-2.3167E-03	3.7880E-01
1.0230000E+01	2.4437E-03	4.2009E-01
1.0240000E+01	7.4264E-03	4.7207E-01
1.0250000E+01	1.2976E-02	5.2705E-01
1.0260000E+01	1.5601E-02	5.7770E-01
1.0270000E+01	1.5402E-02	6.1762E-01
1.0280000E+01	1.3744E-02	6.4164E-01
1.0290000E+01	1.0582E-02	6.4632E-01
1.0300000E+01	6.3257E-03	6.3131E-01
1.0310000E+01	1.3811E-03	5.9767E-01
1.0320000E+01	-3.7209E-03	5.5066E-01
1.0330000E+01	-8.8571E-03	4.9636E-01
1.0340000E+01	-1.1767E-02	4.4172E-01
1.0350000E+01	-1.2920E-02	3.9406E-01
1.0360000E+01	-1.2727E-02	3.5975E-01
1.0370000E+01	-1.0822E-02	3.4341E-01
1.0380000E+01	-7.5144E-03	3.4679E-01
1.0390000E+01	-3.0978E-03	3.6979E-01
1.0400000E+01	1.5682E-03	4.0908E-01
1.0410000E+01	6.2712E-03	4.5942E-01
1.0420000E+01	1.1540E-02	5.1372E-01
1.0430000E+01	1.4871E-02	5.6469E-01
1.0440000E+01	1.5111E-02	6.0568E-01
1.0450000E+01	1.3374E-02	6.3065E-01
1.0460000E+01	1.0359E-02	6.3662E-01
1.0470000E+01	6.1251E-03	6.2264E-01
1.0480000E+01	1.3640E-03	5.9034E-01
1.0490000E+01	-3.8946E-03	5.4365E-01
1.0500000E+01	-8.8778E-03	4.8969E-01
1.0510000E+01	-1.1759E-02	4.3470E-01
1.0520000E+01	-1.3000E-02	3.8640E-01
1.0530000E+01	-1.2854E-02	3.5144E-01
1.0540000E+01	-1.1217E-02	3.3372E-01
1.0550000E+01	-7.8209E-03	3.3611E-01
1.0560000E+01	-3.5691E-03	3.5808E-01
1.0570000E+01	1.1003E-03	3.9644E-01
1.0580000E+01	5.7482E-03	4.4641E-01
1.0590000E+01	1.0690E-02	5.0075E-01
1.0600000E+01	1.4527E-02	5.5203E-01
1.0610000E+01	1.5033E-02	5.9366E-01
1.0620000E+01	1.3459E-02	6.1998E-01
1.0630000E+01	1.0359E-02	6.2699E-01
1.0640000E+01	6.2525E-03	6.1397E-01
1.0650000E+01	1.4344E-03	5.8265E-01
1.0660000E+01	-3.9208E-03	5.3666E-01
1.0670000E+01	-8.8025E-03	4.8270E-01
1.0680000E+01	-1.1689E-02	4.2770E-01
1.0690000E+01	-1.2965E-02	3.7905E-01
1.0700000E+01	-1.3012E-02	3.4275E-01
1.0710000E+01	-1.1414E-02	3.2408E-01
1.0720000E+01	-8.2500E-03	3.2541E-01
1.0730000E+01	-3.8115E-03	3.4646E-01
1.0740000E+01	6.5984E-04	3.8410E-01
1.0750000E+01	5.2179E-03	4.3310E-01
1.0760000E+01	9.8908E-03	4.8742E-01
1.0770000E+01	1.4136E-02	5.3941E-01
1.0780000E+01	1.5062E-02	5.8168E-01
1.0790000E+01	1.3510E-02	6.0864E-01
1.0800000E+01	1.0521E-02	6.1699E-01
1.0810000E+01	6.3822E-03	6.0535E-01
1.0820000E+01	1.5253E-03	5.7467E-01
1.0830000E+01	-3.8785E-03	5.2968E-01
1.0840000E+01	-8.6853E-03	4.7602E-01
1.0850000E+01	-1.1541E-02	4.2106E-01
1.0860000E+01	-1.2997E-02	3.7141E-01
1.0870000E+01	-1.3097E-02	3.3444E-01
1.0880000E+01	-1.1704E-02	3.1473E-01
1.0890000E+01	-8.5592E-03	3.1479E-01
1.0900000E+01	-4.2746E-03	3.3481E-01
1.0910000E+01	3.0559E-04	3.7146E-01
1.0920000E+01	4.7871E-03	4.2010E-01
1.0930000E+01	9.2849E-03	4.7441E-01
1.0940000E+01	1.3606E-02	5.2636E-01
1.0950000E+01	1.5054E-02	5.6970E-01
1.0960000E+01	1.3746E-02	5.9767E-01
1.0970000E+01	1.0666E-02	6.0699E-01
1.0980000E+01	6.6152E-03	5.9634E-01
1.0990000E+01	1.7335E-03	5.6700E-01
1.1000000E+01	-3.8867E-03	5.2270E-01
1.1010000E+01	-8.5478E-03	4.6936E-01
1.1020000E+01	-1.1433E-02	4.1406E-01
1.1030000E+01	-1.2954E-02	3.6410E-01
1.1040000E+01	-1.3097E-02	3.2641E-01
1.1050000E+01	-1.1932E-02	3.0544E-01
1.1060000E+01	-8.9591E-03	3.0409E-01
1.1070000E+01	-4.6286E-03	3.2315E-01
1.1080000E+01	-2.7035E-05	3.5875E-01
1.1090000E+01	4.4165E-03	4.0711E-01
1.1100000E+01	8.6911E-03	4.6107E-01
1.1110000E+01	1.3017E-02	5.1374E-01
1.1120000E+01	1.5015E-02	5.5738E-01
1.1130000E+01	1.4097E-02	5.8669E-01
1.1140000E+01	1.1055E-02	5.9733E-01
1.1150000E+01	6.7952E-03	5.8767E-01
1.1160000E+01	1.7636E-03	5.5931E-01
1.1170000E+01	-3.7518E-03	5.1567E-01
1.1180000E+01	-8.3609E-03	4.6271E-01
1.1190000E+01	-1.1338E-02	4.0711E-01
1.1200000E+01	-1.2917E-02	3.5674E-01
1.1210000E+01	-1.3274E-02	3.1811E-01
1.1220000E+01	-1.2172E-02	2.9610E-01
1.1230000E+01	-9.2700E-03	2.9379E-01
1.1240000E+01	-4.9815E-03	3.1149E-01
1.1250000E+01	-2.7022E-04	3.4645E-01
1.1260000E+01	3.9972E-03	3.9414E-01
1.1270000E+01	8.3623E-03	4.4808E-01
1.1280000E+01	1.2316E-02	5.0072E-01
1.1290000E+01	1.4849E-02	5.4503E-01
1.1300000E+01	1.4198E-02	5.7536E-01
1.1310000E+01	1.1258E-02	5.8699E-01
1.1320000E+01	7.0580E-03	5.7867E-01
1.1330000E+01	1.9081E-03	5.5135E-01
1.1340000E+01	-3.8236E-03	5.0837E-01
1.1350000E+01	-8.1664E-03	4.5569E-01
1.1360000E+01	-1.1083E-02	4.0041E-01
1.1370000E+01	-1.2822E-02	3.4942E-01
1.1380000E+01	-1.3348E-02	3.0977E-01
1.1390000E+01	-1.2328E-02	2.8678E-01
1.1400000E+01	-9.4864E-03	2.8345E-01
1.1410000E+01	-5.3795E-03	2.9982E-01
1.1420000E+01	-6.8418E-04	3.3379E-01
1.1430000E+01	3.7813E-03	3.8112E-01
1.1440000E+01	7.9235E-03	4.3475E-01
1.1450000E+01	1.1687E-02	4.8772E-01
1.1460000E+01	1.4656E-02	5.3300E-01
1.1470000E+01	1.4379E-02	5.6405E-01
1.1480000E+01	1.1608E-02	5.7704E-01
1.1490000E+01	7.2458E-03	5.6966E-01
1.1500000E+01	2.1096E-03	5.4331E-01
1.1510000E+01	-3.5685E-03	5.0139E-01
1.1520000E+01	-7.9612E-03	4.4906E-01
1.1530000E+01	-1.1013E-02	3.9340E-01
1.1540000E+01	-1.2786E-02	3.4210E-01
1.1550000E+01	-1.3345E-02	3.0178E-01
1.1560000E+01	-1.2520E-02	2.7777E-01
1.1570000E+01	-9.8409E-03	2.7312E-01
1.1580000E+01	-5.6762E-03	2.8848E-01
1.1590000E+01	-9.9312E-04	3.2147E-01
1.1600000E+01	3.4532E-03	3.6814E-01
1.1610000E+01	7.5351E-03	4.2140E-01
1.1620000E+01	1.1232E-02	4.7470E-01
1.1630000E+01	1.4297E-02	5.2069E-01
1.1640000E+01	1.4522E-02	5.5268E-01
1.1650000E+01	1.1974E-02	5.6672E-01
1.1660000E+01	7.6137E-03	5.6067E-01
1.1670000E+01	2.3025E-03	5.3533E-01
1.1680000E+01	-3.4103E-03	4.9406E-01
1.1690000E+01	-7.6976E-03	4.4238E-01
1.1700000E+01	-1.0734E-02	3.8671E-01
1.1710000E+01	-1.2675E-02	3.3510E-01
1.1720000E+01	-1.3476E-02	2.9375E-01
1.1730000E+01	-1.2764E-02	2.6844E-01
1.1740000E+01	-1.0083E-02	2.6280E-01
1.1750000E+01	-6.0606E-03	2.7680E-01
1.1760000E+01	-1.3093E-03	3.0915E-01
1.1770000E+01	3.1948E-03	3.5512E-01
1.1780000E+01	7.2535E-03	4.0842E-01
1.1790000E+01	1.0810E-02	4.6174E-01
1.1800000E+01	1.3854E-02	5.0837E-01
1.1810000E+01	1.4679E-02	5.4135E-01
1.1820000E+01	1.2241E-02	5.5634E-01
1.1830000E+01	7.9179E-03	5.5168E-01
1.1840000E+01	2.4694E-03	5.2735E-01
1.1850000E+01	-3.1868E-03	4.8672E-01
1.1860000E+01	-7.4138E-03	4.3539E-01
1.1870000E+01	-1.0505E-02	3.8007E-01
1.1880000E+01	-1.2638E-02	3.2775E-01
1.1890000E+01	-1.3496E-02	2.8576E-01
1.1900000E+01	-1.2854E-02	2.5947E-01
1.1910000E+01	-1.0373E-02	2.5246E-01
1.1920000E+01	-6.3893E-03	2.6549E-01
1.1930000E+01	-1.6912E-03	2.9678E-01
1.1940000E+01	2.8956E-03	3.4215E-01
1.1950000E+01	6.9577E-03	3.9511E-01
1.1960000E+01	1.0486E-02	4.4873E-01
1.1970000E+01	1.3372E-02	4.9610E-01
1.1980000E+01	1.4731E-02	5.3005E-01
1.1990000E+01	1.2450E-02	5.4605E-01
1.2000000E+01	8.1467E-03	5.4235E-01
1.2010000E+01	2.6881E-03	5.1935E-01
1.2020000E+01	-2.8340E-03	4.7966E-01
1.2030000E+01	-7.1276E-03	4.2873E-01
1.2040000E+01	-1.0379E-02	3.7306E-01
1.2050000E+01	-1.2582E-02	3.2042E-01
1.2060000E+01	-1.3576E-02	2.7777E-01
1.2070000E+01	-1.3047E-02	2.5046E-01
1.2080000E+01	-1.0599E-02	2.4245E-01
1.2090000E+01	-6.6720E-03	2.5416E-01
1.2100000E+01	-1.9714E-03	2.8450E-01
1.2110000E+01	2.6022E-03	3.2911E-01
1.2120000E+01	6.7708E-03	3.8213E-01
1.2130000E+01	1.0090E-02	4.3572E-01
1.2140000E+01	1.2919E-02	4.8337E-01
1.2150000E+01	1.4519E-02	5.1837E-01
1.2160000E+01	1.2768E-02	5.3566E-01
1.2170000E+01	8.5229E-03	5.3334E-01
1.2180000E+01	2.9296E-03	5.1103E-01
1.2190000E+01	-2.5844E-03	4.7237E-01
1.2200000E+01	-6.8101E-03	4.2175E-01
1.2210000E+01	-1.0100E-02	3.6642E-01
1.2220000E+01	-1.2451E-02	3.1343E-01
1.2230000E+01	-1.3626E-02	2.6974E-01
1.2240000E+01	-1.3095E-02	2.4180E-01
1.2250000E+01	-1.0719E-02	2.3248E-01
1.2260000E+01	-6.9539E-03	2.4318E-01
1.2270000E+01	-2.2393E-03	2.7249E-01
1.2280000E+01	2.3252E-03	3.1648E-01
1.2290000E+01	6.4759E-03	3.6878E-01
1.2300000E+01	9.8609E-03	4.2276E-01
1.2310000E+01	1.2526E-02	4.7110E-01
1.2320000E+01	1.4088E-02	5.0674E-01
1.2330000E+01	1.2910E-02	5.2538E-01
1.2340000E+01	8.7672E-03	5.2405E-01
1.2350000E+01	3.1922E-03	5.0303E-01
1.2360000E+01	-2.2755E-03	4.6506E-01
1.2370000E+01	-6.4642E-03	4.1507E-01
1.2380000E+01	-9.9046E-03	3.5974E-01
1.2390000E+01	-1.2358E-02	3.0641E-01
1.2400000E+01	-1.3574E-02	2.6212E-01
1.2410000E+01	-1.3276E-02	2.3281E-01
1.2420000E+01	-1.1031E-02	2.2215E-01
1.2430000E+01	-7.2418E-03	2.3182E-01
1.2440000E+01	-2.6027E-03	2.6016E-01
1.2450000E+01	2.0602E-03	3.0347E-01
1.2460000E+01	6.2188E-03	3.5576E-01
1.2470000E+01	9.5539E-03	4.0979E-01
1.2480000E+01	1.2153E-02	4.5841E-01
1.2490000E+01	1.3820E-02	4.9504E-01
1.2500000E+01	1.2951E-02	5.1470E-01
1.2510000E+01	9.0134E-03	5.1468E-01
1.2520000E+01	3.4578E-03	4.9472E-01
1.2530000E+01	-1.8671E-03	4.5740E-01
1.2540000E+01	-6.1504E-03	4.0806E-01
1.2550000E+01	-9.6851E-03	3.5273E-01
1.2560000E+01	-1.2212E-02	2.9944E-01
1.2570000E+01	-1.3545E-02	2.5446E-01
1.2580000E+01	-1.3342E-02	2.2413E-01
1.2590000E+01	-1.1221E-02	2.1247E-01
1.2600000E+01	-7.5969E-03	2.2083E-01
1.2610000E+01	-2.9132E-03	2.4818E-01
1.2620000E+01	1.7087E-03	2.9081E-01
1.2630000E+01	5.9442E-03	3.4248E-01
1.2640000E+01	9.3339E-03	3.9677E-01
1.2650000E+01	1.1859E-02	4.4606E-01
1.2660000E+01	1.3438E-02	4.8340E-01
1.2670000E+01	1.2800E-02	5.0402E-01
1.2680000E+01	9.1590E-03	5.0504E-01
1.2690000E+01	3.8124E-03	4.8637E-01
1.2700000E+01	-1.5466E-03	4.5002E-01
1.2710000E+01	-5.8172E-03	4.0107E-01
1.2720000E+01	-9.4133E-03	3.4610E-01
1.2730000E+01	-1.2149E-02	2.9212E-01
1.2740000E+01	-1.3554E-02	2.4643E-01
1.2750000E+01	-1.3369E-02	2.1546E-01
1.2760000E+01	-1.1401E-02	2.0248E-01
1.2770000E+01	-7.7728E-03	2.0983E-01
1.2780000E+01	-3.2952E-03	2.3617E-01
1.2790000E+01	1.4316E-03	2.7783E-01
1.2800000E+01	5.7220E-03	3.2950E-01
1.2810000E+01	9.1610E-03	3.8377E-01
1.2820000E+01	1.1596E-02	4.3342E-01
1.2830000E+01	1.3139E-02	4.7172E-01
1.2840000E+01	1.2653E-02	4.9340E-01
1.2850000E+01	9.3441E-03	4.9573E-01
1.2860000E+01	4.1007E-03	4.7804E-01
1.2870000E+01	-1.1049E-03	4.4271E-01
1.2880000E+01	-5.4789E-03	3.9441E-01
1.2890000E+01	-9.1960E-03	3.3939E-01
1.2900000E+01	-1.2076E-02	2.8510E-01
1.2910000E+01	-1.3497E-02	2.3877E-01
1.2920000E+01	-1.3363E-02	2.0680E-01
1.2930000E+01	-1.1439E-02	1.9283E-01
1.2940000E+01	-8.0201E-03	1.9882E-01
1.2950000E+01	-3.5774E-03	2.2416E-01
1.2960000E+01	1.1212E-03	2.6518E-01
1.2970000E+01	5.4601E-03	3.1614E-01
1.2980000E+01	8.9219E-03	3.7046E-01
1.2990000E+01	1.1410E-02	4.2076E-01
1.3000000E+01	1.2783E-02	4.5971E-01
1.3010000E+01	1.2502E-02	4.8272E-01
1.3020000E+01	9.2993E-03	4.8603E-01
1.3030000E+01	4.3390E-03	4.6937E-01
1.3040000E+01	-7.3703E-04	4.3507E-01
1.3050000E+01	-5.1089E-03	3.8740E-01
1.3060000E+01	-9.0378E-03	3.3277E-01
1.3070000E+01	-1.1868E-02	2.7808E-01
1.3080000E+01	-1.3426E-02	2.3144E-01
1.3090000E+01	-1.3407E-02	1.9814E-01
1.3100000E+01	-1.1660E-02	1.8282E-01
1.3110000E+01	-8.2333E-03	1.8784E-01
1.3120000E+01	-3.8775E-03	2.1219E-01
1.3130000E+01	8.4250E-04	2.5250E-01
1.3140000E+01	5.2074E-03	3.0313E-01
1.3150000E+01	8.8093E-03	3.5748E-01
1.3160000E+01	1.1191E-02	4.0810E-01
1.3170000E+01	1.2564E-02	4.4806E-01
1.3180000E+01	1.2302E-02	4.7169E-01
1.3190000E+01	9.4407E-03	4.7637E-01
1.3200000E+01	4.6409E-03	4.6103E-01
1.3210000E+01	-4.3708E-04	4.2735E-01
1.3220000E+01	-4.8879E-03	3.8041E-01
1.3230000E+01	-8.8189E-03	3.2575E-01
1.3240000E+01	-1.1823E-02	2.7109E-01
1.3250000E+01	-1.3346E-02	2.2378E-01
1.3260000E+01	-1.3420E-02	1.8948E-01
1.3270000E+01	-1.1708E-02	1.7316E-01
1.3280000E+01	-8.4223E-03	1.7717E-01
1.3290000E+01	-4.1805E-03	2.0021E-01
1.3300000E+01	4.7751E-04	2.3984E-01
1.3310000E+01	4.8842E-03	2.8979E-01
1.3320000E+01	8.5284E-03	3.4415E-01
1.3330000E+01	1.1051E-02	3.9545E-01
1.3340000E+01	1.2369E-02	4.3610E-01
1.3350000E+01	1.2214E-02	4.6107E-01
1.3360000E+01	9.4866E-03	4.6672E-01
1.3370000E+01	4.8943E-03	4.5239E-01
1.3380000E+01	-8.3598E-05	4.2006E-01
1.3390000E+01	-4.5328E-03	3.7340E-01
1.3400000E+01	-8.5832E-03	3.1911E-01
1.3410000E+01	-1.1642E-02	2.6444E-01
1.3420000E+01	-1.3429E-02	2.1614E-01
1.3430000E+01	-1.3401E-02	1.8117E-01
1.3440000E+01	-1.1768E-02	1.6385E-01
1.3450000E+01	-8.6906E-03	1.6620E-01
1.3460000E+01	-4.3985E-03	1.8851E-01
1.3470000E+01	2.4012E-04	2.2719E-01
1.3480000E+01	4.5670E-03	2.7681E-01
1.3490000E+01	8.2846E-03	3.3116E-01
1.3500000E+01	1.0761E-02	3.8247E-01
1.3510000E+01	1.2145E-02	4.2408E-01
1.3520000E+01	1.2057E-02	4.5007E-01
1.3530000E+01	9.5524E-03	4.5704E-01
1.3540000E+01	5.1122E-03	4.4371E-01
1.3550000E+01	2.6228E-04	4.1240E-01
1.3560000E+01	-4.2813E-03	3.6644E-01
1.3570000E+01	-8.3858E-03	3.1245E-01
1.3580000E+01	-1.1549E-02	2.5745E-01
1.3590000E+01	-1.3312E-02	2.0882E-01
1.3600000E+01	-1.3392E-02	1.7281E-01
1.3610000E+01	-1.1873E-02	1.5417E-01
1.3620000E+01	-8.8117E-03	1.5550E-01
1.3630000E+01	-4.6927E-03	1.7652E-01
1.3640000E+01	-1.2385E-04	2.1451E-01
1.3650000E+01	4.3252E-03	2.6385E-01
1.3660000E+01	8.0189E-03	3.1815E-01
1.3670000E+01	1.0640E-02	3.6979E-01
1.3680000E+01	1.1936E-02	4.1210E-01
1.3690000E+01	1.1923E-02	4.3907E-01
1.3700000E+01	9.6012E-03	4.4708E-01
1.3710000E+01	5.3702E-03	4.3507E-01
1.3720000E+01	5.3681E-04	4.0440E-01
1.3730000E+01	-3.9749E-03	3.5940E-01
1.3740000E+01	-8.0992E-03	3.0578E-01
1.3750000E+01	-1.1392E-02	2.5043E-01
1.3760000E+01	-1.3215E-02	2.0115E-01
1.3770000E+01	-1.3388E-02	1.6449E-01
1.3780000E+01	-1.1901E-02	1.4486E-01
1.3790000E+01	-8.9415E-03	1.4487E-01
1.3800000E+01	-4.9811E-03	1.6484E-01
1.3810000E+01	-4.3504E-04	2.0183E-01
1.3820000E+01	3.9944E-03	2.5082E-01
1.3830000E+01	7.9774E-03	3.0483E-01
1.3840000E+01	1.0479E-02	3.5682E-01
1.3850000E+01	1.1816E-02	3.9977E-01
1.3860000E+01	1.1832E-02	4.2807E-01
1.3870000E+01	9.6227E-03	4.3708E-01
1.3880000E+01	5.5779E-03	4.2640E-01
1.3890000E+01	7.4993E-04	3.9674E-01
1.3900000E+01	-3.6902E-03	3.5244E-01
1.3910000E+01	-7.9294E-03	2.9908E-01
1.3920000E+01	-1.1282E-02	2.4380E-01
1.3930000E+01	-1.3033E-02	1.9379E-01
1.3940000E+01	-1.3222E-02	1.5618E-01
1.3950000E+01	-1.1886E-02	1.3554E-01
1.3960000E+01	-9.1266E-03	1.3454E-01
1.3970000E+01	-5.3242E-03	1.5319E-01
1.3980000E+01	-7.7819E-04	1.8919E-01
1.3990000E+01	3.6893E-03	2.3750E-01
1.4000000E+01	7.5682E-03	2.9148E-01
1.4010000E+01	1.0411E-02	3.4413E-01
1.4020000E+01	1.1778E-02	3.8777E-01
1.4030000E+01	1.1696E-02	4.1677E-01
1.4040000E+01	9.7378E-03	4.2741E-01
1.4050000E+01	5.8233E-03	4.1743E-01
1.4060000E+01	1.1402E-03	3.8905E-01
1.4070000E+01	-3.4610E-03	3.4508E-01
1.4080000E+01	-7.8944E-03	2.9211E-01
1.4090000E+01	-1.1047E-02	2.3680E-01
1.4100000E+01	-1.2947E-02	1.8648E-01
1.4110000E+01	-1.3203E-02	1.4781E-01
1.4120000E+01	-1.1995E-02	1.2617E-01
1.4130000E+01	-9.2179E-03	1.2387E-01
1.4140000E+01	-5.4599E-03	1.4153E-01
1.4150000E+01	-1.0484E-03	1.7688E-01
1.4160000E+01	3.3331E-03	2.2454E-01
1.4170000E+01	7.2963E-03	2.7851E-01
1.4180000E+01	1.0128E-02	3.3116E-01
1.4190000E+01	1.1566E-02	3.7542E-01
1.4200000E+01	1.1625E-02	4.0577E-01
1.4210000E+01	9.6541E-03	4.1708E-01
1.4220000E+01	5.9841E-03	4.0873E-01
1.4230000E+01	1.3029E-03	3.8107E-01
1.4240000E+01	-3.2785E-03	3.3808E-01
1.4250000E+01	-7.4915E-03	2.8542E-01
1.4260000E+01	-1.0907E-02	2.3012E-01
1.4270000E+01	-1.2906E-02	1.7915E-01
1.4280000E+01	-1.3143E-02	1.3984E-01
1.4290000E+01	-1.2044E-02	1.1685E-01
1.4300000E+01	-9.4007E-03	1.1353E-01
1.4310000E+01	-5.6176E-03	1.3021E-01
1.4320000E+01	-1.3753E-03	1.6422E-01
1.4330000E+01	2.9866E-03	2.1149E-01
1.4340000E+01	7.0149E-03	2.6517E-01
1.4350000E+01	9.9235E-03	3.1815E-01
1.4360000E+01	1.1402E-02	3.6348E-01
1.4370000E+01	1.1619E-02	3.9444E-01
1.4380000E+01	9.7668E-03	4.0708E-01
1.4390000E+01	6.0840E-03	3.9976E-01
1.4400000E+01	1.5984E-03	3.7310E-01
1.4410000E+01	-3.0307E-03	3.3110E-01
1.4420000E+01	-7.3305E-03	2.7875E-01
1.4430000E+01	-1.0741E-02	2.2313E-01
1.4440000E+01	-1.2775E-02	1.7182E-01
1.4450000E+01	-1.3138E-02	1.3151E-01
1.4460000E+01	-1.1996E-02	1.0754E-01
1.4470000E+01	-9.4868E-03	1.0320E-01
1.4480000E+01	-5.9439E-03	1.1854E-01
1.4490000E+01	-1.6014E-03	1.5186E-01
1.4500000E+01	2.6720E-03	1.9852E-01
1.4510000E+01	6.7216E-03	2.5217E-01
1.4520000E+01	9.6899E-03	3.0548E-01
1.4530000E+01	1.1328E-02	3.5114E-01
1.4540000E+01	1.1479E-02	3.8311E-01
1.4550000E+01	9.7518E-03	3.9675E-01
1.4560000E+01	6.2722E-03	3.9075E-01
1.4570000E+01	1.8033E-03	3.6510E-01
1.4580000E+01	-2.7584E-03	3.2377E-01
1.4590000E+01	-7.0876E-03	2.7177E-01
1.4600000E+01	-1.0504E-02	2.1647E-01
1.4610000E+01	-1.2566E-02	1.6447E-01
1.4620000E+01	-1.3043E-02	1.2350E-01
1.4630000E+01	-1.2064E-02	9.8520E-02
1.4640000E+01	-9.6334E-03	9.2873E-02
1.4650000E+01	-6.0275E-03	1.0722E-01
1.4660000E+01	-1.8468E-03	1.3957E-01
1.4670000E+01	2.3465E-03	1.8554E-01
1.4680000E+01	6.4312E-03	2.3886E-01
1.4690000E+01	9.5214E-03	2.9248E-01
1.4700000E+01	1.1195E-02	3.3880E-01
1.4710000E+01	1.1499E-02	3.7178E-01
1.4720000E+01	9.8850E-03	3.8673E-01
1.4730000E+01	6.5205E-03	3.8177E-01
1.4740000E+01	2.0905E-03	3.5708E-01
1.4750000E+01	-2.5377E-03	3.1644E-01
1.4760000E+01	-6.8338E-03	2.6512E-01
1.4770000E+01	-1.0353E-02	2.0947E-01
1.4780000E+01	-1.2451E-02	1.5749E-01
1.4790000E+01	-1.2954E-02	1.1551E-01
1.4800000E+01	-1.2052E-02	8.9522E-02
1.4810000E+01	-9.7610E-03	8.2567E-02
1.4820000E+01	-6.2821E-03	9.5866E-02
1.4830000E+01	-2.0976E-03	1.2723E-01
1.4840000E+01	2.0117E-03	1.7251E-01
1.4850000E+01	6.1358E-03	2.2585E-01
1.4860000E+01	9.2477E-03	2.7948E-01
1.4870000E+01	1.1087E-02	3.2647E-01
1.4880000E+01	1.1371E-02	3.6012E-01
1.4890000E+01	9.9354E-03	3.7643E-01
1.4900000E+01	6.6667E-03	3.7242E-01
1.4910000E+01	2.3284E-03	3.4911E-01
1.4920000E+01	-2.2850E-03	3.0943E-01
1.4930000E+01	-6.6698E-03	2.5813E-01
1.4940000E+01	-1.0137E-02	2.0281E-01
1.4950000E+01	-1.2264E-02	1.5015E-01
1.4960000E+01	-1.2883E-02	1.0750E-01
1.4970000E+01	-1.2058E-02	8.0546E-02
1.4980000E+01	-9.8719E-03	7.2536E-02
1.4990000E+01	-6.3847E-03	8.4549E-02
1.5000000E+01	-2.4039E-03	1.1484E-01
1.5010000E+01	1.8228E-03	1.5987E-01
1.5020000E+01	5.7578E-03	2.1252E-01
1.5030000E+01	9.0813E-03	2.6649E-01
1.5040000E+01	1.0898E-02	3.1385E-01
1.5050000E+01	1.1378E-02	3.4881E-01
1.5060000E+01	9.9669E-03	3.6579E-01
1.5070000E+01	6.8420E-03	3.6312E-01
1.5080000E+01	2.5570E-03	3.4109E-01
1.5090000E+01	-2.0163E-03	3.0208E-01
1.5100000E+01	-6.4317E-03	2.5143E-01
1.5110000E+01	-9.9652E-03	1.9612E-01
1.5120000E+01	-1.2073E-02	1.4316E-01
1.5130000E+01	-1.2712E-02	9.9840E-02
1.5140000E+01	-1.2153E-02	7.1569E-02
1.5150000E+01	-9.9202E-03	6.2584E-02
1.5160000E+01	-6.6451E-03	7.3272E-02
1.5170000E+01	-2.5839E-03	1.0289E-01
1.5180000E+01	1.5447E-03	1.4686E-01
1.5190000E+01	5.5151E-03	1.9952E-01
1.5200000E+01	8.8024E-03	2.5351E-01
1.5210000E+01	1.0835E-02	3.0148E-01
1.5220000E+01	1.1290E-02	3.3714E-01
1.5230000E+01	1.0058E-02	3.5545E-01
1.5240000E+01	7.0128E-03	3.5409E-01
1.5250000E+01	2.8007E-03	3.3277E-01
1.5260000E+01	-1.8219E-03	2.9477E-01
1.5270000E+01	-6.2284E-03	2.4443E-01
1.5280000E+01	-9.7601E-03	1.8912E-01
1.5290000E+01	-1.1898E-02	1.3583E-01
1.5300000E+01	-1.2596E-02	9.1883E-02
1.5310000E+01	-1.2070E-02	6.2850E-02
1.5320000E+01	-1.0122E-02	5.2262E-02
1.5330000E+01	-6.7214E-03	6.2229E-02
1.5340000E+01	-2.8683E-03	9.0574E-02
1.5350000E+01	1.2801E-03	1.3392E-01
1.5360000E+01	5.1372E-03	1.8623E-01
1.5370000E+01	8.5304E-03	2.4016E-01
1.5380000E+01	1.0592E-02	2.8881E-01
1.5390000E+01	1.1206E-02	3.2544E-01
1.5400000E+01	1.0066E-02	3.4481E-01
1.5410000E+01	7.1804E-03	3.4442E-01
1.5420000E+01	3.0133E-03	3.2445E-01
1.5430000E+01	-1.5706E-03	2.8709E-01
1.5440000E+01	-6.0099E-03	2.3778E-01
1.5450000E+01	-9.4853E-03	1.8249E-01
1.5460000E+01	-1.1705E-02	1.2884E-01
1.5470000E+01	-1.2438E-02	8.4187E-02
1.5480000E+01	-1.2141E-02	5.3912E-02
1.5490000E+01	-1.0144E-02	4.2563E-02
1.5500000E+01	-7.0027E-03	5.0897E-02
1.5510000E+01	-2.9856E-03	7.8555E-02
1.5520000E+01	1.0508E-03	1.2119E-01
1.5530000E+01	4.9131E-03	1.7323E-01
1.5540000E+01	8.1937E-03	2.2718E-01
1.5550000E+01	1.0457E-02	2.7653E-01
1.5560000E+01	1.1102E-02	3.1384E-01
1.5570000E+01	1.0212E-02	3.3447E-01
1.5580000E+01	7.2734E-03	3.3511E-01
1.5590000E+01	3.2307E-03	3.1611E-01
1.5600000E+01	-1.3200E-03	2.7979E-01
1.5610000E+01	-5.7078E-03	2.3077E-01
1.5620000E+01	-9.3056E-03	1.7581E-01
1.5630000E+01	-1.1409E-02	1.2183E-01
1.5640000E+01	-1.2406E-02	7.6212E-02
1.5650000E+01	-1.2079E-02	4.5217E-02
1.5660000E+01	-1.0258E-02	3.2565E-02
1.5670000E+01	-7.1170E-03	3.9905E-02
1.5680000E+01	-3.2154E-03	6.6539E-02
1.5690000E+01	6.8918E-04	1.0823E-01
1.5700000E+01	4.5767E-03	1.5991E-01
1.5710000E+01	8.1022E-03	2.1421E-01
1.5720000E+01	1.0315E-02	2.6386E-01
1.5730000E+01	1.1096E-02	3.0216E-01
1.5740000E+01	1.0182E-02	3.2378E-01
1.5750000E+01	7.5570E-03	3.2578E-01
1.5760000E+01	3.4039E-03	3.0776E-01
1.5770000E+01	-1.0246E-03	2.7243E-01
1.5780000E+01	-5.5961E-03	2.2381E-01
1.5790000E+01	-8.9270E-03	1.6914E-01
1.5800000E+01	-1.1234E-02	1.1483E-01
1.5810000E+01	-1.2272E-02	6.8552E-02
1.5820000E+01	-1.2122E-02	3.6570E-02
1.5830000E+01	-1.0348E-02	2.2918E-02
1.5840000E+01	-7.3939E-03	2.8907E-02
1.5850000E+01	-3.4574E-03	5.4586E-02
1.5860000E+01	6.3059E-04	9.5593E-02
1.5870000E+01	4.3783E-03	1.4687E-01
1.5880000E+01	7.6008E-03	2.0118E-01
1.5890000E+01	1.0136E-02	2.5120E-01
1.5900000E+01	1.0906E-02	2.9016E-01
1.5910000E+01	1.0288E-02	3.1280E-01
1.5920000E+01	7.5257E-03	3.1613E-01
1.5930000E+01	3.6553E-03	2.9944E-01
1.5940000E+01	-9.0227E-04	2.6479E-01
1.5950000E+01	-5.1810E-03	2.1711E-01
1.5960000E+01	-8.7993E-03	1.6217E-01
1.5970000E+01	-1.1034E-02	1.0784E-01
1.5980000E+01	-1.2236E-02	6.0870E-02
1.5990000E+01	-1.2061E-02	2.7952E-02
1.6000000E+01	-1.0522E-02	1.2899E-02
1.6010000E+01	-7.4364E-03	1.8246E-02
1.6020000E+01	-3.6846E-03	4.2596E-02
1.6030000E+01	4.1609E-04	8.2944E-02
1.6040000E+01	4.0305E-03	1.3354E-01
1.6050000E+01	7.4580E-03	1.8788E-01
1.6060000E+01	9.8463E-03	2.3852E-01
1.6070000E+01	1.0821E-02	2.7817E-01
1.6080000E+01	1.0180E-02	3.0211E-01
1.6090000E+01	7.7783E-03	3.0646E-01
1.6100000E+01	3.8005E-03	2.9078E-01
1.6110000E+01	-7.1772E-04	2.5715E-01
1.6120000E+01	-5.0204E-03	2.1013E-01
1.6130000E+01	-8.4629E-03	1.5549E-01
1.6140000E+01	-1.0823E-02	1.0083E-01
1.6150000E+01	-1.2001E-02	5.3545E-02
1.6160000E+01	-1.2098E-02	1.9568E-02
1.6170000E+01	-1.0637E-02	3.2576E-03
1.6180000E+01	-7.6768E-03	7.2524E-03
1.6190000E+01	-3.8550E-03	3.0592E-02
1.6200000E+01	1.9863E-04	7.0274E-02
1.6210000E+01	3.8737E-03	1.2055E-01
1.6220000E+01	7.1702E-03	1.7487E-01
1.6230000E+01	9.6867E-03	2.2584E-01
1.6240000E+01	1.0747E-02	2.6653E-01
1.6250000E+01	1.0287E-02	2.9119E-01
1.6260000E+01	7.8875E-03	2.9676E-01
1.6270000E+01	4.0648E-03	2.8245E-01
1.6280000E+01	-5.2653E-04	2.4982E-01
1.6290000E+01	-4.7890E-03	2.0317E-01
1.6300000E+01	-8.2267E-03	1.4881E-01
1.6310000E+01	-1.0542E-02	9.3837E-02
1.6320000E+01	-1.1945E-02	4.5912E-02
1.6330000E+01	-1.2125E-02	1.0926E-02
1.6340000E+01	-1.0688E-02	-6.0687E-03
1.6350000E+01	-7.8671E-03	-3.3869E-03
1.6360000E+01	-4.0957E-03	1.8922E-02
1.6370000E+01	-5.0275E-05	5.7586E-02
1.6380000E+01	3.6634E-03	1.0721E-01
1.6390000E+01	6.9021E-03	1.6156E-01
1.6400000E+01	9.3820E-03	2.1286E-01
1.6410000E+01	1.0635E-02	2.5451E-01
1.6420000E+01	1.0235E-02	2.8015E-01
1.6430000E+01	7.9280E-03	2.8713E-01
1.6440000E+01	4.1764E-03	2.7379E-01
1.6450000E+01	-1.5260E-04	2.4215E-01
1.6460000E+01	-4.5126E-03	1.9613E-01
1.6470000E+01	-7.8965E-03	1.4220E-01
1.6480000E+01	-1.0399E-02	8.7180E-02
1.6490000E+01	-1.1787E-02	3.8556E-02
1.6500000E+01	-1.2161E-02	2.6024E-03
1.6510000E+01	-1.0843E-02	-1.5724E-02
1.6520000E+01	-8.0624E-03	-1.4087E-02
1.6530000E+01	-4.2923E-03	6.9250E-03
1.6540000E+01	-2.4208E-04	4.4902E-02
1.6550000E+01	3.5075E-03	9.4230E-02
1.6560000E+01	6.7497E-03	1.4855E-01
1.6570000E+01	9.1715E-03	2.0020E-01
1.6580000E+01	1.0457E-02	2.4247E-01
1.6590000E+01	1.0329E-02	2.6917E-01
1.6600000E+01	8.0357E-03	2.7713E-01
1.6610000E+01	4.3937E-03	2.6515E-01
1.6620000E+01	-1.4454E-04	2.3414E-01
1.6630000E+01	-4.2147E-03	1.8916E-01
1.6640000E+01	-7.7356E-03	1.3517E-01
1.6650000E+01	-1.0169E-02	8.0200E-02
1.6660000E+01	-1.1714E-02	3.0914E-02
1.6670000E+01	-1.2082E-02	-5.7181E-03
1.6680000E+01	-1.0996E-02	-2.5077E-02
1.6690000E+01	-8.2881E-03	-2.4720E-02
1.6700000E+01	-4.5725E-03	-4.7216E-03
1.6710000E+01	-4.3551E-04	3.2244E-02
1.6720000E+01	3.3035E-03	8.1218E-02
1.6730000E+01	6.5296E-03	1.3522E-01
1.6740000E+01	8.9923E-03	1.8753E-01
1.6750000E+01	1.0354E-02	2.3018E-01
1.6760000E+01	1.0289E-02	2.5816E-01
1.6770000E+01	8.2150E-03	2.6715E-01
1.6780000E+01	4.5264E-03	2.5612E-01
1.6790000E+01	1.7262E-04	2.2648E-01
1.6800000E+01	-3.9080E-03	1.8215E-01
1.6810000E+01	-7.3280E-03	1.2852E-01
1.6820000E+01	-9.9741E-03	7.3222E-02
1.6830000E+01	-1.1507E-02	2.3568E-02
1.6840000E+01	-1.2136E-02	-1.4059E-02
1.6850000E+01	-1.1072E-02	-3.4714E-02
1.6860000E+01	-8.4945E-03	-3.5388E-02
1.6870000E+01	-4.7333E-03	-1.6402E-02
1.6880000E+01	-6.8370E-04	1.9567E-02
1.6890000E+01	3.2001E-03	6.8229E-02
1.6900000E+01	6.3171E-03	1.2222E-01
1.6910000E+01	8.7892E-03	1.7455E-01
1.6920000E+01	1.0211E-02	2.1819E-01
1.6930000E+01	1.0308E-02	2.4716E-01
1.6940000E+01	8.3166E-03	2.5748E-01
1.6950000E+01	4.7012E-03	2.4748E-01
1.6960000E+01	4.1364E-04	2.1884E-01
1.6970000E+01	-3.6315E-03	1.7482E-01
1.6980000E+01	-7.0882E-03	1.2185E-01
1.6990000E+01	-9.6977E-03	6.6526E-02
1.7000000E+01	-1.1473E-02	1.6245E-02
1.7010000E+01	-1.2094E-02	-2.2369E-02
1.7020000E+01	-1.1229E-02	-4.4055E-02
1.7030000E+01	-8.6478E-03	-4.6042E-02
1.7040000E+01	-4.9955E-03	-2.8049E-02
1.7050000E+01	-8.4500E-04	7.2745E-03
1.7060000E+01	3.0231E-03	5.4901E-02
1.7070000E+01	6.2412E-03	1.0890E-01
1.7080000E+01	8.6117E-03	1.6154E-01
1.7090000E+01	1.0094E-02	2.0582E-01
1.7100000E+01	1.0208E-02	2.3582E-01
1.7110000E+01	8.3583E-03	2.4715E-01
1.7120000E+01	4.8644E-03	2.3845E-01
1.7130000E+01	6.9088E-04	2.1081E-01
1.7140000E+01	-3.2765E-03	1.6783E-01
1.7150000E+01	-6.7770E-03	1.1519E-01
1.7160000E+01	-9.5794E-03	5.9557E-02
1.7170000E+01	-1.1383E-02	8.9174E-03
1.7180000E+01	-1.2210E-02	-3.0398E-02
1.7190000E+01	-1.1280E-02	-5.3036E-02
1.7200000E+01	-8.8573E-03	-5.6370E-02
1.7210000E+01	-5.2246E-03	-3.9716E-02
1.7220000E+01	-1.0596E-03	-5.0721E-03
1.7230000E+01	2.8624E-03	4.1896E-02
1.7240000E+01	6.1089E-03	9.5887E-02
1.7250000E+01	8.4916E-03	1.4887E-01
1.7260000E+01	9.9150E-03	1.9385E-01
1.7270000E+01	1.0174E-02	2.2454E-01
1.7280000E+01	8.4915E-03	2.3716E-01
1.7290000E+01	5.0444E-03	2.2948E-01
1.7300000E+01	8.6654E-04	2.0280E-01
1.7310000E+01	-3.1182E-03	1.6049E-01
1.7320000E+01	-6.5148E-03	1.0820E-01
1.7330000E+01	-9.2813E-03	5.2897E-02
1.7340000E+01	-1.1338E-02	1.5864E-03
1.7350000E+01	-1.2192E-02	-3.8716E-02
1.7360000E+01	-1.1455E-02	-6.2385E-02
1.7370000E+01	-9.0417E-03	-6.6726E-02
1.7380000E+01	-5.4957E-03	-5.1070E-02
1.7390000E+01	-1.4112E-03	-1.7757E-02
1.7400000E+01	2.6353E-03	2.8882E-02
1.7410000E+01	5.9419E-03	8.2570E-02
1.7420000E+01	8.2968E-03	1.3585E-01
1.7430000E+01	9.8494E-03	1.8153E-01
1.7440000E+01	1.0010E-02	2.1317E-01
1.7450000E+01	8.5600E-03	2.2687E-01
1.7460000E+01	5.2130E-03	2.2048E-01
1.7470000E+01	1.2672E-03	1.9513E-01
1.7480000E+01	-2.7672E-03	1.5349E-01
1.7490000E+01	-6.2732E-03	1.0153E-01
1.7500000E+01	-9.1801E-03	4.5880E-02
1.7510000E+01	-1.1252E-02	-5.7150E-03
1.7520000E+01	-1.2149E-02	-4.6714E-02
1.7530000E+01	-1.1475E-02	-7.1356E-02
1.7540000E+01	-9.3215E-03	-7.7023E-02
1.7550000E+01	-5.7333E-03	-6.2402E-02
1.7560000E+01	-1.6052E-03	-3.0045E-02
1.7570000E+01	2.4152E-03	1.5899E-02
1.7580000E+01	5.7657E-03	6.9554E-02
1.7590000E+01	8.2375E-03	1.2288E-01
1.7600000E+01	9.6527E-03	1.6920E-01
1.7610000E+01	1.0012E-02	2.0185E-01
1.7620000E+01	8.5623E-03	2.1684E-01
1.7630000E+01	5.4788E-03	2.1151E-01
1.7640000E+01	1.3520E-03	1.8684E-01
1.7650000E+01	-2.5182E-03	1.4613E-01
1.7660000E+01	-6.0282E-03	9.4549E-02
1.7670000E+01	-8.9201E-03	3.9223E-02
1.7680000E+01	-1.1125E-02	-1.2721E-02
1.7690000E+01	-1.2218E-02	-5.4693E-02
1.7700000E+01	-1.1710E-02	-8.0670E-02
1.7710000E+01	-9.4563E-03	-8.7351E-02
1.7720000E+01	-6.0490E-03	-7.4042E-02
1.7730000E+01	-1.7936E-03	-4.2390E-02
1.7740000E+01	2.2658E-03	3.2506E-03
1.7750000E+01	5.7149E-03	5.6234E-02
1.7760000E+01	8.1418E-03	1.0989E-01
1.7770000E+01	9.6194E-03	1.5685E-01
1.7780000E+01	9.9177E-03	1.9053E-01
1.7790000E+01	8.6514E-03	2.0654E-01
1.7800000E+01	5.5829E-03	2.0252E-01
1.7810000E+01	1.6763E-03	1.7883E-01
1.7820000E+01	-2.2271E-03	1.3886E-01
1.7830000E+01	-5.7415E-03	8.7891E-02
1.7840000E+01	-8.7679E-03	3.2569E-02
1.7850000E+01	-1.1068E-02	-2.0063E-02
1.7860000E+01	-1.2258E-02	-6.2697E-02
1.7870000E+01	-1.1803E-02	-8.9698E-02
1.7880000E+01	-9.7306E-03	-9.7356E-02
1.7890000E+01	-6.2267E-03	-8.5014E-02
1.7900000E+01	-2.1352E-03	-5.4726E-02
1.7910000E+01	2.0824E-03	-9.7676E-03
1.7920000E+01	5.5517E-03	4.3203E-02
1.7930000E+01	8.0515E-03	9.6863E-02
1.7940000E+01	9.4782E-03	1.4418E-01
1.7950000E+01	9.8817E-03	1.7883E-01
1.7960000E+01	8.6136E-03	1.9613E-01
1.7970000E+01	5.7654E-03	1.9321E-01
1.7980000E+01	1.9652E-03	1.7084E-01
1.7990000E+01	-1.9935E-03	1.3151E-01
1.8000000E+01	-5.4893E-03	8.1228E-02
1.8010000E+01	-8.6184E-03	2.5571E-02
1.8020000E+01	-1.0966E-02	-2.7021E-02
1.8030000E+01	-1.2209E-02	-7.0380E-02
1.8040000E+01	-1.1979E-02	-9.8315E-02
1.8050000E+01	-9.9081E-03	-1.0734E-01
1.8060000E+01	-6.5477E-03	-9.6351E-02
1.8070000E+01	-2.3704E-03	-6.6722E-02
1.8080000E+01	1.7787E-03	-2.2750E-02
1.8090000E+01	5.4073E-03	2.9908E-02
1.8100000E+01	8.0048E-03	8.3859E-02
1.8110000E+01	9.4866E-03	1.3186E-01
1.8120000E+01	9.8107E-03	1.6751E-01
1.8130000E+01	8.6951E-03	1.8552E-01
1.8140000E+01	5.9248E-03	1.8386E-01
1.8150000E+01	2.2259E-03	1.6251E-01
1.8160000E+01	-1.7417E-03	1.2418E-01
1.8170000E+01	-5.2552E-03	7.4217E-02
1.8180000E+01	-8.4311E-03	1.8928E-02
1.8190000E+01	-1.0867E-02	-3.4380E-02
1.8200000E+01	-1.2219E-02	-7.8364E-02
1.8210000E+01	-1.2051E-02	-1.0733E-01
1.8220000E+01	-1.0199E-02	-1.1767E-01
1.8230000E+01	-6.8312E-03	-1.0769E-01
1.8240000E+01	-2.6339E-03	-7.9014E-02
1.8250000E+01	1.5572E-03	-3.5739E-02
1.8260000E+01	5.2031E-03	1.6536E-02
1.8270000E+01	7.9454E-03	7.0851E-02
1.8280000E+01	9.4307E-03	1.1920E-01
1.8290000E+01	9.8480E-03	1.5585E-01
1.8300000E+01	8.7439E-03	1.7518E-01
1.8310000E+01	6.0867E-03	1.7450E-01
1.8320000E+01	2.3860E-03	1.5418E-01
1.8330000E+01	-1.3804E-03	1.1687E-01
1.8340000E+01	-5.0431E-03	6.7203E-02
1.8350000E+01	-8.2266E-03	1.2266E-02
1.8360000E+01	-1.0828E-02	-4.1405E-02
1.8370000E+01	-1.2187E-02	-8.6005E-02
1.8380000E+01	-1.2170E-02	-1.1599E-01
1.8390000E+01	-1.0366E-02	-1.2733E-01
1.8400000E+01	-7.1108E-03	-1.1867E-01
1.8410000E+01	-2.9157E-03	-9.1062E-02
1.8420000E+01	1.2830E-03	-4.8415E-02
1.8430000E+01	5.0572E-03	3.5379E-03
1.8440000E+01	7.8230E-03	5.7840E-02
1.8450000E+01	9.4213E-03	1.0686E-01
1.8460000E+01	9.8355E-03	1.4418E-01
1.8470000E+01	8.8603E-03	1.6452E-01
1.8480000E+01	6.2717E-03	1.6517E-01
1.8490000E+01	2.7084E-03	1.4616E-01
1.8500000E+01	-1.1569E-03	1.0953E-01
1.8510000E+01	-4.7537E-03	6.0540E-02
1.8520000E+01	-8.1318E-03	5.2787E-03
1.8530000E+01	-1.0751E-02	-4.8359E-02
1.8540000E+01	-1.2260E-02	-9.4017E-02
1.8550000E+01	-1.2345E-02	-1.2498E-01
1.8560000E+01	-1.0616E-02	-1.3734E-01
1.8570000E+01	-7.2920E-03	-1.2967E-01
1.8580000E+01	-3.2236E-03	-1.0300E-01
1.8590000E+01	1.0578E-03	-6.1082E-02
1.8600000E+01	4.8397E-03	-9.7595E-03
1.8610000E+01	7.7448E-03	4.4536E-02
1.8620000E+01	9.3929E-03	9.4215E-02
1.8630000E+01	9.8203E-03	1.3217E-01
1.8640000E+01	8.8950E-03	1.5388E-01
1.8650000E+01	6.4926E-03	1.5586E-01
1.8660000E+01	2.9842E-03	1.3748E-01
1.8670000E+01	-8.3606E-04	1.0219E-01
1.8680000E+01	-4.5405E-03	5.3530E-02
1.8690000E+01	-7.8873E-03	-1.3977E-03
1.8700000E+01	-1.0629E-02	-5.5343E-02
1.8710000E+01	-1.2238E-02	-1.0167E-01
1.8720000E+01	-1.2455E-02	-1.3366E-01
1.8730000E+01	-1.0829E-02	-1.4732E-01
1.8740000E+01	-7.6309E-03	-1.4070E-01
1.8750000E+01	-3.3811E-03	-1.1501E-01
1.8760000E+01	7.9506E-04	-7.4116E-02
1.8770000E+01	4.7705E-03	-2.2810E-02
1.8780000E+01	7.6502E-03	3.1520E-02
1.8790000E+01	9.5121E-03	8.1518E-02
1.8800000E+01	9.9301E-03	1.2054E-01
1.8810000E+01	9.0205E-03	1.4321E-01
1.8820000E+01	6.6875E-03	1.4616E-01
1.8830000E+01	3.2440E-03	1.2920E-01
1.8840000E+01	-6.4790E-04	9.4514E-02
1.8850000E+01	-4.3698E-03	4.6582E-02
1.8860000E+01	-7.8055E-03	-8.0380E-03
1.8870000E+01	-1.0513E-02	-6.2382E-02
1.8880000E+01	-1.2247E-02	-1.0935E-01
1.8890000E+01	-1.2555E-02	-1.4199E-01
1.8900000E+01	-1.1089E-02	-1.5696E-01
1.8910000E+01	-7.9177E-03	-1.5162E-01
1.8920000E+01	-3.7657E-03	-1.2701E-01
1.8930000E+01	5.6151E-04	-8.6707E-02
1.8940000E+01	4.4756E-03	-3.5777E-02
1.8950000E+01	7.6007E-03	1.8543E-02
1.8960000E+01	9.3690E-03	6.8875E-02
1.8970000E+01	1.0031E-02	1.0849E-01
1.8980000E+01	9.0845E-03	1.3220E-01
1.8990000E+01	6.8157E-03	1.3651E-01
1.9000000E+01	3.4906E-03	1.2088E-01
1.9010000E+01	-3.5321E-04	8.6870E-02
1.9020000E+01	-4.1256E-03	3.9577E-02
1.9030000E+01	-7.5068E-03	-1.4726E-02
1.9040000E+01	-1.0442E-02	-6.9346E-02
1.9050000E+01	-1.2217E-02	-1.1662E-01
1.9060000E+01	-1.2642E-02	-1.5064E-01
1.9070000E+01	-1.1259E-02	-1.6666E-01
1.9080000E+01	-8.1873E-03	-1.6266E-01
1.9090000E+01	-3.9489E-03	-1.3902E-01
1.9100000E+01	3.2773E-04	-9.9368E-02
1.9110000E+01	4.4043E-03	-4.9092E-02
1.9120000E+01	7.4310E-03	5.2176E-03
1.9130000E+01	9.3927E-03	5.6193E-02
1.9140000E+01	1.0027E-02	9.6833E-02
1.9150000E+01	9.2632E-03	1.2154E-01
1.9160000E+01	6.9764E-03	1.2686E-01
1.9170000E+01	3.8049E-03	1.1219E-01
1.9180000E+01	-1.6192E-04	7.9568E-02
1.9190000E+01	-3.9330E-03	3.2929E-02
1.9200000E+01	-7.5295E-03	-2.1708E-02
1.9210000E+01	-1.0283E-02	-7.6351E-02
1.9220000E+01	-1.2284E-02	-1.2430E-01
1.9230000E+01	-1.2706E-02	-1.5896E-01
1.9240000E+01	-1.1511E-02	-1.7630E-01
1.9250000E+01	-8.4760E-03	-1.7328E-01
1.9260000E+01	-4.4008E-03	-1.5097E-01
1.9270000E+01	1.1401E-04	-1.1203E-01
1.9280000E+01	4.0586E-03	-6.2086E-02
1.9290000E+01	7.3331E-03	-7.7959E-03
1.9300000E+01	9.3178E-03	4.3519E-02
1.9310000E+01	1.0118E-02	8.4871E-02
1.9320000E+01	9.3783E-03	1.1054E-01
1.9330000E+01	7.2214E-03	1.1715E-01
1.9340000E+01	3.9157E-03	1.0351E-01
1.9350000E+01	3.4319E-05	7.1855E-02
1.9360000E+01	-3.7507E-03	2.5916E-02
1.9370000E+01	-7.3069E-03	-2.8363E-02
1.9380000E+01	-1.0268E-02	-8.3355E-02
1.9390000E+01	-1.2197E-02	-1.3162E-01
1.9400000E+01	-1.2931E-02	-1.6762E-01
1.9410000E+01	-1.1686E-02	-1.8563E-01
1.9420000E+01	-8.7667E-03	-1.8396E-01
1.9430000E+01	-4.6433E-03	-1.6266E-01
1.9440000E+01	-2.0290E-04	-1.2468E-01
1.9450000E+01	3.8291E-03	-7.5436E-02
1.9460000E+01	7.1581E-03	-2.1104E-02
1.9470000E+01	9.2935E-03	3.0524E-02
1.9480000E+01	1.0174E-02	7.2825E-02
1.9490000E+01	9.5312E-03	9.9553E-02
1.9500000E+01	7.3177E-03	1.0718E-01
1.9510000E+01	4.1168E-03	9.4861E-02
1.9520000E+01	3.2497E-04	6.3920E-02
1.9530000E+01	-3.5862E-03	1.8600E-02
1.9540000E+01	-7.0911E-03	-3.5037E-02
1.9550000E+01	-1.0099E-02	-8.9998E-02
1.9560000E+01	-1.2244E-02	-1.3934E-01
1.9570000E+01	-1.3049E-02	-1.7594E-01
1.9580000E+01	-1.2045E-02	-1.9530E-01
1.9590000E+01	-9.0643E-03	-1.9465E-01
1.9600000E+01	-4.9513E-03	-1.7431E-01
1.9610000E+01	-5.0256E-04	-1.3736E-01
1.9620000E+01	3.6343E-03	-8.8381E-02
1.9630000E+01	6.9893E-03	-3.4130E-02
1.9640000E+01	9.2967E-03	1.7837E-02
1.9650000E+01	1.0210E-02	6.0540E-02
1.9660000E+01	9.5650E-03	8.8509E-02
1.9670000E+01	7.5519E-03	9.7180E-02
1.9680000E+01	4.3862E-03	8.6220E-02
1.9690000E+01	6.0225E-04	5.6204E-02
1.9700000E+01	-3.3970E-03	1.1592E-02
1.9710000E+01	-6.9837E-03	-4.1698E-02
1.9720000E+01	-1.0108E-02	-9.6969E-02
1.9730000E+01	-1.2168E-02	-1.4665E-01
1.9740000E+01	-1.3093E-02	-1.8426E-01
1.9750000E+01	-1.2165E-02	-2.0463E-01
1.9760000E+01	-9.4561E-03	-2.0533E-01
1.9770000E+01	-5.1835E-03	-1.8597E-01
1.9780000E+01	-7.8124E-04	-1.4970E-01
1.9790000E+01	3.4327E-03	-1.0142E-01
1.9800000E+01	6.7972E-03	-4.7423E-02
1.9810000E+01	9.1568E-03	4.8730E-03
1.9820000E+01	1.0236E-02	4.8461E-02
1.9830000E+01	9.7706E-03	7.7205E-02
1.9840000E+01	7.7740E-03	8.7540E-02
1.9850000E+01	4.6109E-03	7.7223E-02
1.9860000E+01	8.3705E-04	4.8552E-02
1.9870000E+01	-3.0893E-03	4.6145E-03
1.9880000E+01	-6.8433E-03	-4.8711E-02
1.9890000E+01	-9.9366E-03	-1.0400E-01
1.9900000E+01	-1.2106E-02	-1.5396E-01
1.9910000E+01	-1.3164E-02	-1.9229E-01
1.9920000E+01	-1.2356E-02	-2.1391E-01
1.9930000E+01	-9.5912E-03	-2.1561E-01
1.9940000E+01	-5.5396E-03	-1.9766E-01
1.9950000E+01	-1.0173E-03	-1.6236E-01
1.9960000E+01	3.1519E-03	-1.1435E-01
1.9970000E+01	6.5924E-03	-6.0433E-02
1.9980000E+01	9.0642E-03	-7.8014E-03
1.9990000E+01	1.0195E-02	3.6196E-02
2.0000000E+01	9.8019E-03	6.6166E-02
2.0010000E+01	7.8843E-03	7.7197E-02
2.0020000E+01	4.8416E-03	6.8526E-02
2.0030000E+01	1.0920E-03	4.0564E-02
2.0040000E+01	-2.8817E-03	-2.3982E-03
2.0050000E+01	-6.6344E-03	-5.5366E-02
2.0060000E+01	-9.7933E-03	-1.1063E-01
2.0070000E+01	-1.2070E-02	-1.6128E-01
2.0080000E+01	-1.3260E-02	-2.0061E-01
2.0090000E+01	-1.2601E-02	-2.2326E-01
2.0100000E+01	-9.9452E-03	-2.2631E-01
2.0110000E+01	-5.8528E-03	-2.0932E-01
2.0120000E+01	-1.2458E-03	-1.7467E-01
2.0130000E+01	2.9608E-03	-1.2739E-01
2.0140000E+01	6.4833E-03	-7.3743E-02
2.0150000E+01	9.0508E-03	-2.0791E-02
2.0160000E+01	1.0275E-02	2.4167E-02
2.0170000E+01	1.0015E-02	5.4844E-02
2.0180000E+01	8.2133E-03	6.7190E-02
2.0190000E+01	5.1488E-03	5.9552E-02
2.0200000E+01	1.3297E-03	3.2886E-02
2.0210000E+01	-2.6547E-03	-9.7582E-03
2.0220000E+01	-6.4908E-03	-6.2014E-02
2.0230000E+01	-9.5893E-03	-1.1765E-01
2.0240000E+01	-1.2106E-02	-1.6861E-01
2.0250000E+01	-1.3264E-02	-2.0862E-01
2.0260000E+01	-1.2767E-02	-2.3227E-01
2.0270000E+01	-1.0141E-02	-2.3662E-01
2.0280000E+01	-6.1257E-03	-2.2064E-01
2.0290000E+01	-1.5573E-03	-1.8734E-01
2.0300000E+01	2.7796E-03	-1.4039E-01
2.0310000E+01	6.3846E-03	-8.6755E-02
2.0320000E+01	8.9717E-03	-3.3779E-02
2.0330000E+01	1.0308E-02	1.1862E-02
2.0340000E+01	1.0069E-02	4.3503E-02
2.0350000E+01	8.3708E-03	5.7190E-02
2.0360000E+01	5.3791E-03	5.0545E-02
2.0370000E+01	1.5900E-03	2.4923E-02
2.0380000E+01	-2.4597E-03	-1.6732E-02
2.0390000E+01	-6.2731E-03	-6.8997E-02
2.0400000E+01	-9.5262E-03	-1.2433E-01
2.0410000E+01	-1.2040E-02	-1.7594E-01
2.0420000E+01	-1.3392E-02	-2.1694E-01
2.0430000E+01	-1.2995E-02	-2.4161E-01
2.0440000E+01	-1.0486E-02	-2.4693E-01
2.0450000E+01	-6.4184E-03	-2.3230E-01
2.0460000E+01	-1.8124E-03	-1.9967E-01
2.0470000E+01	2.6148E-03	-1.5336E-01
2.0480000E+01	6.1924E-03	-1.0005E-01
