time /s	I /mA	E /V
1.0000000E-02	-7.3825E-03	-1.0002E-01
2.0000000E-02	7.9751E-03	4.4527E-02
3.0000000E-02	-2.9919E-03	-1.8736E-02
4.0000000E-02	-2.1500E-02	-1.9760E-01
5.0000000E-02	-1.8926E-02	-2.3291E-01
6.0000000E-02	4.9229E-03	-7.2760E-02
7.0000000E-02	1.2736E-02	5.2178E-02
8.0000000E-02	-2.5182E-03	-3.7395E-02
9.0000000E-02	-2.0106E-02	-2.1157E-01
1.0000000E-01	-1.3600E-02	-2.1793E-01
1.1000000E-01	8.4073E-03	-4.6494E-02
1.2000000E-01	1.3236E-02	5.6156E-02
1.3000000E-01	-4.1700E-03	-5.7701E-02
1.4000000E-01	-1.9997E-02	-2.2257E-01
1.5000000E-01	-9.4779E-03	-1.9965E-01
1.6000000E-01	1.0785E-02	-2.1146E-02
1.7000000E-01	1.2706E-02	5.6152E-02
1.8000000E-01	-6.1781E-03	-7.8689E-02
1.9000000E-01	-1.9920E-02	-2.2992E-01
2.0000000E-01	-5.8616E-03	-1.7833E-01
2.1000000E-01	1.2674E-02	2.4858E-03
2.2000000E-01	1.1539E-02	5.2164E-02
2.3000000E-01	-8.3410E-03	-1.0031E-01
2.4000000E-01	-1.9436E-02	-2.3358E-01
2.5000000E-01	-2.7036E-03	-1.5466E-01
2.6000000E-01	1.4057E-02	2.3473E-02
2.7000000E-01	9.6927E-03	4.4501E-02
2.8000000E-01	-1.0388E-02	-1.2129E-01
2.9000000E-01	-1.8547E-02	-2.3359E-01
3.0000000E-01	2.6187E-04	-1.2936E-01
3.1000000E-01	1.5091E-02	4.1777E-02
3.2000000E-01	7.3581E-03	3.3185E-02
3.3000000E-01	-1.2235E-02	-1.4129E-01
3.4000000E-01	-1.7146E-02	-2.2927E-01
3.5000000E-01	3.0731E-03	-1.0272E-01
3.6000000E-01	1.5618E-02	5.6464E-02
3.7000000E-01	4.8601E-03	1.9202E-02
3.8000000E-01	-1.3972E-02	-1.5996E-01
3.9000000E-01	-1.5251E-02	-2.2126E-01
4.0000000E-01	5.5689E-03	-7.5458E-02
4.1000000E-01	1.5789E-02	6.7783E-02
4.2000000E-01	2.3144E-03	2.5810E-03
4.3000000E-01	-1.5392E-02	-1.7625E-01
4.4000000E-01	-1.3052E-02	-2.0927E-01
4.5000000E-01	7.9296E-03	-4.8130E-02
4.6000000E-01	1.5467E-02	7.5454E-02
4.7000000E-01	-2.9016E-04	-1.6414E-02
4.8000000E-01	-1.6593E-02	-1.8991E-01
4.9000000E-01	-1.0337E-02	-1.9395E-01
5.0000000E-01	9.9902E-03	-2.1826E-02
5.1000000E-01	1.4784E-02	7.8814E-02
5.2000000E-01	-2.8204E-03	-3.6719E-02
5.3000000E-01	-1.7417E-02	-2.0059E-01
5.4000000E-01	-7.4152E-03	-1.7528E-01
5.5000000E-01	1.1831E-02	3.4756E-03
5.6000000E-01	1.3630E-02	7.8487E-02
5.7000000E-01	-5.1898E-03	-5.7686E-02
5.8000000E-01	-1.7766E-02	-2.0756E-01
5.9000000E-01	-4.4761E-03	-1.5400E-01
6.0000000E-01	1.3271E-02	2.6799E-02
6.1000000E-01	1.1990E-02	7.4136E-02
6.2000000E-01	-7.5399E-03	-7.9318E-02
6.3000000E-01	-1.7622E-02	-2.1124E-01
6.4000000E-01	-1.6400E-03	-1.3001E-01
6.5000000E-01	1.4505E-02	4.7494E-02
6.6000000E-01	1.0014E-02	6.6156E-02
6.7000000E-01	-9.6865E-03	-1.0030E-01
6.8000000E-01	-1.6959E-02	-2.1055E-01
6.9000000E-01	1.0378E-03	-1.0474E-01
7.0000000E-01	1.5378E-02	6.5473E-02
7.1000000E-01	7.6114E-03	5.4867E-02
7.2000000E-01	-1.1647E-02	-1.2028E-01
7.3000000E-01	-1.5796E-02	-2.0622E-01
7.4000000E-01	3.6267E-03	-7.8090E-02
7.5000000E-01	1.5903E-02	8.0117E-02
7.6000000E-01	5.0102E-03	4.0532E-02
7.7000000E-01	-1.3339E-02	-1.3859E-01
7.8000000E-01	-1.4052E-02	-1.9794E-01
7.9000000E-01	6.0250E-03	-5.0800E-02
8.0000000E-01	1.5932E-02	9.1162E-02
8.1000000E-01	2.4370E-03	2.3893E-02
8.2000000E-01	-1.4750E-02	-1.5459E-01
8.3000000E-01	-1.1991E-02	-1.8562E-01
8.4000000E-01	8.2169E-03	-2.3448E-02
8.5000000E-01	1.5597E-02	9.8490E-02
8.6000000E-01	-1.7446E-04	4.9438E-03
8.7000000E-01	-1.5906E-02	-1.6827E-01
8.8000000E-01	-9.4640E-03	-1.6995E-01
8.9000000E-01	1.0245E-02	2.8049E-03
9.0000000E-01	1.4823E-02	1.0149E-01
9.1000000E-01	-2.6728E-03	-1.5373E-02
9.2000000E-01	-1.6678E-02	-1.7856E-01
9.3000000E-01	-6.7436E-03	-1.5134E-01
9.4000000E-01	1.1954E-02	2.7812E-02
9.5000000E-01	1.3573E-02	1.0083E-01
9.6000000E-01	-5.0854E-03	-3.6702E-02
9.7000000E-01	-1.7033E-02	-1.8555E-01
9.8000000E-01	-3.9517E-03	-1.2966E-01
9.9000000E-01	1.3428E-02	5.1140E-02
1.0000000E+00	1.2004E-02	9.6518E-02
1.0100000E+00	-7.3730E-03	-5.8007E-02
1.0200000E+00	-1.6878E-02	-1.8858E-01
1.0300000E+00	-1.2456E-03	-1.0572E-01
1.0400000E+00	1.4579E-02	7.1788E-02
1.0500000E+00	9.9482E-03	8.8149E-02
1.0600000E+00	-9.5302E-03	-7.8997E-02
1.0700000E+00	-1.6229E-02	-1.8793E-01
1.0800000E+00	1.3856E-03	-8.0049E-02
1.0900000E+00	1.5442E-02	8.9468E-02
1.1000000E+00	7.4198E-03	7.6516E-02
1.1100000E+00	-1.1435E-02	-9.8976E-02
1.1200000E+00	-1.5033E-02	-1.8294E-01
1.1300000E+00	3.8874E-03	-5.3413E-02
1.1400000E+00	1.5856E-02	1.0380E-01
1.1500000E+00	4.8868E-03	6.2174E-02
1.1600000E+00	-1.3131E-02	-1.1728E-01
1.1700000E+00	-1.3380E-02	-1.7427E-01
1.1800000E+00	6.2666E-03	-2.6140E-02
1.1900000E+00	1.5892E-02	1.1448E-01
1.2000000E+00	2.3002E-03	4.4853E-02
1.2100000E+00	-1.4554E-02	-1.3326E-01
1.2200000E+00	-1.1366E-02	-1.6195E-01
1.2300000E+00	8.4142E-03	1.1807E-03
1.2400000E+00	1.5557E-02	1.2149E-01
1.2500000E+00	-2.6460E-04	2.5933E-02
1.2600000E+00	-1.5607E-02	-1.4659E-01
1.2700000E+00	-8.9027E-03	-1.4595E-01
1.2800000E+00	1.0358E-02	2.7467E-02
1.2900000E+00	1.4741E-02	1.2448E-01
1.3000000E+00	-2.7242E-03	5.5911E-03
1.3100000E+00	-1.6350E-02	-1.5659E-01
1.3200000E+00	-6.2638E-03	-1.2700E-01
1.3300000E+00	1.2084E-02	5.2487E-02
1.3400000E+00	1.3507E-02	1.2350E-01
1.3500000E+00	-5.1298E-03	-1.5732E-02
1.3600000E+00	-1.6599E-02	-1.6324E-01
1.3700000E+00	-3.5799E-03	-1.0532E-01
1.3800000E+00	1.3519E-02	7.5468E-02
1.3900000E+00	1.1904E-02	1.1849E-01
1.4000000E+00	-7.3595E-03	-3.7021E-02
1.4100000E+00	-1.6346E-02	-1.6591E-01
1.4200000E+00	-8.6322E-04	-8.1048E-02
1.4300000E+00	1.4599E-02	9.5817E-02
1.4400000E+00	9.7675E-03	1.1018E-01
1.4500000E+00	-9.4833E-03	-5.8010E-02
1.4600000E+00	-1.5733E-02	-1.6491E-01
1.4700000E+00	1.6971E-03	-5.5430E-02
1.4800000E+00	1.5421E-02	1.1317E-01
1.4900000E+00	7.2600E-03	9.8185E-02
1.5000000E+00	-1.1342E-02	-7.7990E-02
1.5100000E+00	-1.4585E-02	-1.5996E-01
1.5200000E+00	4.2001E-03	-2.8447E-02
1.5300000E+00	1.5922E-02	1.2748E-01
1.5400000E+00	4.6479E-03	8.3519E-02
1.5500000E+00	-1.2962E-02	-9.5948E-02
1.5600000E+00	-1.2973E-02	-1.5092E-01
1.5700000E+00	6.4854E-03	-1.4245E-03
1.5800000E+00	1.5976E-02	1.3784E-01
1.5900000E+00	2.1529E-03	6.6168E-02
1.6000000E+00	-1.4373E-02	-1.1161E-01
1.6100000E+00	-1.0910E-02	-1.3831E-01
1.6200000E+00	8.5461E-03	2.5849E-02
1.6300000E+00	1.5592E-02	1.4449E-01
1.6400000E+00	-3.9431E-04	4.7209E-02
1.6500000E+00	-1.5364E-02	-1.2460E-01
1.6600000E+00	-8.4676E-03	-1.2197E-01
1.6700000E+00	1.0490E-02	5.2174E-02
1.6800000E+00	1.4740E-02	1.4714E-01
1.6900000E+00	-2.8371E-03	2.6562E-02
1.7000000E+00	-1.6045E-02	-1.3464E-01
1.7100000E+00	-5.8765E-03	-1.0267E-01
1.7200000E+00	1.2115E-02	7.6841E-02
1.7300000E+00	1.3427E-02	1.4581E-01
1.7400000E+00	-5.2160E-03	5.2457E-03
1.7500000E+00	-1.6287E-02	-1.4095E-01
1.7600000E+00	-3.2384E-03	-8.0699E-02
1.7700000E+00	1.3482E-02	9.9496E-02
1.7800000E+00	1.1826E-02	1.4082E-01
1.7900000E+00	-7.3637E-03	-1.6042E-02
1.8000000E+00	-1.6075E-02	-1.4328E-01
1.8100000E+00	-6.1216E-04	-5.6776E-02
1.8200000E+00	1.4587E-02	1.1984E-01
1.8300000E+00	9.5702E-03	1.3184E-01
1.8400000E+00	-9.4683E-03	-3.7012E-02
1.8500000E+00	-1.5325E-02	-1.4196E-01
1.8600000E+00	1.9382E-03	-3.0791E-02
1.8700000E+00	1.5485E-02	1.3717E-01
1.8800000E+00	7.0600E-03	1.1983E-01
1.8900000E+00	-1.1345E-02	-5.6685E-02
1.9000000E+00	-1.4191E-02	-1.3661E-01
1.9100000E+00	4.4665E-03	-3.7728E-03
1.9200000E+00	1.5920E-02	1.5082E-01
1.9300000E+00	4.4515E-03	1.0488E-01
1.9400000E+00	-1.2938E-02	-7.4639E-02
1.9500000E+00	-1.2568E-02	-1.2763E-01
1.9600000E+00	6.6536E-03	2.3516E-02
1.9700000E+00	1.6041E-02	1.6113E-01
1.9800000E+00	1.8751E-03	8.7511E-02
1.9900000E+00	-1.4272E-02	-9.0271E-02
2.0000000E+00	-1.0532E-02	-1.1463E-01
2.0100000E+00	8.7314E-03	5.0513E-02
2.0200000E+00	1.5692E-02	1.6750E-01
2.0300000E+00	-6.3942E-04	6.8217E-02
2.0400000E+00	-1.5283E-02	-1.0296E-01
2.0500000E+00	-8.1465E-03	-9.8000E-02
2.0600000E+00	1.0569E-02	7.6486E-02
2.0700000E+00	1.4894E-02	1.6985E-01
2.0800000E+00	-3.0975E-03	4.7568E-02
2.0900000E+00	-1.5836E-02	-1.1264E-01
2.1000000E+00	-5.5739E-03	-7.8689E-02
2.1100000E+00	1.2127E-02	1.0118E-01
2.1200000E+00	1.3496E-02	1.6818E-01
2.1300000E+00	-5.3282E-03	2.6243E-02
2.1400000E+00	-1.6041E-02	-1.1860E-01
2.1500000E+00	-2.9164E-03	-5.6387E-02
2.1600000E+00	1.3514E-02	1.2386E-01
2.1700000E+00	1.1795E-02	1.6284E-01
2.1800000E+00	-7.5197E-03	4.9573E-03
2.1900000E+00	-1.5811E-02	-1.2094E-01
2.2000000E+00	-3.5193E-04	-3.2082E-02
2.2100000E+00	1.4664E-02	1.4386E-01
2.2200000E+00	9.5071E-03	1.5387E-01
2.2300000E+00	-9.5502E-03	-1.6040E-02
2.2400000E+00	-1.5070E-02	-1.1929E-01
2.2500000E+00	2.2082E-03	-6.1270E-03
2.2600000E+00	1.5569E-02	1.6088E-01
2.2700000E+00	6.8836E-03	1.4150E-01
2.2800000E+00	-1.1393E-02	-3.5378E-02
2.2900000E+00	-1.3854E-02	-1.1363E-01
2.3000000E+00	4.5926E-03	2.0866E-02
2.3100000E+00	1.6148E-02	1.7449E-01
2.3200000E+00	4.1488E-03	1.2616E-01
2.3300000E+00	-1.2906E-02	-5.3348E-02
2.3400000E+00	-1.2253E-02	-1.0398E-01
2.3500000E+00	6.7948E-03	4.8194E-02
2.3600000E+00	1.6309E-02	1.8451E-01
2.3700000E+00	1.6206E-03	1.0885E-01
2.3800000E+00	-1.4229E-02	-6.8651E-02
2.3900000E+00	-1.0212E-02	-9.0679E-02
2.4000000E+00	8.7741E-03	7.5165E-02
2.4100000E+00	1.5998E-02	1.9050E-01
2.4200000E+00	-9.8422E-04	8.9183E-02
2.4300000E+00	-1.5163E-02	-8.1324E-02
2.4400000E+00	-7.8085E-03	-7.4025E-02
2.4500000E+00	1.0606E-02	1.0119E-01
2.4600000E+00	1.5101E-02	1.9252E-01
2.4700000E+00	-3.4148E-03	6.8536E-02
2.4800000E+00	-1.5776E-02	-9.0658E-02
2.4900000E+00	-5.1751E-03	-5.4372E-02
2.5000000E+00	1.2205E-02	1.2583E-01
2.5100000E+00	1.3770E-02	1.9052E-01
2.5200000E+00	-5.6377E-03	4.7238E-02
2.5300000E+00	-1.5847E-02	-9.6294E-02
2.5400000E+00	-2.7004E-03	-3.2055E-02
2.5500000E+00	1.3600E-02	1.4813E-01
2.5600000E+00	1.1883E-02	1.8482E-01
2.5700000E+00	-7.7136E-03	2.5933E-02
2.5800000E+00	-1.5581E-02	-9.8310E-02
2.5900000E+00	-1.1651E-04	-7.3921E-03
2.6000000E+00	1.4753E-02	1.6784E-01
2.6100000E+00	9.4626E-03	1.7550E-01
2.6200000E+00	-9.7017E-03	5.2406E-03
2.6300000E+00	-1.4814E-02	-9.6293E-02
2.6400000E+00	2.3762E-03	1.8569E-02
2.6500000E+00	1.5871E-02	1.8481E-01
2.6600000E+00	6.6293E-03	1.6316E-01
2.6700000E+00	-1.1473E-02	-1.4399E-02
2.6800000E+00	-1.3559E-02	-9.0308E-02
2.6900000E+00	4.7479E-03	4.5539E-02
2.7000000E+00	1.6488E-02	1.9781E-01
2.7100000E+00	3.8822E-03	1.4782E-01
2.7200000E+00	-1.2994E-02	-3.1696E-02
2.7300000E+00	-1.2021E-02	-8.0672E-02
2.7400000E+00	6.9183E-03	7.2870E-02
2.7500000E+00	1.6757E-02	2.0749E-01
2.7600000E+00	1.1469E-03	1.2983E-01
2.7700000E+00	-1.4241E-02	-4.7014E-02
2.7800000E+00	-9.8927E-03	-6.7021E-02
2.7900000E+00	8.8879E-03	9.9850E-02
2.8000000E+00	1.6406E-02	2.1315E-01
2.8100000E+00	-1.3250E-03	1.1051E-01
2.8200000E+00	-1.5176E-02	-5.9327E-02
2.8300000E+00	-7.5350E-03	-5.0036E-02
2.8400000E+00	1.0672E-02	1.2588E-01
2.8500000E+00	1.5570E-02	2.1519E-01
2.8600000E+00	-3.8281E-03	8.9506E-02
2.8700000E+00	-1.5683E-02	-6.8350E-02
2.8800000E+00	-4.9872E-03	-3.0066E-02
2.8900000E+00	1.2343E-02	1.5019E-01
2.9000000E+00	1.4035E-02	2.1285E-01
2.9100000E+00	-5.9673E-03	6.8203E-02
2.9200000E+00	-1.5829E-02	-7.4010E-02
2.9300000E+00	-2.5046E-03	-7.7481E-03
2.9400000E+00	1.3874E-02	1.7252E-01
2.9500000E+00	1.2106E-02	2.0686E-01
2.9600000E+00	-8.0890E-03	4.6915E-02
2.9700000E+00	-1.5465E-02	-7.5646E-02
2.9800000E+00	5.5359E-05	1.6920E-02
2.9900000E+00	1.5169E-02	1.9187E-01
3.0000000E+00	9.4675E-03	1.9746E-01
3.0100000E+00	-9.9527E-03	2.6207E-02
3.0200000E+00	-1.4683E-02	-7.3337E-02
3.0300000E+00	2.5492E-03	4.3216E-02
3.0400000E+00	1.6311E-02	2.0855E-01
3.0500000E+00	6.5081E-03	1.8450E-01
3.0600000E+00	-1.1695E-02	6.9429E-03
3.0700000E+00	-1.3423E-02	-6.7007E-02
3.0800000E+00	4.8232E-03	7.0239E-02
3.0900000E+00	1.7158E-02	2.2149E-01
3.1000000E+00	3.5377E-03	1.6915E-01
3.1100000E+00	-1.3181E-02	-1.0387E-02
3.1200000E+00	-1.1785E-02	-5.7010E-02
3.1300000E+00	6.9610E-03	9.7565E-02
3.1400000E+00	1.7421E-02	2.3082E-01
3.1500000E+00	7.0481E-04	1.5115E-01
3.1600000E+00	-1.4428E-02	-2.5395E-02
3.1700000E+00	-9.7309E-03	-4.3380E-02
3.1800000E+00	8.9805E-03	1.2452E-01
3.1900000E+00	1.7095E-02	2.3617E-01
3.2000000E+00	-1.9315E-03	1.3150E-01
3.2100000E+00	-1.5326E-02	-3.7692E-02
3.2200000E+00	-7.3333E-03	-2.6068E-02
3.2300000E+00	1.0822E-02	1.5021E-01
3.2400000E+00	1.6126E-02	2.3787E-01
3.2500000E+00	-4.3433E-03	1.1049E-01
3.2600000E+00	-1.5805E-02	-4.6367E-02
3.2700000E+00	-4.8273E-03	-6.0854E-03
3.2800000E+00	1.2501E-02	1.7454E-01
3.2900000E+00	1.4466E-02	2.3517E-01
3.3000000E+00	-6.5343E-03	8.9209E-02
3.3100000E+00	-1.5820E-02	-5.1713E-02
3.3200000E+00	-2.2564E-03	1.6900E-02
3.3300000E+00	1.4149E-02	1.9651E-01
3.3400000E+00	1.2365E-02	2.2883E-01
3.3500000E+00	-8.5601E-03	6.7835E-02
3.3600000E+00	-1.5442E-02	-5.3004E-02
3.3700000E+00	2.3234E-04	4.1580E-02
3.3800000E+00	1.5619E-02	2.1587E-01
3.3900000E+00	9.5457E-03	2.1916E-01
3.4000000E+00	-1.0375E-02	4.7541E-02
3.4100000E+00	-1.4628E-02	-5.0337E-02
3.4200000E+00	2.6445E-03	6.7873E-02
3.4300000E+00	1.6908E-02	2.3217E-01
3.4400000E+00	6.2542E-03	2.0618E-01
3.4500000E+00	-1.2016E-02	2.8215E-02
3.4600000E+00	-1.3322E-02	-4.3727E-02
3.4700000E+00	4.9227E-03	9.4854E-02
3.4800000E+00	1.7703E-02	2.4486E-01
3.4900000E+00	3.1896E-03	1.9048E-01
3.5000000E+00	-1.3534E-02	1.0893E-02
3.5100000E+00	-1.1658E-02	-3.3386E-02
3.5200000E+00	7.0242E-03	1.2220E-01
3.5300000E+00	1.7915E-02	2.5385E-01
3.5400000E+00	2.7692E-04	1.7245E-01
3.5500000E+00	-1.4671E-02	-3.7612E-03
3.5600000E+00	-9.6233E-03	-1.9391E-02
3.5700000E+00	9.0544E-03	1.4887E-01
3.5800000E+00	1.7480E-02	2.5916E-01
3.5900000E+00	-2.4296E-03	1.5246E-01
3.6000000E+00	-1.5483E-02	-1.5759E-02
3.6100000E+00	-7.1629E-03	-2.0631E-03
3.6200000E+00	1.0969E-02	1.7488E-01
3.6300000E+00	1.6344E-02	2.6018E-01
3.6400000E+00	-4.8083E-03	1.3182E-01
3.6500000E+00	-1.5914E-02	-2.4404E-02
3.6600000E+00	-4.6499E-03	1.8246E-02
3.6700000E+00	1.2880E-02	1.9885E-01
3.6800000E+00	1.4713E-02	2.5748E-01
3.6900000E+00	-7.0737E-03	1.1016E-01
3.7000000E+00	-1.5860E-02	-2.9045E-02
3.7100000E+00	-2.2047E-03	4.1243E-02
3.7200000E+00	1.4578E-02	2.2085E-01
3.7300000E+00	1.2606E-02	2.5082E-01
3.7400000E+00	-9.0653E-03	8.8857E-02
3.7500000E+00	-1.5477E-02	-3.0406E-02
3.7600000E+00	3.1604E-04	6.6205E-02
3.7700000E+00	1.6183E-02	2.3987E-01
3.7800000E+00	9.5860E-03	2.4082E-01
3.7900000E+00	-1.0820E-02	6.8532E-02
3.8000000E+00	-1.4674E-02	-2.7378E-02
3.8100000E+00	2.7721E-03	9.2536E-02
3.8200000E+00	1.7354E-02	2.5586E-01
3.8300000E+00	6.1797E-03	2.2779E-01
3.8400000E+00	-1.2488E-02	4.9528E-02
3.8500000E+00	-1.3316E-02	-2.0723E-02
3.8600000E+00	5.0168E-03	1.1953E-01
3.8700000E+00	1.8172E-02	2.6852E-01
3.8800000E+00	2.9821E-03	2.1177E-01
3.8900000E+00	-1.3871E-02	3.2204E-02
3.9000000E+00	-1.1570E-02	-1.0064E-02
3.9100000E+00	7.2010E-03	1.4687E-01
3.9200000E+00	1.8242E-02	2.7716E-01
3.9300000E+00	-3.6918E-05	1.9348E-01
3.9400000E+00	-1.4940E-02	1.7545E-02
3.9500000E+00	-9.4330E-03	4.2340E-03
3.9600000E+00	9.3081E-03	1.7354E-01
3.9700000E+00	1.7799E-02	2.8183E-01
3.9800000E+00	-2.7960E-03	1.7379E-01
3.9900000E+00	-1.5653E-02	6.2092E-03
4.0000000E+00	-7.0435E-03	2.1919E-02
4.0100000E+00	1.1407E-02	1.9919E-01
4.0200000E+00	1.6635E-02	2.8281E-01
4.0300000E+00	-5.2817E-03	1.5280E-01
4.0400000E+00	-1.6055E-02	-2.0787E-03
4.0500000E+00	-4.5049E-03	4.2541E-02
4.0600000E+00	1.3321E-02	2.2317E-01
4.0700000E+00	1.4939E-02	2.7983E-01
4.0800000E+00	-7.5663E-03	1.3113E-01
4.0900000E+00	-1.5970E-02	-6.7597E-03
4.1000000E+00	-2.0906E-03	6.5553E-02
4.1100000E+00	1.5069E-02	2.4485E-01
4.1200000E+00	1.2680E-02	2.7281E-01
4.1300000E+00	-9.5492E-03	1.1015E-01
4.1400000E+00	-1.5612E-02	-7.7629E-03
4.1500000E+00	4.7514E-04	9.0872E-02
4.1600000E+00	1.6626E-02	2.6387E-01
4.1700000E+00	9.5856E-03	2.6282E-01
4.1800000E+00	-1.1309E-02	8.9519E-02
4.1900000E+00	-1.4632E-02	-4.4320E-03
4.2000000E+00	2.8689E-03	1.1718E-01
4.2100000E+00	1.7853E-02	2.7955E-01
4.2200000E+00	6.1364E-03	2.4912E-01
4.2300000E+00	-1.2934E-02	7.0491E-02
4.2400000E+00	-1.3289E-02	2.5919E-03
4.2500000E+00	5.2295E-03	1.4421E-01
4.2600000E+00	1.8483E-02	2.9184E-01
4.2700000E+00	2.9234E-03	2.3313E-01
4.2800000E+00	-1.4182E-02	5.3882E-02
4.2900000E+00	-1.1494E-02	1.3554E-02
4.3000000E+00	7.4429E-03	1.7154E-01
4.3100000E+00	1.8596E-02	3.0016E-01
4.3200000E+00	-2.5547E-04	2.1482E-01
4.3300000E+00	-1.5256E-02	3.9174E-02
4.3400000E+00	-9.3795E-03	2.8242E-02
4.3500000E+00	9.6577E-03	1.9821E-01
4.3600000E+00	1.8094E-02	3.0480E-01
4.3700000E+00	-3.1024E-03	1.9477E-01
4.3800000E+00	-1.5942E-02	2.7894E-02
4.3900000E+00	-6.8815E-03	4.6197E-02
4.4000000E+00	1.1871E-02	2.2386E-01
4.4100000E+00	1.6982E-02	3.0547E-01
4.4200000E+00	-5.6913E-03	1.7377E-01
4.4300000E+00	-1.6263E-02	1.9847E-02
4.4400000E+00	-4.4498E-03	6.6872E-02
4.4500000E+00	1.3898E-02	2.4751E-01
4.4600000E+00	1.5164E-02	3.0213E-01
4.4700000E+00	-7.9736E-03	1.5213E-01
4.4800000E+00	-1.6182E-02	1.5588E-02
4.4900000E+00	-1.8901E-03	9.0173E-02
4.5000000E+00	1.5638E-02	2.6919E-01
4.5100000E+00	1.2970E-02	2.9481E-01
4.5200000E+00	-1.0040E-02	1.3114E-01
4.5300000E+00	-1.5621E-02	1.5236E-02
4.5400000E+00	5.0577E-04	1.1521E-01
4.5500000E+00	1.7168E-02	2.8784E-01
4.5600000E+00	9.6981E-03	2.8445E-01
4.5700000E+00	-1.1836E-02	1.1078E-01
4.5800000E+00	-1.4732E-02	1.8539E-02
4.5900000E+00	3.0666E-03	1.4186E-01
4.6000000E+00	1.8345E-02	3.0347E-01
4.6100000E+00	6.1943E-03	2.7080E-01
4.6200000E+00	-1.3451E-02	9.1789E-02
4.6300000E+00	-1.3280E-02	2.5910E-02
4.6400000E+00	5.3226E-03	1.6888E-01
4.6500000E+00	1.9088E-02	3.1518E-01
4.6600000E+00	2.8038E-03	2.5445E-01
4.6700000E+00	-1.4688E-02	7.5175E-02
4.6800000E+00	-1.1551E-02	3.7194E-02
4.6900000E+00	7.8057E-03	1.9619E-01
4.7000000E+00	1.9132E-02	3.2349E-01
4.7100000E+00	-4.2990E-04	2.3575E-01
4.7200000E+00	-1.5675E-02	6.0840E-02
4.7300000E+00	-9.2518E-03	5.2231E-02
4.7400000E+00	1.0131E-02	2.2286E-01
4.7500000E+00	1.8574E-02	3.2749E-01
4.7600000E+00	-3.3466E-03	2.1577E-01
4.7700000E+00	-1.6334E-02	4.9848E-02
4.7800000E+00	-6.8783E-03	7.0238E-02
4.7900000E+00	1.2570E-02	2.4850E-01
4.8000000E+00	1.7340E-02	3.2783E-01
4.8100000E+00	-5.9795E-03	1.9478E-01
4.8200000E+00	-1.6585E-02	4.2175E-02
4.8300000E+00	-4.3335E-03	9.1221E-02
4.8400000E+00	1.4495E-02	2.7219E-01
4.8500000E+00	1.5520E-02	3.2412E-01
4.8600000E+00	-8.4341E-03	1.7348E-01
4.8700000E+00	-1.6380E-02	3.8229E-02
4.8800000E+00	-1.8752E-03	1.1455E-01
4.8900000E+00	1.6253E-02	2.9317E-01
4.9000000E+00	1.3171E-02	3.1682E-01
4.9100000E+00	-1.0489E-02	1.5211E-01
4.9200000E+00	-1.5887E-02	3.7880E-02
4.9300000E+00	7.4752E-04	1.3985E-01
4.9400000E+00	1.7791E-02	3.1183E-01
4.9500000E+00	9.8660E-03	3.0612E-01
4.9600000E+00	-1.2421E-02	1.3180E-01
4.9700000E+00	-1.4819E-02	4.1538E-02
4.9800000E+00	3.2487E-03	1.6654E-01
4.9900000E+00	1.9039E-02	3.2716E-01
5.0000000E+00	6.0163E-03	2.9213E-01
5.0100000E+00	-1.3983E-02	1.1313E-01
5.0200000E+00	-1.3409E-02	4.9176E-02
5.0300000E+00	5.7820E-03	1.9353E-01
5.0400000E+00	1.9519E-02	3.3846E-01
5.0500000E+00	2.7042E-03	2.7577E-01
5.0600000E+00	-1.5239E-02	9.6470E-02
5.0700000E+00	-1.1527E-02	6.0862E-02
5.0800000E+00	8.2789E-03	2.2085E-01
5.0900000E+00	1.9636E-02	3.4646E-01
5.1000000E+00	-5.5172E-04	2.5713E-01
5.1100000E+00	-1.6121E-02	8.2816E-02
5.1200000E+00	-9.3391E-03	7.5865E-02
5.1300000E+00	1.0788E-02	2.4750E-01
5.1400000E+00	1.9055E-02	3.5047E-01
5.1500000E+00	-3.4625E-03	2.3679E-01
5.1600000E+00	-1.6729E-02	7.1832E-02
5.1700000E+00	-6.7715E-03	9.4198E-02
5.1800000E+00	1.3120E-02	2.7284E-01
5.1900000E+00	1.7782E-02	3.5046E-01
5.2000000E+00	-6.2137E-03	2.1577E-01
5.2100000E+00	-1.6926E-02	6.4183E-02
5.2200000E+00	-4.3073E-03	1.1552E-01
5.2300000E+00	1.5200E-02	2.9652E-01
5.2400000E+00	1.5764E-02	3.4645E-01
5.2500000E+00	-8.6973E-03	1.9445E-01
5.2600000E+00	-1.6810E-02	6.0519E-02
5.2700000E+00	-1.7358E-03	1.3917E-01
5.2800000E+00	1.7018E-02	3.1749E-01
5.2900000E+00	1.3295E-02	3.3877E-01
5.3000000E+00	-1.1004E-02	1.7313E-01
5.3100000E+00	-1.6085E-02	6.0514E-02
5.3200000E+00	9.2485E-04	1.6455E-01
5.3300000E+00	1.8603E-02	3.3582E-01
5.3400000E+00	9.7986E-03	3.2780E-01
5.3500000E+00	-1.2882E-02	1.5313E-01
5.3600000E+00	-1.5022E-02	6.4844E-02
5.3700000E+00	3.5810E-03	1.9123E-01
5.3800000E+00	1.9547E-02	3.5050E-01
5.3900000E+00	6.1431E-03	3.1380E-01
5.4000000E+00	-1.4463E-02	1.3446E-01
5.4100000E+00	-1.3519E-02	7.2839E-02
5.4200000E+00	6.2022E-03	2.1854E-01
5.4300000E+00	2.0203E-02	3.6215E-01
5.4400000E+00	2.6330E-03	2.9713E-01
5.4500000E+00	-1.5741E-02	1.1811E-01
5.4600000E+00	-1.1703E-02	8.4519E-02
5.4700000E+00	8.8095E-03	2.4552E-01
5.4800000E+00	2.0147E-02	3.6947E-01
5.4900000E+00	-5.9178E-04	2.7807E-01
5.5000000E+00	-1.6610E-02	1.0445E-01
5.5100000E+00	-9.2975E-03	9.9856E-02
5.5200000E+00	1.1353E-02	2.7218E-01
5.5300000E+00	1.9521E-02	3.7314E-01
5.5400000E+00	-3.5610E-03	2.5811E-01
5.5500000E+00	-1.7198E-02	9.3793E-02
5.5600000E+00	-6.8256E-03	1.1851E-01
5.5700000E+00	1.3737E-02	2.9719E-01
5.5800000E+00	1.8117E-02	3.7279E-01
5.5900000E+00	-6.3447E-03	2.3678E-01
5.6000000E+00	-1.7427E-02	8.6490E-02
5.6100000E+00	-4.2565E-03	1.3984E-01
5.6200000E+00	1.5842E-02	3.2052E-01
5.6300000E+00	1.6112E-02	3.6878E-01
5.6400000E+00	-9.0868E-03	2.1544E-01
5.6500000E+00	-1.7099E-02	8.3139E-02
5.6600000E+00	-1.6210E-03	1.6351E-01
5.6700000E+00	1.7767E-02	3.4152E-01
5.6800000E+00	1.3281E-02	3.6080E-01
5.6900000E+00	-1.1322E-02	1.9442E-01
5.7000000E+00	-1.6457E-02	8.3482E-02
5.7100000E+00	1.2433E-03	1.8918E-01
5.7200000E+00	1.9116E-02	3.5947E-01
5.7300000E+00	9.8176E-03	3.4942E-01
5.7400000E+00	-1.3326E-02	1.7411E-01
5.7500000E+00	-1.5243E-02	8.7816E-02
5.7600000E+00	3.9868E-03	2.1586E-01
5.7700000E+00	2.0277E-02	3.7413E-01
5.7800000E+00	6.1114E-03	3.3508E-01
5.7900000E+00	-1.4905E-02	1.5578E-01
5.8000000E+00	-1.3716E-02	9.6162E-02
5.8100000E+00	6.7344E-03	2.4320E-01
5.8200000E+00	2.0915E-02	3.8546E-01
5.8300000E+00	2.7666E-03	3.1842E-01
5.8400000E+00	-1.6265E-02	1.3944E-01
5.8500000E+00	-1.1758E-02	1.0820E-01
5.8600000E+00	9.3388E-03	2.7019E-01
5.8700000E+00	2.0934E-02	3.9244E-01
5.8800000E+00	-5.6628E-04	2.9940E-01
5.8900000E+00	-1.7067E-02	1.2611E-01
5.9000000E+00	-9.3969E-03	1.2387E-01
5.9100000E+00	1.1985E-02	2.9682E-01
5.9200000E+00	2.0153E-02	3.9578E-01
5.9300000E+00	-3.6174E-03	2.7907E-01
5.9400000E+00	-1.7704E-02	1.1580E-01
5.9500000E+00	-6.8297E-03	1.4251E-01
5.9600000E+00	1.4386E-02	3.2184E-01
5.9700000E+00	1.8730E-02	3.9544E-01
5.9800000E+00	-6.7475E-03	2.5774E-01
5.9900000E+00	-1.7852E-02	1.0880E-01
6.0000000E+00	-4.1728E-03	1.6419E-01
6.0100000E+00	1.6588E-02	3.4486E-01
6.0200000E+00	1.6355E-02	3.9076E-01
6.0300000E+00	-9.3329E-03	2.3644E-01
6.0400000E+00	-1.7514E-02	1.0547E-01
6.0500000E+00	-1.3111E-03	1.8818E-01
6.0600000E+00	1.8360E-02	3.6587E-01
6.0700000E+00	1.3504E-02	3.8275E-01
6.0800000E+00	-1.1657E-02	2.1544E-01
6.0900000E+00	-1.6804E-02	1.0613E-01
6.1000000E+00	1.5539E-03	2.1385E-01
6.1100000E+00	1.9921E-02	3.8349E-01
6.1200000E+00	9.7894E-03	3.7109E-01
6.1300000E+00	-1.3670E-02	1.9544E-01
6.1400000E+00	-1.5541E-02	1.1082E-01
6.1500000E+00	4.4795E-03	2.4054E-01
6.1600000E+00	2.1141E-02	3.9778E-01
6.1700000E+00	6.2269E-03	3.5678E-01
6.1800000E+00	-1.5355E-02	1.7711E-01
6.1900000E+00	-1.3862E-02	1.1950E-01
6.2000000E+00	7.2470E-03	2.6785E-01
6.2100000E+00	2.1976E-02	4.0879E-01
6.2200000E+00	2.7282E-03	3.3943E-01
6.2300000E+00	-1.6638E-02	1.6110E-01
6.2400000E+00	-1.1938E-02	1.3183E-01
6.2500000E+00	9.9511E-03	2.9484E-01
6.2600000E+00	2.2047E-02	4.1580E-01
6.2700000E+00	-6.8384E-04	3.2043E-01
6.2800000E+00	-1.7731E-02	1.4775E-01
6.2900000E+00	-9.4325E-03	1.4783E-01
6.3000000E+00	1.2607E-02	3.2117E-01
6.3100000E+00	2.1305E-02	4.1875E-01
6.3200000E+00	-3.9709E-03	3.0009E-01
6.3300000E+00	-1.8259E-02	1.3780E-01
6.3400000E+00	-6.8077E-03	1.6685E-01
6.3500000E+00	1.4979E-02	3.4618E-01
6.3600000E+00	1.9522E-02	4.1774E-01
6.3700000E+00	-7.1960E-03	2.7874E-01
6.3800000E+00	-1.8292E-02	1.3111E-01
6.3900000E+00	-4.0464E-03	1.8854E-01
6.4000000E+00	1.7112E-02	3.6918E-01
6.4100000E+00	1.7007E-02	4.1310E-01
6.4200000E+00	-9.7466E-03	2.5738E-01
6.4300000E+00	-1.7980E-02	1.2812E-01
6.4400000E+00	-1.1356E-03	2.1250E-01
6.4500000E+00	1.9165E-02	3.8983E-01
6.4600000E+00	1.3689E-02	4.0440E-01
6.4700000E+00	-1.1953E-02	2.3639E-01
6.4800000E+00	-1.7095E-02	1.2913E-01
6.4900000E+00	1.9660E-03	2.3853E-01
6.5000000E+00	2.0876E-02	4.0712E-01
6.5100000E+00	9.8386E-03	3.9272E-01
6.5200000E+00	-1.3939E-02	2.1676E-01
6.5300000E+00	-1.5824E-02	1.3415E-01
6.5400000E+00	4.9547E-03	2.6520E-01
6.5500000E+00	2.2425E-02	4.2145E-01
6.5600000E+00	6.0429E-03	3.7807E-01
6.5700000E+00	-1.5717E-02	1.9842E-01
6.5800000E+00	-1.4163E-02	1.4281E-01
6.5900000E+00	7.8305E-03	2.9252E-01
6.6000000E+00	2.3466E-02	4.3210E-01
6.6100000E+00	2.5849E-03	3.6075E-01
6.6200000E+00	-1.7185E-02	1.8278E-01
6.6300000E+00	-1.2112E-02	1.5548E-01
6.6400000E+00	1.0501E-02	3.1952E-01
6.6500000E+00	2.3558E-02	4.3879E-01
6.6600000E+00	-8.5070E-04	3.4176E-01
6.6700000E+00	-1.8325E-02	1.6943E-01
6.6800000E+00	-9.5295E-03	1.7186E-01
6.6900000E+00	1.3120E-02	3.4585E-01
6.7000000E+00	2.2576E-02	4.4141E-01
6.7100000E+00	-4.3686E-03	3.2107E-01
6.7200000E+00	-1.8886E-02	1.5976E-01
6.7300000E+00	-6.7247E-03	1.9082E-01
6.7400000E+00	1.5503E-02	3.7083E-01
6.7500000E+00	2.0583E-02	4.4008E-01
6.7600000E+00	-7.6449E-03	2.9974E-01
6.7700000E+00	-1.8955E-02	1.5313E-01
6.7800000E+00	-3.9170E-03	2.1285E-01
6.7900000E+00	1.7715E-02	3.9347E-01
6.8000000E+00	1.7752E-02	4.3509E-01
6.8100000E+00	-1.0211E-02	2.7840E-01
6.8200000E+00	-1.8457E-02	1.5080E-01
6.8300000E+00	-8.4116E-04	2.3716E-01
6.8400000E+00	1.9955E-02	4.1379E-01
6.8500000E+00	1.4123E-02	4.2640E-01
6.8600000E+00	-1.2422E-02	2.5741E-01
6.8700000E+00	-1.7543E-02	1.5178E-01
6.8800000E+00	2.3217E-03	2.6285E-01
6.8900000E+00	2.2159E-02	4.3114E-01
6.9000000E+00	9.9142E-03	4.1440E-01
6.9100000E+00	-1.4430E-02	2.3774E-01
6.9200000E+00	-1.6173E-02	1.5712E-01
6.9300000E+00	5.4744E-03	2.8983E-01
6.9400000E+00	2.3944E-02	4.4511E-01
6.9500000E+00	5.7163E-03	3.9941E-01
6.9600000E+00	-1.6285E-02	2.1973E-01
6.9700000E+00	-1.4361E-02	1.6645E-01
6.9800000E+00	8.3603E-03	3.1720E-01
6.9900000E+00	2.4919E-02	4.5510E-01
7.0000000E+00	2.1000E-03	3.8208E-01
7.0100000E+00	-1.7858E-02	2.0406E-01
7.0200000E+00	-1.2283E-02	1.7916E-01
7.0300000E+00	1.0972E-02	3.4417E-01
7.0400000E+00	2.4914E-02	4.6178E-01
7.0500000E+00	-1.4498E-03	3.6275E-01
7.0600000E+00	-1.9012E-02	1.9139E-01
7.0700000E+00	-9.6287E-03	1.9582E-01
7.0800000E+00	1.3477E-02	3.7049E-01
7.0900000E+00	2.3745E-02	4.6405E-01
7.1000000E+00	-4.7346E-03	3.4210E-01
7.1100000E+00	-1.9569E-02	1.8175E-01
7.1200000E+00	-6.6738E-03	2.1513E-01
7.1300000E+00	1.5930E-02	3.9514E-01
7.1400000E+00	2.1584E-02	4.6241E-01
7.1500000E+00	-7.8869E-03	3.2073E-01
7.1600000E+00	-1.9659E-02	1.7540E-01
7.1700000E+00	-3.7292E-03	2.3752E-01
7.1800000E+00	1.8397E-02	4.1777E-01
7.1900000E+00	1.8442E-02	4.5704E-01
7.2000000E+00	-1.0546E-02	2.9940E-01
7.2100000E+00	-1.9133E-02	1.7308E-01
7.2200000E+00	-5.3399E-04	2.6182E-01
7.2300000E+00	2.0986E-02	4.3780E-01
7.2400000E+00	1.4365E-02	4.4806E-01
7.2500000E+00	-1.2822E-02	2.7871E-01
7.2600000E+00	-1.8129E-02	1.7477E-01
7.2700000E+00	2.7484E-03	2.8752E-01
7.2800000E+00	2.3374E-02	4.5480E-01
7.2900000E+00	9.7821E-03	4.3608E-01
7.3000000E+00	-1.4878E-02	2.5906E-01
7.3100000E+00	-1.6633E-02	1.8041E-01
7.3200000E+00	5.8042E-03	3.1451E-01
7.3300000E+00	2.5224E-02	4.6842E-01
7.3400000E+00	5.2941E-03	4.2072E-01
7.3500000E+00	-1.6951E-02	2.4105E-01
7.3600000E+00	-1.4774E-02	1.8978E-01
7.3700000E+00	8.6869E-03	3.4185E-01
7.3800000E+00	2.6207E-02	4.7843E-01
7.3900000E+00	1.3944E-03	4.0336E-01
7.4000000E+00	-1.8597E-02	2.2573E-01
7.4100000E+00	-1.2535E-02	2.0314E-01
7.4200000E+00	1.1156E-02	3.6880E-01
7.4300000E+00	2.6054E-02	4.8441E-01
7.4400000E+00	-2.2012E-03	3.8373E-01
7.4500000E+00	-1.9598E-02	2.1305E-01
7.4600000E+00	-9.6427E-03	2.1978E-01
7.4700000E+00	1.3865E-02	3.9515E-01
7.4800000E+00	2.4829E-02	4.8672E-01
7.4900000E+00	-5.4745E-03	3.6304E-01
7.5000000E+00	-2.0231E-02	2.0377E-01
7.5100000E+00	-6.5708E-03	2.3948E-01
7.5200000E+00	1.6356E-02	4.1946E-01
7.5300000E+00	2.2327E-02	4.8471E-01
7.5400000E+00	-8.2729E-03	3.4174E-01
7.5500000E+00	-2.0290E-02	1.9773E-01
7.5600000E+00	-3.4638E-03	2.6180E-01
7.5700000E+00	1.9190E-02	4.4213E-01
7.5800000E+00	1.9004E-02	4.7937E-01
7.5900000E+00	-1.0872E-02	3.2040E-01
7.6000000E+00	-1.9754E-02	1.9577E-01
7.6100000E+00	-2.9650E-04	2.8618E-01
7.6200000E+00	2.1881E-02	4.6179E-01
7.6300000E+00	1.4506E-02	4.7005E-01
7.6400000E+00	-1.3125E-02	2.9973E-01
7.6500000E+00	-1.8637E-02	1.9774E-01
7.6600000E+00	3.0397E-03	3.1217E-01
7.6700000E+00	2.4523E-02	4.7875E-01
7.6800000E+00	9.4058E-03	4.5771E-01
7.6900000E+00	-1.5416E-02	2.8003E-01
7.7000000E+00	-1.7262E-02	2.0375E-01
7.7100000E+00	6.0044E-03	3.3918E-01
7.7200000E+00	2.6495E-02	4.9208E-01
7.7300000E+00	4.7216E-03	4.4238E-01
7.7400000E+00	-1.7487E-02	2.6275E-01
7.7500000E+00	-1.5151E-02	2.1345E-01
7.7600000E+00	8.7313E-03	3.6651E-01
7.7700000E+00	2.7562E-02	5.0175E-01
7.7800000E+00	3.8373E-04	4.2439E-01
7.7900000E+00	-1.9054E-02	2.4738E-01
7.8000000E+00	-1.2745E-02	2.2679E-01
7.8100000E+00	1.1310E-02	3.9347E-01
7.8200000E+00	2.7256E-02	5.0743E-01
7.8300000E+00	-3.2588E-03	4.0506E-01
7.8400000E+00	-2.0173E-02	2.3472E-01
7.8500000E+00	-9.6739E-03	2.4380E-01
7.8600000E+00	1.4014E-02	4.1946E-01
7.8700000E+00	2.5874E-02	5.0940E-01
7.8800000E+00	-6.4555E-03	3.8439E-01
7.8900000E+00	-2.0740E-02	2.2575E-01
7.9000000E+00	-6.5482E-03	2.6347E-01
7.9100000E+00	1.6996E-02	4.4412E-01
7.9200000E+00	2.3115E-02	5.0706E-01
7.9300000E+00	-9.1487E-03	3.6270E-01
7.9400000E+00	-2.0810E-02	2.2007E-01
7.9500000E+00	-3.3717E-03	2.8612E-01
7.9600000E+00	1.9815E-02	4.6609E-01
7.9700000E+00	1.9595E-02	5.0139E-01
7.9800000E+00	-1.1447E-02	3.4141E-01
7.9900000E+00	-2.0187E-02	2.1840E-01
8.0000000E+00	-6.9096E-05	3.1084E-01
8.0100000E+00	2.2919E-02	4.8576E-01
8.0200000E+00	1.4533E-02	4.9173E-01
8.0300000E+00	-1.3555E-02	3.2072E-01
8.0400000E+00	-1.9202E-02	2.2076E-01
8.0500000E+00	3.0561E-03	3.3680E-01
8.0600000E+00	2.5639E-02	5.0241E-01
8.0700000E+00	8.9334E-03	4.7904E-01
8.0800000E+00	-1.5837E-02	3.0138E-01
8.0900000E+00	-1.7571E-02	2.2676E-01
8.1000000E+00	5.9169E-03	3.6382E-01
8.1100000E+00	2.7594E-02	5.1539E-01
8.1200000E+00	3.8932E-03	4.6369E-01
8.1300000E+00	-1.7819E-02	2.8404E-01
8.1400000E+00	-1.5400E-02	2.3676E-01
8.1500000E+00	8.8029E-03	3.9115E-01
8.1600000E+00	2.8261E-02	5.2507E-01
8.1700000E+00	-7.0053E-04	4.4571E-01
8.1800000E+00	-1.9450E-02	2.6870E-01
8.1900000E+00	-1.2825E-02	2.5044E-01
8.2000000E+00	1.1439E-02	4.1813E-01
8.2100000E+00	2.7603E-02	5.3039E-01
8.2200000E+00	-4.4243E-03	4.2606E-01
8.2300000E+00	-2.0421E-02	2.5672E-01
8.2400000E+00	-9.6632E-03	2.6775E-01
8.2500000E+00	1.4358E-02	4.4412E-01
8.2600000E+00	2.5914E-02	5.3205E-01
8.2700000E+00	-7.5210E-03	4.0537E-01
8.2800000E+00	-2.1057E-02	2.4771E-01
8.2900000E+00	-6.4373E-03	2.8780E-01
8.3000000E+00	1.7372E-02	4.6846E-01
8.3100000E+00	2.3129E-02	5.2938E-01
8.3200000E+00	-1.0108E-02	3.8373E-01
8.3300000E+00	-2.0995E-02	2.4273E-01
8.3400000E+00	-3.3562E-03	3.1046E-01
8.3500000E+00	2.0615E-02	4.9043E-01
8.3600000E+00	1.9564E-02	5.2338E-01
8.3700000E+00	-1.2255E-02	3.6271E-01
8.3800000E+00	-2.0522E-02	2.4109E-01
8.3900000E+00	-6.6134E-05	3.3545E-01
8.4000000E+00	2.3758E-02	5.0974E-01
8.4100000E+00	1.4379E-02	5.1370E-01
8.4200000E+00	-1.4181E-02	3.4207E-01
8.4300000E+00	-1.9376E-02	2.4375E-01
8.4400000E+00	2.9867E-03	3.6148E-01
8.4500000E+00	2.6119E-02	5.2608E-01
8.4600000E+00	8.5437E-03	5.0072E-01
8.4700000E+00	-1.6225E-02	3.2271E-01
8.4800000E+00	-1.7734E-02	2.5008E-01
8.4900000E+00	5.9634E-03	3.8879E-01
8.5000000E+00	2.7218E-02	5.3905E-01
8.5100000E+00	3.2696E-03	4.8504E-01
8.5200000E+00	-1.7977E-02	3.0539E-01
8.5300000E+00	-1.5403E-02	2.6042E-01
8.5400000E+00	8.7597E-03	4.1578E-01
8.5500000E+00	2.7122E-02	5.4804E-01
8.5600000E+00	-1.1746E-03	4.6702E-01
8.5700000E+00	-1.9457E-02	2.9040E-01
8.5800000E+00	-1.2678E-02	2.7444E-01
8.5900000E+00	1.1673E-02	4.4279E-01
8.6000000E+00	2.6347E-02	5.5340E-01
8.6100000E+00	-4.9774E-03	4.4700E-01
8.6200000E+00	-2.0319E-02	2.7871E-01
8.6300000E+00	-9.4449E-03	2.9177E-01
8.6400000E+00	1.4730E-02	4.6845E-01
8.6500000E+00	2.4537E-02	5.5436E-01
8.6600000E+00	-8.0035E-03	4.2636E-01
8.6700000E+00	-2.0872E-02	2.7007E-01
8.6800000E+00	-6.2706E-03	3.1208E-01
8.6900000E+00	1.8055E-02	4.9272E-01
8.7000000E+00	2.1869E-02	5.5170E-01
8.7100000E+00	-1.0585E-02	4.0500E-01
8.7200000E+00	-2.0873E-02	2.6506E-01
8.7300000E+00	-3.1215E-03	3.3510E-01
8.7400000E+00	2.1412E-02	5.1471E-01
8.7500000E+00	1.8392E-02	5.4531E-01
8.7600000E+00	-1.2773E-02	3.8372E-01
8.7700000E+00	-2.0336E-02	2.6375E-01
8.7800000E+00	-1.0430E-06	3.5978E-01
8.7900000E+00	2.3930E-02	5.3371E-01
8.8000000E+00	1.3672E-02	5.3531E-01
8.8100000E+00	-1.4662E-02	3.6303E-01
8.8200000E+00	-1.9136E-02	2.6674E-01
8.8300000E+00	3.0294E-03	3.8611E-01
8.8400000E+00	2.5406E-02	5.5008E-01
8.8500000E+00	8.3284E-03	5.2235E-01
8.8600000E+00	-1.6412E-02	3.4402E-01
8.8700000E+00	-1.7492E-02	2.7343E-01
8.8800000E+00	6.0473E-03	4.1346E-01
8.8900000E+00	2.5976E-02	5.6238E-01
8.9000000E+00	3.4380E-03	5.0634E-01
8.9100000E+00	-1.7913E-02	3.2672E-01
8.9200000E+00	-1.5019E-02	2.8407E-01
8.9300000E+00	8.9439E-03	4.4044E-01
8.9400000E+00	2.5929E-02	5.7136E-01
8.9500000E+00	-1.0682E-03	4.8800E-01
8.9600000E+00	-1.9131E-02	3.1206E-01
8.9700000E+00	-1.2276E-02	2.9809E-01
8.9800000E+00	1.2087E-02	4.6744E-01
8.9900000E+00	2.4988E-02	5.7606E-01
9.0000000E+00	-4.7969E-03	4.6835E-01
9.0100000E+00	-1.9990E-02	3.0041E-01
9.0200000E+00	-9.0706E-03	3.1577E-01
9.0300000E+00	1.5414E-02	4.9308E-01
9.0400000E+00	2.3279E-02	5.7703E-01
9.0500000E+00	-8.0059E-03	4.4734E-01
9.0600000E+00	-2.0465E-02	2.9202E-01
9.0700000E+00	-5.9830E-03	3.3644E-01
9.0800000E+00	1.8763E-02	5.1709E-01
9.0900000E+00	2.0549E-02	5.7405E-01
9.1000000E+00	-1.0639E-02	4.2602E-01
9.1100000E+00	-2.0460E-02	2.8738E-01
9.1200000E+00	-2.8509E-03	3.5945E-01
9.1300000E+00	2.1563E-02	5.3874E-01
9.1400000E+00	1.7136E-02	5.6733E-01
9.1500000E+00	-1.2854E-02	4.0471E-01
9.1600000E+00	-1.9905E-02	2.8640E-01
9.1700000E+00	1.9866E-04	3.8445E-01
9.1800000E+00	2.3264E-02	5.5771E-01
9.1900000E+00	1.2783E-02	5.5698E-01
9.2000000E+00	-1.4801E-02	3.8437E-01
9.2100000E+00	-1.8712E-02	2.8972E-01
9.2200000E+00	3.1687E-03	4.1077E-01
9.2300000E+00	2.4442E-02	5.7373E-01
9.2400000E+00	8.1472E-03	5.4367E-01
9.2500000E+00	-1.6510E-02	3.6533E-01
9.2600000E+00	-1.7012E-02	2.9671E-01
9.2700000E+00	6.2388E-03	4.3813E-01
9.2800000E+00	2.4781E-02	5.8606E-01
9.2900000E+00	3.7923E-03	5.2766E-01
9.3000000E+00	-1.7907E-02	3.4839E-01
9.3100000E+00	-1.4549E-02	3.0775E-01
9.3200000E+00	9.3635E-03	4.6545E-01
9.3300000E+00	2.4415E-02	5.9437E-01
9.3400000E+00	-5.0355E-04	5.0936E-01
9.3500000E+00	-1.8961E-02	3.3369E-01
9.3600000E+00	-1.1931E-02	3.2207E-01
9.3700000E+00	1.2663E-02	4.9210E-01
9.3800000E+00	2.3396E-02	5.9902E-01
9.3900000E+00	-4.3833E-03	4.8935E-01
9.4000000E+00	-1.9617E-02	3.2237E-01
9.4100000E+00	-8.6415E-03	3.4010E-01
9.4200000E+00	1.6157E-02	5.1771E-01
9.4300000E+00	2.1535E-02	5.9971E-01
9.4400000E+00	-7.6917E-03	4.6832E-01
9.4500000E+00	-1.9968E-02	3.1438E-01
9.4600000E+00	-5.6589E-03	3.6075E-01
9.4700000E+00	1.9060E-02	5.4141E-01
9.4800000E+00	1.9001E-02	5.9632E-01
9.4900000E+00	-1.0379E-02	4.4699E-01
9.5000000E+00	-1.9907E-02	3.0970E-01
9.5100000E+00	-2.5948E-03	3.8377E-01
9.5200000E+00	2.1159E-02	5.6307E-01
9.5300000E+00	1.5876E-02	5.8932E-01
9.5400000E+00	-1.2705E-02	4.2567E-01
9.5500000E+00	-1.9251E-02	3.0937E-01
9.5600000E+00	5.2487E-04	4.0909E-01
9.5700000E+00	2.2499E-02	5.8170E-01
9.5800000E+00	1.2036E-02	5.7900E-01
9.5900000E+00	-1.4758E-02	4.0532E-01
9.6000000E+00	-1.8067E-02	3.1272E-01
9.6100000E+00	3.5271E-03	4.3542E-01
9.6200000E+00	2.3205E-02	5.9737E-01
9.6300000E+00	7.9364E-03	5.6534E-01
9.6400000E+00	-1.6434E-02	3.8637E-01
9.6500000E+00	-1.6456E-02	3.2007E-01
9.6600000E+00	6.7162E-03	4.6276E-01
9.6700000E+00	2.3144E-02	6.0939E-01
9.6800000E+00	4.0614E-03	5.4901E-01
9.6900000E+00	-1.7761E-02	3.6969E-01
9.7000000E+00	-1.4055E-02	3.3107E-01
9.7100000E+00	9.9284E-03	4.9008E-01
9.7200000E+00	2.2731E-02	6.1737E-01
9.7300000E+00	2.4875E-04	5.3066E-01
9.7400000E+00	-1.8602E-02	3.5539E-01
9.7500000E+00	-1.1330E-02	3.4606E-01
9.7600000E+00	1.3438E-02	5.1675E-01
9.7700000E+00	2.1621E-02	6.2167E-01
9.7800000E+00	-3.5103E-03	5.1031E-01
9.7900000E+00	-1.9195E-02	3.4440E-01
9.8000000E+00	-8.2008E-03	3.6410E-01
9.8100000E+00	1.6502E-02	5.4204E-01
9.8200000E+00	1.9959E-02	6.2198E-01
9.8300000E+00	-6.9366E-03	4.8933E-01
9.8400000E+00	-1.9518E-02	3.3637E-01
9.8500000E+00	-5.1925E-03	3.8508E-01
9.8600000E+00	1.8899E-02	5.6572E-01
9.8700000E+00	1.7527E-02	6.1868E-01
9.8800000E+00	-9.7906E-03	4.6801E-01
9.8900000E+00	-1.9308E-02	3.3237E-01
9.9000000E+00	-2.0833E-03	4.0843E-01
9.9100000E+00	2.0505E-02	5.8704E-01
9.9200000E+00	1.4656E-02	6.1133E-01
9.9300000E+00	-1.2313E-02	4.4670E-01
9.9400000E+00	-1.8694E-02	3.3206E-01
9.9500000E+00	9.4385E-04	4.3377E-01
9.9600000E+00	2.1510E-02	6.0568E-01
9.9700000E+00	1.1202E-02	6.0067E-01
9.9800000E+00	-1.4401E-02	4.2634E-01
9.9900000E+00	-1.7529E-02	3.3571E-01
1.0000000E+01	4.0971E-03	4.6009E-01
1.0010000E+01	2.1940E-02	6.2102E-01
1.0020000E+01	7.6234E-03	5.8666E-01
1.0030000E+01	-1.6106E-02	4.0764E-01
1.0040000E+01	-1.5812E-02	3.4340E-01
1.0050000E+01	7.3398E-03	4.8738E-01
1.0060000E+01	2.1825E-02	6.3265E-01
1.0070000E+01	4.2428E-03	5.7034E-01
1.0080000E+01	-1.7466E-02	3.9100E-01
1.0090000E+01	-1.3539E-02	3.5475E-01
1.0100000E+01	1.0792E-02	5.1473E-01
1.0110000E+01	2.1428E-02	6.4066E-01
1.0120000E+01	8.1402E-04	5.5166E-01
1.0130000E+01	-1.8387E-02	3.7702E-01
1.0140000E+01	-1.0909E-02	3.6971E-01
1.0150000E+01	1.3989E-02	5.4139E-01
1.0160000E+01	2.0344E-02	6.4465E-01
1.0170000E+01	-2.6727E-03	5.3167E-01
1.0180000E+01	-1.8911E-02	3.6605E-01
1.0190000E+01	-7.7537E-03	3.8809E-01
1.0200000E+01	1.6592E-02	5.6670E-01
1.0210000E+01	1.8707E-02	6.4465E-01
1.0220000E+01	-6.0853E-03	5.1033E-01
1.0230000E+01	-1.9103E-02	3.5868E-01
1.0240000E+01	-4.7436E-03	4.0943E-01
1.0250000E+01	1.8378E-02	5.8970E-01
1.0260000E+01	1.6214E-02	6.3897E-01
1.0270000E+01	-9.4017E-03	4.8601E-01
1.0280000E+01	-1.9094E-02	3.5072E-01
1.0290000E+01	-1.8942E-03	4.2774E-01
1.0300000E+01	1.9466E-02	6.0470E-01
1.0310000E+01	1.3367E-02	6.2565E-01
1.0320000E+01	-1.2171E-02	4.5900E-01
1.0330000E+01	-1.8761E-02	3.4473E-01
1.0340000E+01	9.5522E-04	4.4708E-01
1.0350000E+01	2.0129E-02	6.1737E-01
1.0360000E+01	1.0048E-02	6.0866E-01
1.0370000E+01	-1.4453E-02	4.3299E-01
1.0380000E+01	-1.7571E-02	3.4306E-01
1.0390000E+01	3.9431E-03	4.6771E-01
1.0400000E+01	2.0575E-02	6.2633E-01
1.0410000E+01	6.6225E-03	5.8893E-01
1.0420000E+01	-1.6183E-02	4.0868E-01
1.0430000E+01	-1.6007E-02	3.4508E-01
1.0440000E+01	6.9326E-03	4.8903E-01
1.0450000E+01	2.0507E-02	6.3200E-01
1.0460000E+01	3.3376E-03	5.6630E-01
1.0470000E+01	-1.7732E-02	3.8638E-01
1.0480000E+01	-1.3795E-02	3.5107E-01
1.0490000E+01	1.0015E-02	5.1073E-01
1.0500000E+01	2.0014E-02	6.3367E-01
1.0510000E+01	-2.6081E-04	5.4166E-01
1.0520000E+01	-1.8585E-02	3.6666E-01
1.0530000E+01	-1.1085E-02	3.6039E-01
1.0540000E+01	1.3033E-02	5.3140E-01
1.0550000E+01	1.9076E-02	6.3165E-01
1.0560000E+01	-3.9720E-03	5.1565E-01
1.0570000E+01	-1.9339E-02	3.5003E-01
1.0580000E+01	-8.0916E-03	3.7309E-01
1.0590000E+01	1.5484E-02	5.5074E-01
1.0600000E+01	1.7499E-02	6.2534E-01
1.0610000E+01	-7.3438E-03	4.8867E-01
1.0620000E+01	-1.9576E-02	3.3674E-01
1.0630000E+01	-5.1865E-03	3.8843E-01
1.0640000E+01	1.7432E-02	5.6803E-01
1.0650000E+01	1.5309E-02	6.1530E-01
1.0660000E+01	-1.0209E-02	4.6130E-01
1.0670000E+01	-1.9496E-02	3.2740E-01
1.0680000E+01	-2.1273E-03	4.0642E-01
1.0690000E+01	1.8877E-02	5.8335E-01
1.0700000E+01	1.2618E-02	6.0162E-01
1.0710000E+01	-1.2612E-02	4.3435E-01
1.0720000E+01	-1.8843E-02	3.2202E-01
1.0730000E+01	7.6983E-04	4.2608E-01
1.0740000E+01	1.9871E-02	5.9538E-01
1.0750000E+01	9.3941E-03	5.8464E-01
1.0760000E+01	-1.4605E-02	4.0835E-01
1.0770000E+01	-1.7829E-02	3.2040E-01
1.0780000E+01	3.6411E-03	4.4675E-01
1.0790000E+01	2.0263E-02	6.0436E-01
1.0800000E+01	5.8237E-03	5.6466E-01
1.0810000E+01	-1.6381E-02	3.8402E-01
1.0820000E+01	-1.6038E-02	3.2273E-01
1.0830000E+01	6.5383E-03	4.6808E-01
1.0840000E+01	2.0375E-02	6.0970E-01
1.0850000E+01	2.3334E-03	5.4197E-01
1.0860000E+01	-1.7694E-02	3.6201E-01
1.0870000E+01	-1.3860E-02	3.2875E-01
1.0880000E+01	9.3619E-03	4.8942E-01
1.0890000E+01	1.9863E-02	6.1102E-01
1.0900000E+01	-1.3906E-03	5.1735E-01
1.0910000E+01	-1.8767E-02	3.4271E-01
1.0920000E+01	-1.1016E-02	3.3840E-01
1.0930000E+01	1.2242E-02	5.1007E-01
1.0940000E+01	1.9033E-02	6.0867E-01
1.0950000E+01	-4.8677E-03	4.9101E-01
1.0960000E+01	-1.9401E-02	3.2636E-01
1.0970000E+01	-8.0767E-03	3.5144E-01
1.0980000E+01	1.4931E-02	5.2940E-01
1.0990000E+01	1.7438E-02	6.0237E-01
1.1000000E+01	-8.0114E-03	4.6400E-01
1.1010000E+01	-1.9767E-02	3.1337E-01
1.1020000E+01	-5.1761E-03	3.6708E-01
1.1030000E+01	1.7044E-02	5.4671E-01
1.1040000E+01	1.5266E-02	5.9201E-01
1.1050000E+01	-1.0573E-02	4.3668E-01
1.1060000E+01	-1.9637E-02	3.0439E-01
1.1070000E+01	-2.2253E-03	3.8513E-01
1.1080000E+01	1.8662E-02	5.6170E-01
1.1090000E+01	1.2364E-02	5.7801E-01
1.1100000E+01	-1.2750E-02	4.0971E-01
1.1110000E+01	-1.9006E-02	2.9908E-01
1.1120000E+01	8.2221E-04	4.0479E-01
1.1130000E+01	1.9701E-02	5.7372E-01
1.1140000E+01	8.7804E-03	5.6067E-01
1.1150000E+01	-1.4701E-02	3.8402E-01
1.1160000E+01	-1.7883E-02	2.9770E-01
1.1170000E+01	3.6659E-03	4.2577E-01
1.1180000E+01	2.0371E-02	5.8237E-01
1.1190000E+01	5.0774E-03	5.4031E-01
1.1200000E+01	-1.6374E-02	3.5970E-01
1.1210000E+01	-1.6055E-02	3.0042E-01
1.1220000E+01	6.4068E-03	4.4708E-01
1.1230000E+01	2.0432E-02	5.8736E-01
1.1240000E+01	1.3538E-03	5.1734E-01
1.1250000E+01	-1.7714E-02	3.3767E-01
1.1260000E+01	-1.3701E-02	3.0673E-01
1.1270000E+01	9.2008E-03	4.6844E-01
1.1280000E+01	2.0011E-02	5.8834E-01
1.1290000E+01	-2.2561E-03	4.9270E-01
1.1300000E+01	-1.8742E-02	3.1871E-01
1.1310000E+01	-1.0926E-02	3.1676E-01
1.1320000E+01	1.1786E-02	4.8907E-01
1.1330000E+01	1.9087E-02	5.8570E-01
1.1340000E+01	-5.4681E-03	4.6637E-01
1.1350000E+01	-1.9638E-02	3.0237E-01
1.1360000E+01	-7.9060E-03	3.3008E-01
1.1370000E+01	1.4313E-02	5.0806E-01
1.1380000E+01	1.7530E-02	5.7905E-01
1.1390000E+01	-8.2550E-03	4.3938E-01
1.1400000E+01	-1.9895E-02	2.9004E-01
1.1410000E+01	-5.0182E-03	3.4579E-01
1.1420000E+01	1.6650E-02	5.2540E-01
1.1430000E+01	1.5151E-02	5.6833E-01
1.1440000E+01	-1.0715E-02	4.1204E-01
1.1450000E+01	-1.9818E-02	2.8105E-01
1.1460000E+01	-2.0330E-03	3.6411E-01
1.1470000E+01	1.8448E-02	5.4006E-01
1.1480000E+01	1.2145E-02	5.5401E-01
1.1490000E+01	-1.2828E-02	3.8505E-01
1.1500000E+01	-1.9118E-02	2.7603E-01
1.1510000E+01	8.9583E-04	3.8380E-01
1.1520000E+01	1.9782E-02	5.5171E-01
1.1530000E+01	8.3693E-03	5.3668E-01
1.1540000E+01	-1.4711E-02	3.5935E-01
1.1550000E+01	-1.7878E-02	2.7507E-01
1.1560000E+01	3.7973E-03	4.0477E-01
1.1570000E+01	2.0389E-02	5.6004E-01
1.1580000E+01	4.3698E-03	5.1600E-01
1.1590000E+01	-1.6359E-02	3.3535E-01
1.1600000E+01	-1.5999E-02	2.7807E-01
1.1610000E+01	6.4936E-03	4.2613E-01
1.1620000E+01	2.0607E-02	5.6469E-01
1.1630000E+01	7.0506E-04	4.9302E-01
1.1640000E+01	-1.7720E-02	3.1373E-01
1.1650000E+01	-1.3695E-02	2.8473E-01
1.1660000E+01	9.0614E-03	4.4745E-01
1.1670000E+01	2.0170E-02	5.6569E-01
1.1680000E+01	-2.6778E-03	4.6802E-01
1.1690000E+01	-1.8946E-02	2.9474E-01
1.1700000E+01	-1.0817E-02	2.9513E-01
1.1710000E+01	1.1487E-02	4.6776E-01
1.1720000E+01	1.9156E-02	5.6268E-01
1.1730000E+01	-5.6491E-03	4.4169E-01
1.1740000E+01	-1.9730E-02	2.7872E-01
1.1750000E+01	-7.8374E-03	3.0842E-01
1.1760000E+01	1.3885E-02	4.8674E-01
1.1770000E+01	1.7480E-02	5.5568E-01
1.1780000E+01	-8.2761E-03	4.1472E-01
1.1790000E+01	-2.0161E-02	2.6638E-01
1.1800000E+01	-4.8917E-03	3.2444E-01
1.1810000E+01	1.6069E-02	5.0374E-01
1.1820000E+01	1.5049E-02	5.4466E-01
1.1830000E+01	-1.0582E-02	3.8736E-01
1.1840000E+01	-2.0019E-02	2.5805E-01
1.1850000E+01	-1.8562E-03	3.4279E-01
1.1860000E+01	1.8119E-02	5.1839E-01
1.1870000E+01	1.1822E-02	5.3036E-01
1.1880000E+01	-1.2726E-02	3.6038E-01
1.1890000E+01	-1.9194E-02	2.5339E-01
1.1900000E+01	1.0897E-03	3.6282E-01
1.1910000E+01	1.9547E-02	5.2974E-01
1.1920000E+01	7.8815E-03	5.1267E-01
1.1930000E+01	-1.4568E-02	3.3502E-01
1.1940000E+01	-1.7761E-02	2.5275E-01
1.1950000E+01	3.9815E-03	3.8382E-01
1.1960000E+01	2.0439E-02	5.3803E-01
1.1970000E+01	3.7900E-03	4.9169E-01
1.1980000E+01	-1.6292E-02	3.1106E-01
1.1990000E+01	-1.5892E-02	2.5574E-01
1.2000000E+01	6.5552E-03	4.0511E-01
1.2010000E+01	2.0595E-02	5.4240E-01
1.2020000E+01	3.2681E-04	4.6868E-01
1.2030000E+01	-1.7931E-02	2.8938E-01
1.2040000E+01	-1.3584E-02	2.6274E-01
1.2050000E+01	9.1742E-03	4.2646E-01
1.2060000E+01	2.0213E-02	5.4303E-01
1.2070000E+01	-2.8220E-03	4.4335E-01
1.2080000E+01	-1.9151E-02	2.7073E-01
1.2090000E+01	-1.0697E-02	2.7346E-01
1.2100000E+01	1.1545E-02	4.4677E-01
1.2110000E+01	1.9068E-02	5.3969E-01
1.2120000E+01	-5.7186E-03	4.1706E-01
1.2130000E+01	-2.0011E-02	2.5506E-01
1.2140000E+01	-7.6642E-03	2.8676E-01
1.2150000E+01	1.3759E-02	4.6578E-01
1.2160000E+01	1.7279E-02	5.3239E-01
1.2170000E+01	-8.2452E-03	3.8970E-01
1.2180000E+01	-2.0161E-02	2.4306E-01
1.2190000E+01	-4.7707E-03	3.0312E-01
1.2200000E+01	1.5763E-02	4.8242E-01
1.2210000E+01	1.4758E-02	5.2136E-01
1.2220000E+01	-1.0417E-02	3.6272E-01
1.2230000E+01	-2.0004E-02	2.3471E-01
1.2240000E+01	-1.5994E-03	3.2147E-01
1.2250000E+01	1.7595E-02	4.9677E-01
1.2260000E+01	1.1323E-02	5.0635E-01
1.2270000E+01	-1.2557E-02	3.3600E-01
1.2280000E+01	-1.9121E-02	2.3042E-01
1.2290000E+01	1.3287E-03	3.4181E-01
1.2300000E+01	1.9098E-02	5.0803E-01
1.2310000E+01	7.3307E-03	4.8836E-01
1.2320000E+01	-1.4530E-02	3.1038E-01
1.2330000E+01	-1.7772E-02	2.3009E-01
1.2340000E+01	4.1486E-03	3.6280E-01
1.2350000E+01	2.0038E-02	5.1577E-01
1.2360000E+01	3.6417E-03	4.6737E-01
1.2370000E+01	-1.6461E-02	2.8671E-01
1.2380000E+01	-1.5782E-02	2.3376E-01
1.2390000E+01	6.7590E-03	3.8413E-01
1.2400000E+01	2.0372E-02	5.2006E-01
1.2410000E+01	2.3786E-04	4.4403E-01
1.2420000E+01	-1.7899E-02	2.6537E-01
1.2430000E+01	-1.3500E-02	2.4076E-01
1.2440000E+01	9.2970E-03	4.0549E-01
1.2450000E+01	1.9815E-02	5.2036E-01
1.2460000E+01	-2.7452E-03	4.1904E-01
1.2470000E+01	-1.9326E-02	2.4672E-01
1.2480000E+01	-1.0502E-02	2.5146E-01
1.2490000E+01	1.1561E-02	4.2545E-01
1.2500000E+01	1.8703E-02	5.1675E-01
1.2510000E+01	-5.6510E-03	3.9237E-01
1.2520000E+01	-1.9954E-02	2.3139E-01
1.2530000E+01	-7.5523E-03	2.6547E-01
1.2540000E+01	1.3575E-02	4.4446E-01
1.2550000E+01	1.6638E-02	5.0907E-01
1.2560000E+01	-8.1506E-03	3.6505E-01
1.2570000E+01	-2.0383E-02	2.1974E-01
1.2580000E+01	-4.6121E-03	2.8177E-01
1.2590000E+01	1.5580E-02	4.6110E-01
1.2600000E+01	1.4069E-02	4.9769E-01
1.2610000E+01	-1.0433E-02	3.3810E-01
1.2620000E+01	-1.9883E-02	2.1173E-01
1.2630000E+01	-1.4915E-03	3.0047E-01
1.2640000E+01	1.7344E-02	4.7507E-01
1.2650000E+01	1.0721E-02	4.8271E-01
1.2660000E+01	-1.2517E-02	3.1139E-01
1.2670000E+01	-1.9044E-02	2.0777E-01
1.2680000E+01	1.5945E-03	3.2051E-01
1.2690000E+01	1.8606E-02	4.8610E-01
1.2700000E+01	7.0221E-03	4.6436E-01
1.2710000E+01	-1.4680E-02	2.8607E-01
1.2720000E+01	-1.7451E-02	2.0776E-01
1.2730000E+01	4.3191E-03	3.4182E-01
1.2740000E+01	1.9512E-02	4.9375E-01
1.2750000E+01	3.5388E-03	4.4305E-01
1.2760000E+01	-1.6568E-02	2.6235E-01
1.2770000E+01	-1.5584E-02	2.1143E-01
1.2780000E+01	6.9676E-03	3.6316E-01
1.2790000E+01	1.9700E-02	4.9739E-01
1.2800000E+01	4.0776E-04	4.1971E-01
1.2810000E+01	-1.8201E-02	2.4107E-01
1.2820000E+01	-1.3159E-02	2.1911E-01
1.2830000E+01	9.2190E-03	3.8416E-01
1.2840000E+01	1.9174E-02	4.9743E-01
1.2850000E+01	-2.7038E-03	3.9437E-01
1.2860000E+01	-1.9429E-02	2.2273E-01
1.2870000E+01	-1.0392E-02	2.2981E-01
1.2880000E+01	1.1637E-02	4.0447E-01
1.2890000E+01	1.7859E-02	4.9338E-01
1.2900000E+01	-5.4811E-03	3.6772E-01
1.2910000E+01	-2.0078E-02	2.0775E-01
1.2920000E+01	-7.3267E-03	2.4378E-01
1.2930000E+01	1.3625E-02	4.2311E-01
1.2940000E+01	1.5898E-02	4.8572E-01
1.2950000E+01	-8.0450E-03	3.4039E-01
1.2960000E+01	-2.0155E-02	1.9641E-01
1.2970000E+01	-4.3695E-03	2.6051E-01
1.2980000E+01	1.5536E-02	4.3948E-01
1.2990000E+01	1.3310E-02	4.7407E-01
1.3000000E+01	-1.0364E-02	3.1339E-01
1.3010000E+01	-1.9808E-02	1.8875E-01
1.3020000E+01	-1.2692E-03	2.7911E-01
1.3030000E+01	1.6981E-02	4.5344E-01
1.3040000E+01	1.0133E-02	4.5873E-01
1.3050000E+01	-1.2683E-02	2.8671E-01
1.3060000E+01	-1.8771E-02	1.8475E-01
1.3070000E+01	1.7191E-03	2.9949E-01
1.3080000E+01	1.8149E-02	4.6411E-01
1.3090000E+01	6.6297E-03	4.4002E-01
1.3100000E+01	-1.4784E-02	2.6137E-01
1.3110000E+01	-1.7264E-02	1.8513E-01
1.3120000E+01	4.5835E-03	3.2086E-01
1.3130000E+01	1.8841E-02	4.7143E-01
1.3140000E+01	3.4240E-03	4.1871E-01
1.3150000E+01	-1.6726E-02	2.3807E-01
1.3160000E+01	-1.5236E-02	1.8911E-01
1.3170000E+01	7.0507E-03	3.4217E-01
1.3180000E+01	1.9047E-02	4.7507E-01
1.3190000E+01	3.1776E-04	3.9505E-01
1.3200000E+01	-1.8272E-02	2.1704E-01
1.3210000E+01	-1.2963E-02	1.9716E-01
1.3220000E+01	9.4608E-03	3.6318E-01
1.3230000E+01	1.8410E-02	4.7475E-01
1.3240000E+01	-2.6109E-03	3.6971E-01
1.3250000E+01	-1.9470E-02	1.9909E-01
1.3260000E+01	-1.0019E-02	2.0816E-01
1.3270000E+01	1.1685E-02	3.8314E-01
1.3280000E+01	1.7167E-02	4.7040E-01
1.3290000E+01	-5.4866E-03	3.4306E-01
1.3300000E+01	-1.9971E-02	1.8410E-01
1.3310000E+01	-7.1445E-03	2.2248E-01
1.3320000E+01	1.3734E-02	4.0180E-01
1.3330000E+01	1.5109E-02	4.6242E-01
1.3340000E+01	-8.0484E-03	3.1573E-01
1.3350000E+01	-2.0002E-02	1.7312E-01
1.3360000E+01	-4.1792E-03	2.3916E-01
1.3370000E+01	1.5309E-02	4.1810E-01
1.3380000E+01	1.2775E-02	4.5041E-01
1.3390000E+01	-1.0574E-02	2.8872E-01
1.3400000E+01	-1.9429E-02	1.6542E-01
1.3410000E+01	-1.2010E-03	2.5815E-01
1.3420000E+01	1.6900E-02	4.3179E-01
1.3430000E+01	9.6709E-03	4.3471E-01
1.3440000E+01	-1.2903E-02	2.6207E-01
1.3450000E+01	-1.8479E-02	1.6214E-01
1.3460000E+01	1.8931E-03	2.7848E-01
1.3470000E+01	1.7809E-02	4.4213E-01
1.3480000E+01	6.4561E-03	4.1605E-01
1.3490000E+01	-1.5102E-02	2.3706E-01
1.3500000E+01	-1.6908E-02	1.6278E-01
1.3510000E+01	4.6330E-03	2.9986E-01
1.3520000E+01	1.8370E-02	4.4908E-01
1.3530000E+01	3.2569E-03	3.9439E-01
1.3540000E+01	-1.6913E-02	2.1372E-01
1.3550000E+01	-1.4898E-02	1.6714E-01
1.3560000E+01	7.2570E-03	3.2114E-01
1.3570000E+01	1.8346E-02	4.5243E-01
1.3580000E+01	3.3582E-04	3.7075E-01
1.3590000E+01	-1.8357E-02	1.9310E-01
1.3600000E+01	-1.2637E-02	1.7515E-01
1.3610000E+01	9.5294E-03	3.4217E-01
1.3620000E+01	1.7746E-02	4.5176E-01
1.3630000E+01	-2.7462E-03	3.4509E-01
1.3640000E+01	-1.9281E-02	1.7506E-01
1.3650000E+01	-9.9039E-03	1.8651E-01
1.3660000E+01	1.1773E-02	3.6212E-01
1.3670000E+01	1.6506E-02	4.4741E-01
1.3680000E+01	-5.5992E-03	3.1841E-01
1.3690000E+01	-1.9820E-02	1.6043E-01
1.3700000E+01	-6.9024E-03	2.0115E-01
1.3710000E+01	1.3636E-02	3.8049E-01
1.3720000E+01	1.4582E-02	4.3876E-01
1.3730000E+01	-8.3362E-03	2.9108E-01
1.3740000E+01	-1.9761E-02	1.4977E-01
1.3750000E+01	-4.0423E-03	2.1820E-01
1.3760000E+01	1.5258E-02	3.9649E-01
1.3770000E+01	1.2243E-02	4.2675E-01
1.3780000E+01	-1.0774E-02	2.6410E-01
1.3790000E+01	-1.9203E-02	1.4244E-01
1.3800000E+01	-1.1849E-03	2.3683E-01
1.3810000E+01	1.6533E-02	4.0980E-01
1.3820000E+01	9.2617E-03	4.1073E-01
1.3830000E+01	-1.3208E-02	2.3742E-01
1.3840000E+01	-1.8129E-02	1.3948E-01
1.3850000E+01	1.8368E-03	2.5750E-01
1.3860000E+01	1.7489E-02	4.2012E-01
1.3870000E+01	6.0771E-03	3.9176E-01
1.3880000E+01	-1.5307E-02	2.1241E-01
1.3890000E+01	-1.6644E-02	1.4013E-01
1.3900000E+01	4.7104E-03	2.7852E-01
1.3910000E+01	1.7957E-02	4.2710E-01
1.3920000E+01	3.1313E-03	3.7006E-01
1.3930000E+01	-1.7168E-02	1.8943E-01
1.3940000E+01	-1.4545E-02	1.4484E-01
1.3950000E+01	7.1890E-03	3.0018E-01
1.3960000E+01	1.7865E-02	4.3010E-01
1.3970000E+01	-1.7463E-05	3.4608E-01
1.3980000E+01	-1.8351E-02	1.6879E-01
1.3990000E+01	-1.2446E-02	1.5314E-01
1.4000000E+01	9.6134E-03	3.2118E-01
1.4010000E+01	1.7256E-02	4.2910E-01
1.4020000E+01	-2.9539E-03	3.2041E-01
1.4030000E+01	-1.9159E-02	1.5112E-01
1.4040000E+01	-9.5788E-03	1.6481E-01
1.4050000E+01	1.1691E-02	3.4087E-01
1.4060000E+01	1.5925E-02	4.2410E-01
1.4070000E+01	-5.8029E-03	2.9376E-01
1.4080000E+01	-1.9465E-02	1.3711E-01
1.4090000E+01	-6.7615E-03	1.7952E-01
1.4100000E+01	1.3705E-02	3.5914E-01
1.4110000E+01	1.4113E-02	4.1544E-01
1.4120000E+01	-8.5847E-03	2.6641E-01
1.4130000E+01	-1.9484E-02	1.2644E-01
1.4140000E+01	-3.8842E-03	1.9685E-01
1.4150000E+01	1.5240E-02	3.7515E-01
1.4160000E+01	1.1713E-02	4.0275E-01
1.4170000E+01	-1.1135E-02	2.3942E-01
1.4180000E+01	-1.8885E-02	1.1944E-01
1.4190000E+01	-9.8467E-04	2.1586E-01
1.4200000E+01	1.6290E-02	3.8812E-01
1.4210000E+01	8.8902E-03	3.8675E-01
1.4220000E+01	-1.3385E-02	2.1308E-01
1.4230000E+01	-1.7827E-02	1.1681E-01
1.4240000E+01	1.9989E-03	2.3651E-01
1.4250000E+01	1.7208E-02	3.9813E-01
1.4260000E+01	5.7894E-03	3.6773E-01
1.4270000E+01	-1.5424E-02	1.8807E-01
1.4280000E+01	-1.6291E-02	1.1780E-01
1.4290000E+01	4.6483E-03	2.5754E-01
1.4300000E+01	1.7577E-02	4.0481E-01
1.4310000E+01	2.7918E-03	3.4574E-01
1.4320000E+01	-1.7103E-02	1.6509E-01
1.4330000E+01	-1.4243E-02	1.2284E-01
1.4340000E+01	7.2532E-03	2.7919E-01
1.4350000E+01	1.7465E-02	4.0749E-01
1.4360000E+01	-2.6524E-04	3.2177E-01
1.4370000E+01	-1.8186E-02	1.4480E-01
1.4380000E+01	-1.1896E-02	1.3151E-01
1.4390000E+01	9.6029E-03	2.9985E-01
1.4400000E+01	1.6702E-02	4.0614E-01
1.4410000E+01	-3.2219E-03	2.9575E-01
1.4420000E+01	-1.8915E-02	1.2744E-01
1.4430000E+01	-9.3324E-03	1.4318E-01
1.4440000E+01	1.1837E-02	3.1987E-01
1.4450000E+01	1.5489E-02	4.0112E-01
1.4460000E+01	-6.1101E-03	2.6909E-01
1.4470000E+01	-1.9231E-02	1.1346E-01
1.4480000E+01	-6.4166E-03	1.5819E-01
1.4490000E+01	1.3482E-02	3.3782E-01
1.4500000E+01	1.3692E-02	3.9211E-01
1.4510000E+01	-8.9422E-03	2.4177E-01
1.4520000E+01	-1.9113E-02	1.0313E-01
1.4530000E+01	-3.7462E-03	1.7553E-01
1.4540000E+01	1.5136E-02	3.5349E-01
1.4550000E+01	1.1456E-02	3.7910E-01
1.4560000E+01	-1.1425E-02	2.1478E-01
1.4570000E+01	-1.8515E-02	9.6469E-02
1.4580000E+01	-9.0960E-04	1.9486E-01
1.4590000E+01	1.6181E-02	3.6649E-01
1.4600000E+01	8.5729E-03	3.6279E-01
1.4610000E+01	-1.3620E-02	1.8843E-01
1.4620000E+01	-1.7391E-02	9.4178E-02
1.4630000E+01	1.9775E-03	2.1519E-01
1.4640000E+01	1.6970E-02	3.7615E-01
1.4650000E+01	5.4965E-03	3.4341E-01
1.4660000E+01	-1.5495E-02	1.6377E-01
1.4670000E+01	-1.5827E-02	9.5498E-02
1.4680000E+01	4.6727E-03	2.3652E-01
1.4690000E+01	1.7311E-02	3.8250E-01
1.4700000E+01	2.4779E-03	3.2144E-01
1.4710000E+01	-1.7003E-02	1.4075E-01
1.4720000E+01	-1.3817E-02	1.0083E-01
1.4730000E+01	7.2494E-03	2.5818E-01
1.4740000E+01	1.7181E-02	3.8481E-01
1.4750000E+01	-5.9472E-04	2.9711E-01
1.4760000E+01	-1.8001E-02	1.2079E-01
1.4770000E+01	-1.1523E-02	1.0948E-01
1.4780000E+01	9.5288E-03	2.7885E-01
1.4790000E+01	1.6403E-02	3.8346E-01
1.4800000E+01	-3.5567E-03	2.7108E-01
1.4810000E+01	-1.8743E-02	1.0346E-01
1.4820000E+01	-8.8061E-03	1.2185E-01
1.4830000E+01	1.1673E-02	2.9852E-01
1.4840000E+01	1.5134E-02	3.7781E-01
1.4850000E+01	-6.4801E-03	2.4441E-01
1.4860000E+01	-1.8859E-02	8.9817E-02
1.4870000E+01	-6.2249E-03	1.3687E-01
1.4880000E+01	1.3555E-02	3.1651E-01
1.4890000E+01	1.3303E-02	3.6845E-01
1.4900000E+01	-9.2474E-03	2.1710E-01
1.4910000E+01	-1.8723E-02	7.9855E-02
1.4920000E+01	-3.3557E-03	1.5420E-01
1.4930000E+01	1.4906E-02	3.3185E-01
1.4940000E+01	1.1127E-02	3.5542E-01
1.4950000E+01	-1.1544E-02	1.9010E-01
1.4960000E+01	-1.8096E-02	7.3503E-02
1.4970000E+01	-6.6200E-04	1.7358E-01
1.4980000E+01	1.6078E-02	3.4485E-01
1.4990000E+01	8.1744E-03	3.3874E-01
1.5000000E+01	-1.3705E-02	1.6378E-01
1.5010000E+01	-1.6996E-02	7.1545E-02
1.5020000E+01	2.0256E-03	1.9422E-01
1.5030000E+01	1.6787E-02	3.5417E-01
1.5040000E+01	5.1866E-03	3.1943E-01
1.5050000E+01	-1.5377E-02	1.3911E-01
1.5060000E+01	-1.5345E-02	7.3196E-02
1.5070000E+01	4.6241E-03	2.1554E-01
1.5080000E+01	1.7046E-02	3.6017E-01
1.5090000E+01	2.1228E-03	2.9710E-01
1.5100000E+01	-1.6757E-02	1.1681E-01
1.5110000E+01	-1.3513E-02	7.8516E-02
1.5120000E+01	7.1715E-03	2.3687E-01
1.5130000E+01	1.6718E-02	3.6216E-01
1.5140000E+01	-1.0274E-03	2.7243E-01
1.5150000E+01	-1.7718E-02	9.6809E-02
1.5160000E+01	-1.1140E-02	8.7881E-02
1.5170000E+01	9.4504E-03	2.5783E-01
1.5180000E+01	1.6053E-02	3.6046E-01
1.5190000E+01	-4.0064E-03	2.4643E-01
1.5200000E+01	-1.8338E-02	7.9830E-02
1.5210000E+01	-8.5701E-03	1.0021E-01
1.5220000E+01	1.1554E-02	2.7718E-01
1.5230000E+01	1.4877E-02	3.5481E-01
1.5240000E+01	-6.8958E-03	2.1943E-01
1.5250000E+01	-1.8546E-02	6.6493E-02
1.5260000E+01	-5.8096E-03	1.1553E-01
1.5270000E+01	1.3460E-02	2.9519E-01
1.5280000E+01	1.2980E-02	3.4514E-01
1.5290000E+01	-9.4589E-03	1.9245E-01
1.5300000E+01	-1.8321E-02	5.6529E-02
1.5310000E+01	-3.2316E-03	1.3288E-01
1.5320000E+01	1.4786E-02	3.1052E-01
1.5330000E+01	1.0733E-02	3.3176E-01
1.5340000E+01	-1.1790E-02	1.6546E-01
1.5350000E+01	-1.7690E-02	5.0832E-02
1.5360000E+01	-5.1607E-04	1.5251E-01
1.5370000E+01	1.5811E-02	3.2285E-01
1.5380000E+01	7.7957E-03	3.1475E-01
1.5390000E+01	-1.3545E-02	1.3914E-01
1.5400000E+01	-1.6539E-02	4.8860E-02
1.5410000E+01	2.0154E-03	1.7321E-01
1.5420000E+01	1.6383E-02	3.3219E-01
1.5430000E+01	4.7930E-03	2.9509E-01
1.5440000E+01	-1.5155E-02	1.1478E-01
1.5450000E+01	-1.5065E-02	5.0868E-02
1.5460000E+01	4.6501E-03	1.9452E-01
1.5470000E+01	1.6824E-02	3.3781E-01
1.5480000E+01	1.6395E-03	2.7243E-01
1.5490000E+01	-1.6487E-02	9.2472E-02
1.5500000E+01	-1.3131E-02	5.6554E-02
1.5510000E+01	7.0793E-03	2.1587E-01
1.5520000E+01	1.6497E-02	3.3947E-01
1.5530000E+01	-1.4028E-03	2.4809E-01
1.5540000E+01	-1.7432E-02	7.2805E-02
1.5550000E+01	-1.0817E-02	6.5892E-02
1.5560000E+01	9.3149E-03	2.3651E-01
1.5570000E+01	1.5688E-02	3.3748E-01
1.5580000E+01	-4.4019E-03	2.2179E-01
1.5590000E+01	-1.8014E-02	5.6185E-02
1.5600000E+01	-8.1525E-03	7.8541E-02
1.5610000E+01	1.1332E-02	2.5620E-01
1.5620000E+01	1.4459E-02	3.3147E-01
1.5630000E+01	-7.1997E-03	1.9476E-01
1.5640000E+01	-1.8200E-02	4.2856E-02
1.5650000E+01	-5.5904E-03	9.3888E-02
1.5660000E+01	1.3221E-02	2.7351E-01
1.5670000E+01	1.2534E-02	3.2149E-01
1.5680000E+01	-9.4864E-03	1.6743E-01
1.5690000E+01	-1.7983E-02	3.3548E-02
1.5700000E+01	-2.8970E-03	1.1189E-01
1.5710000E+01	1.4623E-02	2.8885E-01
1.5720000E+01	1.0367E-02	3.0780E-01
1.5730000E+01	-1.1643E-02	1.4077E-01
1.5740000E+01	-1.7314E-02	2.7869E-02
1.5750000E+01	-2.6937E-04	1.3155E-01
1.5760000E+01	1.5643E-02	3.0115E-01
1.5770000E+01	7.3440E-03	2.9077E-01
1.5780000E+01	-1.3430E-02	1.1481E-01
1.5790000E+01	-1.6292E-02	2.6219E-02
1.5800000E+01	2.2337E-03	1.5222E-01
1.5810000E+01	1.6356E-02	3.1018E-01
1.5820000E+01	4.3821E-03	2.7079E-01
1.5830000E+01	-1.5094E-02	9.0474E-02
1.5840000E+01	-1.4734E-02	2.8537E-02
1.5850000E+01	4.6199E-03	1.7354E-01
1.5860000E+01	1.6496E-02	3.1550E-01
1.5870000E+01	1.1987E-03	2.4813E-01
1.5880000E+01	-1.6253E-02	6.8166E-02
1.5890000E+01	-1.2769E-02	3.4582E-02
1.5900000E+01	7.0126E-03	1.9489E-01
1.5910000E+01	1.6126E-02	3.1685E-01
1.5920000E+01	-1.8629E-03	2.2346E-01
1.5930000E+01	-1.7106E-02	4.8856E-02
1.5940000E+01	-1.0418E-02	4.4245E-02
1.5950000E+01	9.1268E-03	2.1557E-01
1.5960000E+01	1.5395E-02	3.1450E-01
1.5970000E+01	-4.7789E-03	1.9714E-01
1.5980000E+01	-1.7784E-02	3.2196E-02
1.5990000E+01	-7.9603E-03	5.6885E-02
1.6000000E+01	1.1284E-02	2.3486E-01
1.6010000E+01	1.4058E-02	3.0818E-01
1.6020000E+01	-7.2397E-03	1.7015E-01
1.6030000E+01	-1.8006E-02	1.9543E-02
1.6040000E+01	-5.2673E-03	7.2530E-02
1.6050000E+01	1.2857E-02	2.5221E-01
1.6060000E+01	1.2045E-02	2.9780E-01
1.6070000E+01	-9.5464E-03	1.4279E-01
1.6080000E+01	-1.7826E-02	1.0245E-02
1.6090000E+01	-2.5752E-03	9.0556E-02
1.6100000E+01	1.4433E-02	2.6720E-01
1.6110000E+01	9.8250E-03	2.8412E-01
1.6120000E+01	-1.1536E-02	1.1614E-01
1.6130000E+01	-1.7111E-02	4.9005E-03
1.6140000E+01	-7.9192E-05	1.1022E-01
1.6150000E+01	1.5435E-02	2.7919E-01
1.6160000E+01	6.9426E-03	2.6680E-01
1.6170000E+01	-1.3207E-02	9.0147E-02
1.6180000E+01	-1.6037E-02	3.5752E-03
1.6190000E+01	2.4985E-03	1.3118E-01
1.6200000E+01	1.6030E-02	2.8784E-01
1.6210000E+01	3.9019E-03	2.4644E-01
1.6220000E+01	-1.4731E-02	6.6129E-02
1.6230000E+01	-1.4456E-02	6.2511E-03
1.6240000E+01	4.8026E-03	1.5251E-01
1.6250000E+01	1.6197E-02	2.9283E-01
1.6260000E+01	8.2827E-04	2.2379E-01
1.6270000E+01	-1.6002E-02	4.3837E-02
1.6280000E+01	-1.2589E-02	1.2555E-02
1.6290000E+01	7.0467E-03	1.7386E-01
1.6300000E+01	1.5865E-02	2.9415E-01
1.6310000E+01	-2.0682E-03	1.9877E-01
1.6320000E+01	-1.6897E-02	2.4873E-02
1.6330000E+01	-1.0118E-02	2.2217E-02
1.6340000E+01	9.2139E-03	1.9452E-01
1.6350000E+01	1.5048E-02	2.9148E-01
1.6360000E+01	-4.7518E-03	1.7239E-01
1.6370000E+01	-1.7563E-02	8.5579E-03
1.6380000E+01	-7.5589E-03	3.5544E-02
1.6390000E+01	1.1155E-02	2.1355E-01
1.6400000E+01	1.3618E-02	2.8478E-01
1.6410000E+01	-7.1603E-03	1.4547E-01
1.6420000E+01	-1.7903E-02	-4.0881E-03
1.6430000E+01	-4.9597E-03	5.1223E-02
1.6440000E+01	1.2739E-02	2.3085E-01
1.6450000E+01	1.1770E-02	2.7449E-01
1.6460000E+01	-9.3031E-03	1.1815E-01
1.6470000E+01	-1.7697E-02	-1.3098E-02
1.6480000E+01	-2.4321E-03	6.9225E-02
1.6490000E+01	1.4157E-02	2.4554E-01
1.6500000E+01	9.4470E-03	2.6015E-01
1.6510000E+01	-1.1207E-02	9.1493E-02
1.6520000E+01	-1.7008E-02	-1.8065E-02
1.6530000E+01	2.6599E-04	8.9237E-02
1.6540000E+01	1.5221E-02	2.5720E-01
1.6550000E+01	6.5647E-03	2.4282E-01
1.6560000E+01	-1.2927E-02	6.5857E-02
1.6570000E+01	-1.5798E-02	-1.9064E-02
1.6580000E+01	2.7162E-03	1.1018E-01
1.6590000E+01	1.5854E-02	2.6585E-01
1.6600000E+01	3.5174E-03	2.2215E-01
1.6610000E+01	-1.4520E-02	4.1534E-02
1.6620000E+01	-1.4258E-02	-1.6060E-02
1.6630000E+01	5.0363E-03	1.3155E-01
1.6640000E+01	1.5998E-02	2.7050E-01
1.6650000E+01	5.3153E-04	1.9916E-01
1.6660000E+01	-1.5826E-02	1.9909E-02
1.6670000E+01	-1.2255E-02	-9.3797E-03
1.6680000E+01	7.2212E-03	1.5287E-01
1.6690000E+01	1.5641E-02	2.7150E-01
1.6700000E+01	-2.1785E-03	1.7450E-01
1.6710000E+01	-1.6897E-02	9.0971E-04
1.6720000E+01	-9.9336E-03	6.1123E-04
1.6730000E+01	9.2047E-03	1.7321E-01
1.6740000E+01	1.4734E-02	2.6852E-01
1.6750000E+01	-4.7690E-03	1.4779E-01
1.6760000E+01	-1.7542E-02	-1.5071E-02
1.6770000E+01	-7.2515E-03	1.3913E-02
1.6780000E+01	1.0995E-02	1.9219E-01
1.6790000E+01	1.3321E-02	2.6151E-01
1.6800000E+01	-7.0703E-03	1.2083E-01
1.6810000E+01	-1.7786E-02	-2.7362E-02
1.6820000E+01	-4.7111E-03	2.9942E-02
1.6830000E+01	1.2620E-02	2.0950E-01
1.6840000E+01	1.1425E-02	2.5085E-01
1.6850000E+01	-9.1385E-03	9.3519E-02
1.6860000E+01	-1.7560E-02	-3.6057E-02
1.6870000E+01	-2.0880E-03	4.8222E-02
1.6880000E+01	1.3961E-02	2.2387E-01
1.6890000E+01	9.1118E-03	2.3648E-01
1.6900000E+01	-1.1125E-02	6.6884E-02
1.6910000E+01	-1.6913E-02	-4.0701E-02
1.6920000E+01	5.0871E-04	6.8225E-02
1.6930000E+01	1.4945E-02	2.3553E-01
1.6940000E+01	6.1359E-03	2.1882E-01
1.6950000E+01	-1.2934E-02	4.1235E-02
1.6960000E+01	-1.5697E-02	-4.1395E-02
1.6970000E+01	3.0214E-03	8.9239E-02
1.6980000E+01	1.5561E-02	2.4352E-01
1.6990000E+01	3.2099E-03	1.9814E-01
1.7000000E+01	-1.4461E-02	1.7272E-02
1.7010000E+01	-1.4097E-02	-3.8404E-02
1.7020000E+01	5.1306E-03	1.1053E-01
1.7030000E+01	1.5773E-02	2.4819E-01
1.7040000E+01	3.6542E-04	1.7481E-01
1.7050000E+01	-1.5898E-02	-4.4235E-03
1.7060000E+01	-1.2101E-02	-3.1386E-02
1.7070000E+01	7.3101E-03	1.3186E-01
1.7080000E+01	1.5286E-02	2.4884E-01
1.7090000E+01	-2.2855E-03	1.4979E-01
1.7100000E+01	-1.6871E-02	-2.3065E-02
1.7110000E+01	-9.7110E-03	-2.1053E-02
1.7120000E+01	9.2783E-03	1.5221E-01
1.7130000E+01	1.4361E-02	2.4551E-01
1.7140000E+01	-4.7686E-03	1.2316E-01
1.7150000E+01	-1.7483E-02	-3.8718E-02
1.7160000E+01	-7.1003E-03	-7.7368E-03
1.7170000E+01	1.1013E-02	1.7120E-01
1.7180000E+01	1.2914E-02	2.3819E-01
1.7190000E+01	-6.9768E-03	9.6179E-02
1.7200000E+01	-1.7797E-02	-5.0715E-02
1.7210000E+01	-4.4600E-03	8.6184E-03
1.7220000E+01	1.2554E-02	1.8786E-01
1.7230000E+01	1.1029E-02	2.2720E-01
1.7240000E+01	-9.0922E-03	6.8886E-02
1.7250000E+01	-1.7525E-02	-5.8999E-02
1.7260000E+01	-1.8118E-03	2.6909E-02
1.7270000E+01	1.3782E-02	2.0221E-01
1.7280000E+01	8.6246E-03	2.1249E-01
1.7290000E+01	-1.1089E-02	4.2228E-02
1.7300000E+01	-1.6907E-02	-6.3705E-02
1.7310000E+01	7.5205E-04	4.6902E-02
1.7320000E+01	1.4740E-02	2.1353E-01
1.7330000E+01	5.7985E-03	1.9448E-01
1.7340000E+01	-1.2942E-02	1.6596E-02
1.7350000E+01	-1.5705E-02	-6.4006E-02
1.7360000E+01	3.1658E-03	6.8241E-02
1.7370000E+01	1.5324E-02	2.2152E-01
1.7380000E+01	2.9794E-03	1.7382E-01
1.7390000E+01	-1.4552E-02	-7.0618E-03
1.7400000E+01	-1.3997E-02	-6.0704E-02
1.7410000E+01	5.4394E-03	8.9535E-02
1.7420000E+01	1.5217E-02	2.2585E-01
1.7430000E+01	2.3100E-04	1.5048E-01
1.7440000E+01	-1.5953E-02	-2.8390E-02
1.7450000E+01	-1.2092E-02	-5.3353E-02
1.7460000E+01	7.4151E-03	1.1050E-01
1.7470000E+01	1.4847E-02	2.2619E-01
1.7480000E+01	-2.3739E-03	1.2516E-01
1.7490000E+01	-1.6942E-02	-4.7049E-02
1.7500000E+01	-9.5791E-03	-4.2710E-02
1.7510000E+01	9.4279E-03	1.3087E-01
1.7520000E+01	1.3929E-02	2.2252E-01
1.7530000E+01	-4.6493E-03	9.8502E-02
1.7540000E+01	-1.7558E-02	-6.2383E-02
1.7550000E+01	-6.9383E-03	-2.9055E-02
1.7560000E+01	1.1130E-02	1.4986E-01
1.7570000E+01	1.2406E-02	2.1486E-01
1.7580000E+01	-6.9369E-03	7.1545E-02
1.7590000E+01	-1.7895E-02	-7.4357E-02
1.7600000E+01	-4.2908E-03	-1.2737E-02
1.7610000E+01	1.2475E-02	1.6651E-01
1.7620000E+01	1.0604E-02	2.0350E-01
1.7630000E+01	-9.0686E-03	4.4210E-02
1.7640000E+01	-1.7582E-02	-8.2370E-02
1.7650000E+01	-1.5534E-03	5.9254E-03
1.7660000E+01	1.3720E-02	1.8049E-01
1.7670000E+01	8.4174E-03	1.8885E-01
1.7680000E+01	-1.1069E-02	1.7563E-02
1.7690000E+01	-1.6865E-02	-8.6350E-02
1.7700000E+01	9.4582E-04	2.5920E-02
1.7710000E+01	1.4561E-02	1.9152E-01
1.7720000E+01	5.5928E-03	1.7050E-01
1.7730000E+01	-1.2912E-02	-7.7213E-03
1.7740000E+01	-1.5690E-02	-8.6686E-02
1.7750000E+01	3.4939E-03	4.6870E-02
1.7760000E+01	1.5044E-02	1.9919E-01
1.7770000E+01	2.9224E-03	1.4947E-01
1.7780000E+01	-1.4583E-02	-3.1380E-02
1.7790000E+01	-1.3990E-02	-8.2716E-02
1.7800000E+01	5.6457E-03	6.8510E-02
1.7810000E+01	1.5028E-02	2.0316E-01
1.7820000E+01	1.9149E-04	1.2584E-01
1.7830000E+01	-1.6020E-02	-5.2699E-02
1.7840000E+01	-1.1937E-02	-7.5362E-02
1.7850000E+01	7.7295E-03	8.9529E-02
1.7860000E+01	1.4563E-02	2.0316E-01
1.7870000E+01	-2.2688E-03	1.0050E-01
1.7880000E+01	-1.7017E-02	-7.1035E-02
1.7890000E+01	-9.4761E-03	-6.4385E-02
1.7900000E+01	9.5429E-03	1.0982E-01
1.7910000E+01	1.3610E-02	1.9949E-01
1.7920000E+01	-4.6748E-03	7.3850E-02
1.7930000E+01	-1.7653E-02	-8.6016E-02
1.7940000E+01	-6.6932E-03	-5.0705E-02
1.7950000E+01	1.1314E-02	1.2853E-01
1.7960000E+01	1.2136E-02	1.9149E-01
1.7970000E+01	-6.9520E-03	4.6898E-02
1.7980000E+01	-1.7860E-02	-9.7653E-02
1.7990000E+01	-4.0997E-03	-3.4061E-02
1.8000000E+01	1.2641E-02	1.4487E-01
1.8010000E+01	1.0347E-02	1.7986E-01
1.8020000E+01	-9.1380E-03	1.9557E-02
1.8030000E+01	-1.7620E-02	-1.0531E-01
1.8040000E+01	-1.4339E-03	-1.5409E-02
1.8050000E+01	1.3703E-02	1.5887E-01
1.8060000E+01	8.0820E-03	1.6483E-01
1.8070000E+01	-1.1214E-02	-7.0637E-03
1.8080000E+01	-1.6849E-02	-1.0902E-01
1.8090000E+01	1.2629E-03	4.9137E-03
1.8100000E+01	1.4572E-02	1.6984E-01
1.8110000E+01	5.4790E-03	1.4616E-01
1.8120000E+01	-1.3180E-02	-3.2413E-02
1.8130000E+01	-1.5750E-02	-1.0899E-01
1.8140000E+01	3.6752E-03	2.5885E-02
1.8150000E+01	1.4926E-02	1.7717E-01
1.8160000E+01	2.8361E-03	1.2513E-01
1.8170000E+01	-1.4740E-02	-5.5701E-02
1.8180000E+01	-1.3966E-02	-1.0500E-01
1.8190000E+01	5.9752E-03	4.7521E-02
1.8200000E+01	1.4812E-02	1.8086E-01
1.8210000E+01	2.5587E-04	1.0150E-01
1.8220000E+01	-1.6119E-02	-7.6676E-02
1.8230000E+01	-1.1829E-02	-9.7359E-02
1.8240000E+01	7.9796E-03	6.8496E-02
1.8250000E+01	1.4326E-02	1.8048E-01
1.8260000E+01	-2.3346E-03	7.5853E-02
1.8270000E+01	-1.7117E-02	-9.4694E-02
1.8280000E+01	-9.3475E-03	-8.6029E-02
1.8290000E+01	9.8718E-03	8.8505E-02
1.8300000E+01	1.3337E-02	1.7618E-01
1.8310000E+01	-4.7059E-03	4.9205E-02
1.8320000E+01	-1.7883E-02	-1.0964E-01
1.8330000E+01	-6.5896E-03	-7.2027E-02
1.8340000E+01	1.1447E-02	1.0718E-01
1.8350000E+01	1.1966E-02	1.6816E-01
1.8360000E+01	-6.9802E-03	2.2253E-02
1.8370000E+01	-1.7968E-02	-1.2096E-01
1.8380000E+01	-3.9776E-03	-5.5383E-02
1.8390000E+01	1.2863E-02	1.2350E-01
1.8400000E+01	1.0120E-02	1.5617E-01
1.8410000E+01	-9.2123E-03	-5.0519E-03
1.8420000E+01	-1.7738E-02	-1.2829E-01
1.8430000E+01	-1.2152E-03	-3.6417E-02
1.8440000E+01	1.3838E-02	1.3716E-01
1.8450000E+01	7.8951E-03	1.4079E-01
1.8460000E+01	-1.1329E-02	-3.1382E-02
1.8470000E+01	-1.7096E-02	-1.3196E-01
1.8480000E+01	1.4191E-03	-1.6095E-02
1.8490000E+01	1.4577E-02	1.4783E-01
1.8500000E+01	5.2628E-03	1.2218E-01
1.8510000E+01	-1.3239E-02	-5.6676E-02
1.8520000E+01	-1.5719E-02	-1.3129E-01
1.8530000E+01	3.9178E-03	4.9025E-03
1.8540000E+01	1.4804E-02	1.5481E-01
1.8550000E+01	2.7477E-03	1.0085E-01
1.8560000E+01	-1.5010E-02	-7.9978E-02
1.8570000E+01	-1.3940E-02	-1.2731E-01
1.8580000E+01	6.1610E-03	2.6537E-02
1.8590000E+01	1.4785E-02	1.5819E-01
1.8600000E+01	2.0036E-04	7.6903E-02
1.8610000E+01	-1.6331E-02	-1.0065E-01
1.8620000E+01	-1.1761E-02	-1.1933E-01
1.8630000E+01	8.2435E-03	4.7514E-02
1.8640000E+01	1.4253E-02	1.5786E-01
1.8650000E+01	-2.3509E-03	5.1543E-02
1.8660000E+01	-1.7410E-02	-1.1862E-01
1.8670000E+01	-9.2017E-03	-1.0768E-01
1.8680000E+01	1.0047E-02	6.7518E-02
1.8690000E+01	1.3277E-02	1.5318E-01
1.8700000E+01	-4.8340E-03	2.4578E-02
1.8710000E+01	-1.8059E-02	-1.3329E-01
1.8720000E+01	-6.4051E-03	-9.3336E-02
1.8730000E+01	1.1717E-02	8.5826E-02
1.8740000E+01	1.1818E-02	1.4484E-01
1.8750000E+01	-7.2066E-03	-2.4079E-03
1.8760000E+01	-1.8306E-02	-1.4431E-01
1.8770000E+01	-3.7158E-03	-7.6710E-02
1.8780000E+01	1.2961E-02	1.0182E-01
1.8790000E+01	1.0030E-02	1.3252E-01
1.8800000E+01	-9.3820E-03	-2.9711E-02
1.8810000E+01	-1.8105E-02	-1.5131E-01
1.8820000E+01	-1.0046E-03	-5.7726E-02
1.8830000E+01	1.3966E-02	1.1548E-01
1.8840000E+01	7.7072E-03	1.1685E-01
1.8850000E+01	-1.1628E-02	-5.5994E-02
1.8860000E+01	-1.7192E-02	-1.5461E-01
1.8870000E+01	1.6491E-03	-3.7059E-02
1.8880000E+01	1.4653E-02	1.2582E-01
1.8890000E+01	5.1504E-03	9.8151E-02
1.8900000E+01	-1.3532E-02	-8.0999E-02
1.8910000E+01	-1.5939E-02	-1.5398E-01
1.8920000E+01	4.0979E-03	-1.6106E-02
1.8930000E+01	1.4880E-02	1.3252E-01
1.8940000E+01	2.6611E-03	7.6162E-02
1.8950000E+01	-1.5164E-02	-1.0431E-01
1.8960000E+01	-1.4072E-02	-1.4931E-01
1.8970000E+01	6.3721E-03	5.5216E-03
1.8980000E+01	1.4677E-02	1.3548E-01
1.8990000E+01	7.7945E-06	5.2532E-02
1.9000000E+01	-1.6537E-02	-1.2498E-01
1.9010000E+01	-1.1774E-02	-1.4100E-01
1.9020000E+01	8.4087E-03	2.6492E-02
1.9030000E+01	1.4160E-02	1.3481E-01
1.9040000E+01	-2.6183E-03	2.6877E-02
1.9050000E+01	-1.7662E-02	-1.4262E-01
1.9060000E+01	-9.1795E-03	-1.2933E-01
1.9070000E+01	1.0274E-02	4.6159E-02
1.9080000E+01	1.3085E-02	1.3016E-01
1.9090000E+01	-5.0361E-03	-9.2611E-05
1.9100000E+01	-1.8419E-02	-1.5693E-01
1.9110000E+01	-6.3495E-03	-1.1499E-01
1.9120000E+01	1.1949E-02	6.4471E-02
1.9130000E+01	1.1610E-02	1.2150E-01
1.9140000E+01	-7.3997E-03	-2.7366E-02
1.9150000E+01	-1.8558E-02	-1.6762E-01
1.9160000E+01	-3.5286E-03	-9.7670E-02
1.9170000E+01	1.3213E-02	8.0468E-02
1.9180000E+01	9.8500E-03	1.0883E-01
1.9190000E+01	-9.5980E-03	-5.4327E-02
1.9200000E+01	-1.8203E-02	-1.7426E-01
1.9210000E+01	-9.1240E-04	-7.8743E-02
1.9220000E+01	1.4165E-02	9.3771E-02
1.9230000E+01	7.6466E-03	9.2850E-02
1.9240000E+01	-1.1791E-02	-8.0645E-02
1.9250000E+01	-1.7435E-02	-1.7728E-01
1.9260000E+01	1.8160E-03	-5.8399E-02
1.9270000E+01	1.4832E-02	1.0380E-01
1.9280000E+01	5.1061E-03	7.3838E-02
1.9290000E+01	-1.3722E-02	-1.0561E-01
1.9300000E+01	-1.6106E-02	-1.7630E-01
1.9310000E+01	4.3466E-03	-3.7107E-02
1.9320000E+01	1.5028E-02	1.1009E-01
1.9330000E+01	2.4665E-03	5.1894E-02
1.9340000E+01	-1.5419E-02	-1.2861E-01
1.9350000E+01	-1.4073E-02	-1.7126E-01
1.9360000E+01	6.5930E-03	-1.5784E-02
1.9370000E+01	1.4825E-02	1.1313E-01
1.9380000E+01	-2.0814E-04	2.7897E-02
1.9390000E+01	-1.6794E-02	-1.4894E-01
1.9400000E+01	-1.1772E-02	-1.6300E-01
1.9410000E+01	8.6832E-03	5.1680E-03
1.9420000E+01	1.4163E-02	1.1179E-01
1.9430000E+01	-2.6307E-03	2.2389E-03
1.9440000E+01	-1.7907E-02	-1.6628E-01
1.9450000E+01	-9.0679E-03	-1.5099E-01
1.9460000E+01	1.0531E-02	2.5138E-02
1.9470000E+01	1.3247E-02	1.0679E-01
1.9480000E+01	-5.2199E-03	-2.4713E-02
1.9490000E+01	-1.8566E-02	-1.8028E-01
1.9500000E+01	-6.1931E-03	-1.3636E-01
1.9510000E+01	1.2133E-02	4.3148E-02
1.9520000E+01	1.1707E-02	9.7862E-02
1.9530000E+01	-7.6048E-03	-5.1992E-02
1.9540000E+01	-1.8721E-02	-1.9093E-01
1.9550000E+01	-3.3338E-03	-1.1902E-01
1.9560000E+01	1.3414E-02	5.8780E-02
1.9570000E+01	9.9478E-03	8.5197E-02
1.9580000E+01	-9.9303E-03	-7.8985E-02
1.9590000E+01	-1.8473E-02	-1.9726E-01
1.9600000E+01	-6.7703E-04	-1.0003E-01
1.9610000E+01	1.4369E-02	7.1800E-02
1.9620000E+01	7.5258E-03	6.8857E-02
1.9630000E+01	-1.1955E-02	-1.0533E-01
1.9640000E+01	-1.7509E-02	-1.9994E-01
1.9650000E+01	2.0653E-03	-7.9423E-02
1.9660000E+01	1.4940E-02	8.1787E-02
1.9670000E+01	5.0348E-03	4.9510E-02
1.9680000E+01	-1.3893E-02	-1.2997E-01
1.9690000E+01	-1.6045E-02	-1.9858E-01
1.9700000E+01	4.5094E-03	-5.8075E-02
1.9710000E+01	1.5227E-02	8.7787E-02
1.9720000E+01	2.3485E-03	2.7551E-02
1.9730000E+01	-1.5611E-02	-1.5258E-01
1.9740000E+01	-1.4201E-02	-1.9362E-01
1.9750000E+01	6.8272E-03	-3.6799E-02
1.9760000E+01	1.4994E-02	9.0471E-02
1.9770000E+01	-3.0815E-04	3.2601E-03
1.9780000E+01	-1.6929E-02	-1.7292E-01
1.9790000E+01	-1.1690E-02	-1.8462E-01
1.9800000E+01	8.8800E-03	-1.5817E-02
1.9810000E+01	1.4381E-02	8.9133E-02
1.9820000E+01	-2.8090E-03	-2.2388E-02
1.9830000E+01	-1.8066E-02	-1.9026E-01
1.9840000E+01	-8.9320E-03	-1.7265E-01
1.9850000E+01	1.0796E-02	3.8115E-03
1.9860000E+01	1.3279E-02	8.3773E-02
1.9870000E+01	-5.3505E-03	-4.9380E-02
1.9880000E+01	-1.8804E-02	-2.0393E-01
1.9890000E+01	-5.9372E-03	-1.5768E-01
1.9900000E+01	1.2444E-02	2.1783E-02
1.9910000E+01	1.1656E-02	7.4476E-02
1.9920000E+01	-7.8374E-03	-7.6694E-02
1.9930000E+01	-1.9006E-02	-2.1424E-01
1.9940000E+01	-3.1162E-03	-1.4035E-01
1.9950000E+01	1.3669E-02	3.7437E-02
1.9960000E+01	9.8929E-03	6.1498E-02
1.9970000E+01	-1.0081E-02	-1.0365E-01
1.9980000E+01	-1.8597E-02	-2.2028E-01
1.9990000E+01	-3.5612E-04	-1.2103E-01
2.0000000E+01	1.4652E-02	5.0106E-02
2.0010000E+01	7.4353E-03	4.4839E-02
2.0020000E+01	-1.2036E-02	-1.2961E-01
2.0030000E+01	-1.7710E-02	-2.2261E-01
2.0040000E+01	2.2178E-03	-1.0040E-01
2.0050000E+01	1.5223E-02	5.9796E-02
2.0060000E+01	4.9110E-03	2.5536E-02
2.0070000E+01	-1.4108E-02	-1.5428E-01
2.0080000E+01	-1.6160E-02	-2.2094E-01
2.0090000E+01	4.7845E-03	-7.9084E-02
2.0100000E+01	1.5381E-02	6.5793E-02
2.0110000E+01	2.2987E-03	3.2235E-03
2.0120000E+01	-1.5864E-02	-1.7692E-01
2.0130000E+01	-1.4233E-02	-2.1559E-01
2.0140000E+01	7.0169E-03	-5.7778E-02
2.0150000E+01	1.5099E-02	6.7753E-02
2.0160000E+01	-4.6988E-04	-2.1081E-02
2.0170000E+01	-1.7267E-02	-1.9693E-01
2.0180000E+01	-1.1673E-02	-2.0664E-01
2.0190000E+01	9.1051E-03	-3.6787E-02
2.0200000E+01	1.4327E-02	6.6132E-02
2.0210000E+01	-2.9728E-03	-4.7061E-02
2.0220000E+01	-1.8425E-02	-2.1391E-01
2.0230000E+01	-8.7525E-03	-1.9431E-01
2.0240000E+01	1.0957E-02	-1.7477E-02
2.0250000E+01	1.3309E-02	6.0473E-02
2.0260000E+01	-5.5481E-03	-7.4054E-02
2.0270000E+01	-1.9100E-02	-2.2757E-01
2.0280000E+01	-5.8338E-03	-1.7900E-01
2.0290000E+01	1.2665E-02	5.0936E-04
2.0300000E+01	1.1706E-02	5.0829E-02
2.0310000E+01	-7.9517E-03	-1.0134E-01
2.0320000E+01	-1.9261E-02	-2.3724E-01
2.0330000E+01	-2.8341E-03	-1.6167E-01
2.0340000E+01	1.3813E-02	1.5797E-02
2.0350000E+01	9.7273E-03	3.7467E-02
2.0360000E+01	-1.0274E-02	-1.2830E-01
2.0370000E+01	-1.8822E-02	-2.4324E-01
2.0380000E+01	-1.2480E-04	-1.4205E-01
2.0390000E+01	1.4753E-02	2.8125E-02
2.0400000E+01	7.2598E-03	2.0821E-02
2.0410000E+01	-1.2339E-02	-1.5427E-01
2.0420000E+01	-1.7819E-02	-2.4527E-01
2.0430000E+01	2.5482E-03	-1.2141E-01
2.0440000E+01	1.5204E-02	3.7485E-02
2.0450000E+01	4.6788E-03	1.2067E-03
2.0460000E+01	-1.4422E-02	-1.7892E-01
2.0470000E+01	-1.6292E-02	-2.4359E-01
2.0480000E+01	4.9614E-03	-1.0005E-01
