time /s	I /mA	E /V
1.0000000E-02	-9.2239E-03	-9.9971E-02
2.0000000E-02	4.6887E-03	4.4521E-02
3.0000000E-02	-4.0176E-03	-1.8687E-02
4.0000000E-02	-1.9169E-02	-1.9760E-01
5.0000000E-02	-1.7106E-02	-2.3293E-01
6.0000000E-02	1.4003E-03	-7.2715E-02
7.0000000E-02	9.1588E-03	5.2196E-02
8.0000000E-02	-2.9081E-03	-3.7389E-02
9.0000000E-02	-1.7205E-02	-2.1154E-01
1.0000000E-01	-1.2607E-02	-2.1793E-01
1.1000000E-01	4.9390E-03	-4.6438E-02
1.2000000E-01	1.0060E-02	5.6184E-02
1.3000000E-01	-3.8407E-03	-5.7698E-02
1.4000000E-01	-1.6663E-02	-2.2256E-01
1.5000000E-01	-9.3154E-03	-1.9964E-01
1.6000000E-01	7.4807E-03	-2.1080E-02
1.7000000E-01	9.9088E-03	5.6193E-02
1.8000000E-01	-5.2796E-03	-7.8656E-02
1.9000000E-01	-1.6265E-02	-2.2991E-01
2.0000000E-01	-6.4224E-03	-1.7830E-01
2.1000000E-01	9.4320E-03	2.5234E-03
2.2000000E-01	9.1265E-03	5.2200E-02
2.3000000E-01	-6.8692E-03	-1.0030E-01
2.4000000E-01	-1.5618E-02	-2.3355E-01
2.5000000E-01	-3.7257E-03	-1.5465E-01
2.6000000E-01	1.0933E-02	2.3538E-02
2.7000000E-01	7.8652E-03	4.4534E-02
2.8000000E-01	-8.4571E-03	-1.2129E-01
2.9000000E-01	-1.4905E-02	-2.3354E-01
3.0000000E-01	-1.1965E-03	-1.2936E-01
3.1000000E-01	1.2041E-02	4.1823E-02
3.2000000E-01	6.2594E-03	3.3213E-02
3.3000000E-01	-9.9477E-03	-1.4128E-01
3.4000000E-01	-1.3833E-02	-2.2926E-01
3.5000000E-01	1.2733E-03	-1.0270E-01
3.6000000E-01	1.2713E-02	5.6509E-02
3.7000000E-01	4.4709E-03	1.9237E-02
3.8000000E-01	-1.1336E-02	-1.5992E-01
3.9000000E-01	-1.2446E-02	-2.2127E-01
4.0000000E-01	3.5428E-03	-7.5403E-02
4.1000000E-01	1.3015E-02	6.7837E-02
4.2000000E-01	2.4683E-03	2.5981E-03
4.3000000E-01	-1.2463E-02	-1.7623E-01
4.4000000E-01	-1.0726E-02	-2.0925E-01
4.5000000E-01	5.6548E-03	-4.8106E-02
4.6000000E-01	1.2855E-02	7.5492E-02
4.7000000E-01	3.7939E-04	-1.6397E-02
4.8000000E-01	-1.3293E-02	-1.8990E-01
4.9000000E-01	-8.8216E-03	-1.9395E-01
5.0000000E-01	7.5531E-03	-2.1733E-02
5.1000000E-01	1.2329E-02	7.8799E-02
5.2000000E-01	-1.6106E-03	-3.6680E-02
5.3000000E-01	-1.3828E-02	-2.0057E-01
5.4000000E-01	-6.7178E-03	-1.7526E-01
5.5000000E-01	9.2965E-03	3.5578E-03
5.6000000E-01	1.1479E-02	7.8502E-02
5.7000000E-01	-3.6488E-03	-5.7689E-02
5.8000000E-01	-1.4082E-02	-2.0758E-01
5.9000000E-01	-4.5587E-03	-1.5396E-01
6.0000000E-01	1.0772E-02	2.6852E-02
6.1000000E-01	1.0250E-02	7.4163E-02
6.2000000E-01	-5.6142E-03	-7.9306E-02
6.3000000E-01	-1.3958E-02	-2.1123E-01
6.4000000E-01	-2.2713E-03	-1.2999E-01
6.5000000E-01	1.1951E-02	4.7539E-02
6.6000000E-01	8.7063E-03	6.6177E-02
6.7000000E-01	-7.4610E-03	-1.0032E-01
6.8000000E-01	-1.3402E-02	-2.1055E-01
6.9000000E-01	-6.8488E-05	-1.0471E-01
7.0000000E-01	1.2819E-02	6.5514E-02
7.1000000E-01	6.9296E-03	5.4866E-02
7.2000000E-01	-9.0821E-03	-1.2028E-01
7.3000000E-01	-1.2600E-02	-2.0622E-01
7.4000000E-01	2.1290E-03	-7.8043E-02
7.5000000E-01	1.3339E-02	8.0127E-02
7.6000000E-01	4.9407E-03	4.0538E-02
7.7000000E-01	-1.0569E-02	-1.3859E-01
7.8000000E-01	-1.1384E-02	-1.9795E-01
7.9000000E-01	4.2780E-03	-5.0758E-02
8.0000000E-01	1.3492E-02	9.1167E-02
8.1000000E-01	2.9065E-03	2.3934E-02
8.2000000E-01	-1.1715E-02	-1.5456E-01
8.3000000E-01	-9.8570E-03	-1.8561E-01
8.4000000E-01	6.2658E-03	-2.3426E-02
8.5000000E-01	1.3245E-02	9.8503E-02
8.6000000E-01	8.3685E-04	4.9709E-03
8.7000000E-01	-1.2684E-02	-1.6821E-01
8.8000000E-01	-8.0574E-03	-1.6994E-01
8.9000000E-01	8.1048E-03	2.8752E-03
9.0000000E-01	1.2673E-02	1.0148E-01
9.1000000E-01	-1.2979E-03	-1.5357E-02
9.2000000E-01	-1.3269E-02	-1.7856E-01
9.3000000E-01	-6.0649E-03	-1.5129E-01
9.4000000E-01	9.7268E-03	2.7865E-02
9.5000000E-01	1.1738E-02	1.0082E-01
9.6000000E-01	-3.3620E-03	-3.6655E-02
9.7000000E-01	-1.3533E-02	-1.8556E-01
9.8000000E-01	-3.9713E-03	-1.2966E-01
9.9000000E-01	1.1167E-02	5.1158E-02
1.0000000E+00	1.0444E-02	9.6514E-02
1.0100000E+00	-5.3326E-03	-5.7981E-02
1.0200000E+00	-1.3364E-02	-1.8855E-01
1.0300000E+00	-1.7918E-03	-1.0569E-01
1.0400000E+00	1.2278E-02	7.1838E-02
1.0500000E+00	8.8386E-03	8.8190E-02
1.0600000E+00	-7.1830E-03	-7.8959E-02
1.0700000E+00	-1.2873E-02	-1.8793E-01
1.0800000E+00	4.1219E-04	-8.0023E-02
1.0900000E+00	1.3070E-02	8.9486E-02
1.1000000E+00	7.0215E-03	7.6537E-02
1.1100000E+00	-8.8539E-03	-9.8966E-02
1.1200000E+00	-1.2088E-02	-1.8295E-01
1.1300000E+00	2.5355E-03	-5.3398E-02
1.1400000E+00	1.3568E-02	1.0381E-01
1.1500000E+00	5.0679E-03	6.2223E-02
1.1600000E+00	-1.0325E-02	-1.1728E-01
1.1700000E+00	-1.0904E-02	-1.7427E-01
1.1800000E+00	4.6054E-03	-2.6091E-02
1.1900000E+00	1.3654E-02	1.1450E-01
1.2000000E+00	2.9618E-03	4.4908E-02
1.2100000E+00	-1.1515E-02	-1.3325E-01
1.2200000E+00	-9.4019E-03	-1.6193E-01
1.2300000E+00	6.5970E-03	1.2363E-03
1.2400000E+00	1.3411E-02	1.2146E-01
1.2500000E+00	8.4448E-04	2.5937E-02
1.2600000E+00	-1.2424E-02	-1.4658E-01
1.2700000E+00	-7.6244E-03	-1.4594E-01
1.2800000E+00	8.4015E-03	2.7530E-02
1.2900000E+00	1.2767E-02	1.2445E-01
1.3000000E+00	-1.2378E-03	5.6417E-03
1.3100000E+00	-1.3009E-02	-1.5658E-01
1.3200000E+00	-5.6744E-03	-1.2699E-01
1.3300000E+00	1.0005E-02	5.2547E-02
1.3400000E+00	1.1804E-02	1.2350E-01
1.3500000E+00	-3.2894E-03	-1.5673E-02
1.3600000E+00	-1.3253E-02	-1.6324E-01
1.3700000E+00	-3.6034E-03	-1.0532E-01
1.3800000E+00	1.1373E-02	7.5465E-02
1.3900000E+00	1.0484E-02	1.1850E-01
1.4000000E+00	-5.2544E-03	-3.6982E-02
1.4100000E+00	-1.3102E-02	-1.6590E-01
1.4200000E+00	-1.4231E-03	-8.1001E-02
1.4300000E+00	1.2448E-02	9.5805E-02
1.4400000E+00	8.8424E-03	1.1020E-01
1.4500000E+00	-7.1169E-03	-5.7973E-02
1.4600000E+00	-1.2600E-02	-1.6489E-01
1.4700000E+00	6.9703E-04	-5.5380E-02
1.4800000E+00	1.3207E-02	1.1314E-01
1.4900000E+00	6.9875E-03	9.8171E-02
1.5000000E+00	-8.7584E-03	-7.7957E-02
1.5100000E+00	-1.1791E-02	-1.5992E-01
1.5200000E+00	2.8623E-03	-2.8390E-02
1.5300000E+00	1.3650E-02	1.2749E-01
1.5400000E+00	5.0060E-03	8.3548E-02
1.5500000E+00	-1.0222E-02	-9.5965E-02
1.5600000E+00	-1.0574E-02	-1.5091E-01
1.5700000E+00	4.8890E-03	-1.4366E-03
1.5800000E+00	1.3737E-02	1.3778E-01
1.5900000E+00	2.9182E-03	6.6228E-02
1.6000000E+00	-1.1390E-02	-1.1160E-01
1.6100000E+00	-9.1237E-03	-1.3828E-01
1.6200000E+00	6.8272E-03	2.5916E-02
1.6300000E+00	1.3436E-02	1.4447E-01
1.6400000E+00	8.3857E-04	4.7249E-02
1.6500000E+00	-1.2286E-02	-1.2460E-01
1.6600000E+00	-7.3371E-03	-1.2196E-01
1.6700000E+00	8.6083E-03	5.2212E-02
1.6800000E+00	1.2790E-02	1.4711E-01
1.6900000E+00	-1.2647E-03	2.6624E-02
1.7000000E+00	-1.2850E-02	-1.3459E-01
1.7100000E+00	-5.3862E-03	-1.0267E-01
1.7200000E+00	1.0142E-02	7.6825E-02
1.7300000E+00	1.1802E-02	1.4577E-01
1.7400000E+00	-3.3044E-03	5.3141E-03
1.7500000E+00	-1.3071E-02	-1.4092E-01
1.7600000E+00	-3.2940E-03	-8.0650E-02
1.7700000E+00	1.1467E-02	9.9481E-02
1.7800000E+00	1.0447E-02	1.4079E-01
1.7900000E+00	-5.2599E-03	-1.5996E-02
1.8000000E+00	-1.2912E-02	-1.4324E-01
1.8100000E+00	-1.1957E-03	-5.6709E-02
1.8200000E+00	1.2539E-02	1.1979E-01
1.8300000E+00	8.7744E-03	1.3184E-01
1.8400000E+00	-7.1037E-03	-3.7001E-02
1.8500000E+00	-1.2393E-02	-1.4192E-01
1.8600000E+00	9.5968E-04	-3.0745E-02
1.8700000E+00	1.3300E-02	1.3713E-01
1.8800000E+00	6.8894E-03	1.1987E-01
1.8900000E+00	-8.7189E-03	-5.6657E-02
1.9000000E+00	-1.1576E-02	-1.3660E-01
1.9100000E+00	3.0922E-03	-3.7122E-03
1.9200000E+00	1.3692E-02	1.5079E-01
1.9300000E+00	4.9211E-03	1.0483E-01
1.9400000E+00	-1.0164E-02	-7.4601E-02
1.9500000E+00	-1.0392E-02	-1.2763E-01
1.9600000E+00	5.0943E-03	2.3592E-02
1.9700000E+00	1.3792E-02	1.6111E-01
1.9800000E+00	2.8205E-03	8.7545E-02
1.9900000E+00	-1.1332E-02	-9.0278E-02
2.0000000E+00	-8.8860E-03	-1.1463E-01
2.0100000E+00	7.0260E-03	5.0536E-02
2.0200000E+00	1.3463E-02	1.6746E-01
2.0300000E+00	7.5381E-04	6.8270E-02
2.0400000E+00	-1.2205E-02	-1.0292E-01
2.0500000E+00	-7.1123E-03	-9.7965E-02
2.0600000E+00	8.7208E-03	7.6524E-02
2.0700000E+00	1.2798E-02	1.6979E-01
2.0800000E+00	-1.3082E-03	4.7592E-02
2.0900000E+00	-1.2743E-02	-1.1259E-01
2.1000000E+00	-5.1409E-03	-7.8680E-02
2.1100000E+00	1.0289E-02	1.0115E-01
2.1200000E+00	1.1815E-02	1.6814E-01
2.1300000E+00	-3.2933E-03	2.6295E-02
2.1400000E+00	-1.2901E-02	-1.1858E-01
2.1500000E+00	-3.0160E-03	-5.6353E-02
2.1600000E+00	1.1570E-02	1.2381E-01
2.1700000E+00	1.0420E-02	1.6280E-01
2.1800000E+00	-5.2496E-03	4.9810E-03
2.1900000E+00	-1.2732E-02	-1.2090E-01
2.2000000E+00	-9.1398E-04	-3.2041E-02
2.2100000E+00	1.2663E-02	1.4377E-01
2.2200000E+00	8.6831E-03	1.5384E-01
2.2300000E+00	-7.1050E-03	-1.5996E-02
2.2400000E+00	-1.2212E-02	-1.1923E-01
2.2500000E+00	1.2050E-03	-6.0994E-03
2.2600000E+00	1.3345E-02	1.6079E-01
2.2700000E+00	6.8692E-03	1.4147E-01
2.2800000E+00	-8.6801E-03	-3.5292E-02
2.2900000E+00	-1.1354E-02	-1.1358E-01
2.3000000E+00	3.3397E-03	2.0904E-02
2.3100000E+00	1.3739E-02	1.7447E-01
2.3200000E+00	4.7782E-03	1.2621E-01
2.3300000E+00	-1.0109E-02	-5.3273E-02
2.3400000E+00	-1.0140E-02	-1.0395E-01
2.3500000E+00	5.3393E-03	4.8226E-02
2.3600000E+00	1.3820E-02	1.8445E-01
2.3700000E+00	2.7427E-03	1.0890E-01
2.3800000E+00	-1.1264E-02	-6.8621E-02
2.3900000E+00	-8.6230E-03	-9.0626E-02
2.4000000E+00	7.1896E-03	7.5191E-02
2.4100000E+00	1.3474E-02	1.9046E-01
2.4200000E+00	6.2026E-04	8.9250E-02
2.4300000E+00	-1.2134E-02	-8.1248E-02
2.4400000E+00	-6.8755E-03	-7.4009E-02
2.4500000E+00	8.8990E-03	1.0118E-01
2.4600000E+00	1.2809E-02	1.9242E-01
2.4700000E+00	-1.4079E-03	6.8583E-02
2.4800000E+00	-1.2659E-02	-9.0600E-02
2.4900000E+00	-4.9116E-03	-5.4335E-02
2.5000000E+00	1.0439E-02	1.2582E-01
2.5100000E+00	1.1709E-02	1.9043E-01
2.5200000E+00	-3.4300E-03	4.7249E-02
2.5300000E+00	-1.2822E-02	-9.6240E-02
2.5400000E+00	-2.8588E-03	-3.2025E-02
2.5500000E+00	1.1711E-02	1.4811E-01
2.5600000E+00	1.0309E-02	1.8480E-01
2.5700000E+00	-5.3399E-03	2.5974E-02
2.5800000E+00	-1.2634E-02	-9.8253E-02
2.5900000E+00	-7.2292E-04	-7.3746E-03
2.6000000E+00	1.2696E-02	1.6779E-01
2.6100000E+00	8.5735E-03	1.7548E-01
2.6200000E+00	-7.1306E-03	5.3394E-03
2.6300000E+00	-1.2119E-02	-9.6257E-02
2.6400000E+00	1.3867E-03	1.8614E-02
2.6500000E+00	1.3467E-02	1.8477E-01
2.6600000E+00	6.6800E-03	1.6318E-01
2.6700000E+00	-8.7380E-03	-1.4321E-02
2.6800000E+00	-1.1215E-02	-9.0287E-02
2.6900000E+00	3.4544E-03	4.5552E-02
2.7000000E+00	1.3789E-02	1.9778E-01
2.7100000E+00	4.6537E-03	1.4788E-01
2.7200000E+00	-1.0100E-02	-3.1630E-02
2.7300000E+00	-1.0016E-02	-8.0600E-02
2.7400000E+00	5.4695E-03	7.2869E-02
2.7500000E+00	1.3834E-02	2.0744E-01
2.7600000E+00	2.5144E-03	1.2988E-01
2.7700000E+00	-1.1227E-02	-4.6942E-02
2.7800000E+00	-8.4266E-03	-6.6967E-02
2.7900000E+00	7.3178E-03	9.9856E-02
2.8000000E+00	1.3479E-02	2.1310E-01
2.8100000E+00	5.0778E-04	1.1057E-01
2.8200000E+00	-1.2067E-02	-5.9283E-02
2.8300000E+00	-6.6262E-03	-4.9988E-02
2.8400000E+00	8.9946E-03	1.2583E-01
2.8500000E+00	1.2765E-02	2.1512E-01
2.8600000E+00	-1.5811E-03	8.9608E-02
2.8700000E+00	-1.2548E-02	-6.8269E-02
2.8800000E+00	-4.6435E-03	-3.0011E-02
2.8900000E+00	1.0461E-02	1.5015E-01
2.9000000E+00	1.1695E-02	2.1279E-01
2.9100000E+00	-3.5156E-03	6.8310E-02
2.9200000E+00	-1.2717E-02	-7.3955E-02
2.9300000E+00	-2.6458E-03	-7.6739E-03
2.9400000E+00	1.1756E-02	1.7244E-01
2.9500000E+00	1.0192E-02	2.0681E-01
2.9600000E+00	-5.4028E-03	4.6996E-02
2.9700000E+00	-1.2528E-02	-7.5590E-02
2.9800000E+00	-4.8370E-04	1.6934E-02
2.9900000E+00	1.2767E-02	1.9178E-01
3.0000000E+00	8.4783E-03	1.9749E-01
3.0100000E+00	-7.2105E-03	2.6329E-02
3.0200000E+00	-1.1950E-02	-7.3290E-02
3.0300000E+00	1.5812E-03	4.3239E-02
3.0400000E+00	1.3537E-02	2.0845E-01
3.0500000E+00	6.5495E-03	1.8449E-01
3.0600000E+00	-8.7350E-03	7.0289E-03
3.0700000E+00	-1.1048E-02	-6.6944E-02
3.0800000E+00	3.6274E-03	7.0237E-02
3.0900000E+00	1.3908E-02	2.2147E-01
3.1000000E+00	4.4986E-03	1.6919E-01
3.1100000E+00	-1.0104E-02	-1.0300E-02
3.1200000E+00	-9.8018E-03	-5.6952E-02
3.1300000E+00	5.5886E-03	9.7525E-02
3.1400000E+00	1.3904E-02	2.3075E-01
3.1500000E+00	2.3859E-03	1.5122E-01
3.1600000E+00	-1.1205E-02	-2.5335E-02
3.1700000E+00	-8.2660E-03	-4.3310E-02
3.1800000E+00	7.4500E-03	1.2450E-01
3.1900000E+00	1.3516E-02	2.3611E-01
3.2000000E+00	3.0646E-04	1.3159E-01
3.2100000E+00	-1.2036E-02	-3.7597E-02
3.2200000E+00	-6.4465E-03	-2.6007E-02
3.2300000E+00	9.1088E-03	1.5017E-01
3.2400000E+00	1.2835E-02	2.3779E-01
3.2500000E+00	-1.7376E-03	1.1058E-01
3.2600000E+00	-1.2505E-02	-4.6290E-02
3.2700000E+00	-4.4819E-03	-6.0617E-03
3.2800000E+00	1.0578E-02	1.7446E-01
3.2900000E+00	1.1689E-02	2.3510E-01
3.3000000E+00	-3.7201E-03	8.9305E-02
3.3100000E+00	-1.2612E-02	-5.1607E-02
3.3200000E+00	-2.3643E-03	1.6963E-02
3.3300000E+00	1.1855E-02	1.9642E-01
3.3400000E+00	1.0154E-02	2.2879E-01
3.3500000E+00	-5.5401E-03	6.7970E-02
3.3600000E+00	-1.2383E-02	-5.2978E-02
3.3700000E+00	-3.2954E-04	4.1588E-02
3.3800000E+00	1.2871E-02	2.1576E-01
3.3900000E+00	8.4261E-03	2.1914E-01
3.4000000E+00	-7.1918E-03	4.7666E-02
3.4100000E+00	-1.1759E-02	-5.0284E-02
3.4200000E+00	1.7525E-03	6.7882E-02
3.4300000E+00	1.3644E-02	2.3208E-01
3.4400000E+00	6.4231E-03	2.0617E-01
3.4500000E+00	-8.7925E-03	2.8352E-02
3.4600000E+00	-1.0858E-02	-4.3636E-02
3.4700000E+00	3.7628E-03	9.4889E-02
3.4800000E+00	1.3976E-02	2.4474E-01
3.4900000E+00	4.3450E-03	1.9052E-01
3.5000000E+00	-1.0135E-02	1.1013E-02
3.5100000E+00	-9.6006E-03	-3.3338E-02
3.5200000E+00	5.7404E-03	1.2221E-01
3.5300000E+00	1.4008E-02	2.5372E-01
3.5400000E+00	2.2407E-03	1.7251E-01
3.5500000E+00	-1.1167E-02	-3.6388E-03
3.5600000E+00	-8.0285E-03	-1.9349E-02
3.5700000E+00	7.5571E-03	1.4881E-01
3.5800000E+00	1.3656E-02	2.5909E-01
3.5900000E+00	1.5127E-04	1.5253E-01
3.6000000E+00	-1.1963E-02	-1.5628E-02
3.6100000E+00	-6.2186E-03	-2.0172E-03
3.6200000E+00	9.2490E-03	1.7478E-01
3.6300000E+00	1.2870E-02	2.6009E-01
3.6400000E+00	-1.8494E-03	1.3190E-01
3.6500000E+00	-1.2416E-02	-2.4303E-02
3.6600000E+00	-4.2904E-03	1.8266E-02
3.6700000E+00	1.0730E-02	1.9878E-01
3.6800000E+00	1.1725E-02	2.5744E-01
3.6900000E+00	-3.8016E-03	1.1029E-01
3.7000000E+00	-1.2504E-02	-2.8940E-02
3.7100000E+00	-2.1966E-03	4.1271E-02
3.7200000E+00	1.1984E-02	2.2077E-01
3.7300000E+00	1.0122E-02	2.5078E-01
3.7400000E+00	-5.6505E-03	8.8938E-02
3.7500000E+00	-1.2257E-02	-3.0322E-02
3.7600000E+00	-1.1461E-04	6.6228E-02
3.7700000E+00	1.3023E-02	2.3974E-01
3.7800000E+00	8.3026E-03	2.4079E-01
3.7900000E+00	-7.3444E-03	6.8620E-02
3.8000000E+00	-1.1666E-02	-2.7294E-02
3.8100000E+00	1.9475E-03	9.2540E-02
3.8200000E+00	1.3768E-02	2.5575E-01
3.8300000E+00	6.3088E-03	2.2781E-01
3.8400000E+00	-8.8611E-03	4.9655E-02
3.8500000E+00	-1.0755E-02	-2.0628E-02
3.8600000E+00	3.9541E-03	1.1953E-01
3.8700000E+00	1.4161E-02	2.6840E-01
3.8800000E+00	4.2296E-03	2.1184E-01
3.8900000E+00	-1.0157E-02	3.2302E-02
3.9000000E+00	-9.4340E-03	-9.9615E-03
3.9100000E+00	5.8748E-03	1.4683E-01
3.9200000E+00	1.4174E-02	2.7705E-01
3.9300000E+00	2.0398E-03	1.9356E-01
3.9400000E+00	-1.1197E-02	1.7714E-02
3.9500000E+00	-7.8433E-03	4.3381E-03
3.9600000E+00	7.7110E-03	1.7349E-01
3.9700000E+00	1.3741E-02	2.8172E-01
3.9800000E+00	9.3894E-06	1.7388E-01
3.9900000E+00	-1.1920E-02	6.3386E-03
4.0000000E+00	-6.0494E-03	2.1935E-02
4.0100000E+00	9.3444E-03	1.9912E-01
4.0200000E+00	1.3018E-02	2.8277E-01
4.0300000E+00	-2.0467E-03	1.5292E-01
4.0400000E+00	-1.2357E-02	-1.9648E-03
4.0500000E+00	-4.0759E-03	4.2631E-02
4.0600000E+00	1.0856E-02	2.2309E-01
4.0700000E+00	1.1741E-02	2.7976E-01
4.0800000E+00	-3.9650E-03	1.3126E-01
4.0900000E+00	-1.2421E-02	-6.6082E-03
4.1000000E+00	-2.0337E-03	6.5591E-02
4.1100000E+00	1.2141E-02	2.4474E-01
4.1200000E+00	1.0151E-02	2.7277E-01
4.1300000E+00	-5.7758E-03	1.1026E-01
4.1400000E+00	-1.2163E-02	-7.6327E-03
4.1500000E+00	4.1827E-05	9.0889E-02
4.1600000E+00	1.3193E-02	2.6376E-01
4.1700000E+00	8.2524E-03	2.6280E-01
4.1800000E+00	-7.4703E-03	8.9641E-02
4.1900000E+00	-1.1539E-02	-4.3127E-03
4.2000000E+00	2.1067E-03	1.1721E-01
4.2100000E+00	1.3911E-02	2.7940E-01
4.2200000E+00	6.1810E-03	2.4913E-01
4.2300000E+00	-8.9686E-03	7.0616E-02
4.2400000E+00	-1.0583E-02	2.6629E-03
4.2500000E+00	4.0698E-03	1.4414E-01
4.2600000E+00	1.4339E-02	2.9174E-01
4.2700000E+00	4.0437E-03	2.3317E-01
4.2800000E+00	-1.0185E-02	5.4036E-02
4.2900000E+00	-9.2994E-03	1.3693E-02
4.3000000E+00	6.0525E-03	1.7147E-01
4.3100000E+00	1.4364E-02	3.0006E-01
4.3200000E+00	1.9054E-03	2.1484E-01
4.3300000E+00	-1.1245E-02	3.9327E-02
4.3400000E+00	-7.6732E-03	2.8310E-02
4.3500000E+00	7.8667E-03	1.9814E-01
4.3600000E+00	1.3950E-02	3.0473E-01
4.3700000E+00	-1.9249E-04	1.9488E-01
4.3800000E+00	-1.1957E-02	2.8034E-02
4.3900000E+00	-5.8531E-03	4.6278E-02
4.4000000E+00	9.5596E-03	2.2378E-01
4.4100000E+00	1.3122E-02	3.0541E-01
4.4200000E+00	-2.2285E-03	1.7388E-01
4.4300000E+00	-1.2364E-02	1.9999E-02
4.4400000E+00	-3.8800E-03	6.6918E-02
4.4500000E+00	1.1052E-02	2.4744E-01
4.4600000E+00	1.1849E-02	3.0205E-01
4.4700000E+00	-4.1317E-03	1.5227E-01
4.4800000E+00	-1.2389E-02	1.5690E-02
4.4900000E+00	-1.8296E-03	9.0222E-02
4.5000000E+00	1.2382E-02	2.6908E-01
4.5100000E+00	1.0122E-02	2.9477E-01
4.5200000E+00	-5.9269E-03	1.3125E-01
4.5300000E+00	-1.2084E-02	1.5354E-02
4.5400000E+00	2.3447E-04	1.1521E-01
4.5500000E+00	1.3422E-02	2.8774E-01
4.5600000E+00	8.2244E-03	2.8446E-01
4.5700000E+00	-7.5944E-03	1.1094E-01
4.5800000E+00	-1.1421E-02	1.8697E-02
4.5900000E+00	2.2632E-03	1.4188E-01
4.6000000E+00	1.4193E-02	3.0337E-01
4.6100000E+00	6.0667E-03	2.7080E-01
4.6200000E+00	-9.0773E-03	9.1928E-02
4.6300000E+00	-1.0476E-02	2.5968E-02
4.6400000E+00	4.2965E-03	1.6884E-01
4.6500000E+00	1.4605E-02	3.1506E-01
4.6600000E+00	3.9181E-03	2.5451E-01
4.6700000E+00	-1.0319E-02	7.5310E-02
4.6800000E+00	-9.1188E-03	3.7343E-02
4.6900000E+00	6.2284E-03	1.9612E-01
4.7000000E+00	1.4633E-02	3.2340E-01
4.7100000E+00	1.7129E-03	2.3584E-01
4.7200000E+00	-1.1323E-02	6.0980E-02
4.7300000E+00	-7.5218E-03	5.2316E-02
4.7400000E+00	8.0717E-03	2.2282E-01
4.7500000E+00	1.4150E-02	3.2741E-01
4.7600000E+00	-3.5715E-04	2.1587E-01
4.7700000E+00	-1.2004E-02	4.9993E-02
4.7800000E+00	-5.6759E-03	7.0303E-02
4.7900000E+00	9.7529E-03	2.4842E-01
4.8000000E+00	1.3316E-02	3.2772E-01
4.8100000E+00	-2.4047E-03	1.9490E-01
4.8200000E+00	-1.2359E-02	4.2311E-02
4.8300000E+00	-3.7067E-03	9.1267E-02
4.8400000E+00	1.1265E-02	2.7207E-01
4.8500000E+00	1.1909E-02	3.2407E-01
4.8600000E+00	-4.2957E-03	1.7356E-01
4.8700000E+00	-1.2386E-02	3.8361E-02
4.8800000E+00	-1.6606E-03	1.1457E-01
4.8900000E+00	1.2563E-02	2.9309E-01
4.9000000E+00	1.0219E-02	3.1675E-01
4.9100000E+00	-6.1231E-03	1.5226E-01
4.9200000E+00	-1.2036E-02	3.8025E-02
4.9300000E+00	4.1957E-04	1.3988E-01
4.9400000E+00	1.3687E-02	3.1172E-01
4.9500000E+00	8.1768E-03	3.0610E-01
4.9600000E+00	-7.7528E-03	1.3196E-01
4.9700000E+00	-1.1369E-02	4.1661E-02
4.9800000E+00	2.4910E-03	1.6650E-01
4.9900000E+00	1.4498E-02	3.2706E-01
5.0000000E+00	5.9514E-03	2.9215E-01
5.0100000E+00	-9.1898E-03	1.1329E-01
5.0200000E+00	-1.0362E-02	4.9317E-02
5.0300000E+00	4.4998E-03	1.9350E-01
5.0400000E+00	1.4926E-02	3.3835E-01
5.0500000E+00	3.7425E-03	2.7578E-01
5.0600000E+00	-1.0450E-02	9.6623E-02
5.0700000E+00	-8.9904E-03	6.0955E-02
5.0800000E+00	6.4334E-03	2.2082E-01
5.0900000E+00	1.5048E-02	3.4638E-01
5.1000000E+00	1.5278E-03	2.5716E-01
5.1100000E+00	-1.1399E-02	8.2987E-02
5.1200000E+00	-7.3962E-03	7.5927E-02
5.1300000E+00	8.2848E-03	2.4745E-01
5.1400000E+00	1.4538E-02	3.5035E-01
5.1500000E+00	-6.2547E-04	2.3684E-01
5.1600000E+00	-1.2091E-02	7.1997E-02
5.1700000E+00	-5.5543E-03	9.4268E-02
5.1800000E+00	9.9643E-03	2.7273E-01
5.1900000E+00	1.3647E-02	3.5038E-01
5.2000000E+00	-2.6437E-03	2.1588E-01
5.2100000E+00	-1.2442E-02	6.4352E-02
5.2200000E+00	-3.5085E-03	1.1557E-01
5.2300000E+00	1.1504E-02	2.9641E-01
5.2400000E+00	1.2221E-02	3.4644E-01
5.2500000E+00	-4.5494E-03	1.9458E-01
5.2600000E+00	-1.2441E-02	6.0677E-02
5.2700000E+00	-1.4690E-03	1.3922E-01
5.2800000E+00	1.2788E-02	3.1740E-01
5.2900000E+00	1.0322E-02	3.3875E-01
5.3000000E+00	-6.3078E-03	1.7325E-01
5.3100000E+00	-1.2057E-02	6.0668E-02
5.3200000E+00	6.1903E-04	1.6451E-01
5.3300000E+00	1.4012E-02	3.3571E-01
5.3400000E+00	8.1495E-03	3.2778E-01
5.3500000E+00	-7.9271E-03	1.5328E-01
5.3600000E+00	-1.1311E-02	6.4988E-02
5.3700000E+00	2.6854E-03	1.9119E-01
5.3800000E+00	1.4895E-02	3.5036E-01
5.3900000E+00	5.8589E-03	3.1379E-01
5.4000000E+00	-9.3899E-03	1.3464E-01
5.4100000E+00	-1.0306E-02	7.2966E-02
5.4200000E+00	4.7261E-03	2.1848E-01
5.4300000E+00	1.5480E-02	3.6202E-01
5.4400000E+00	3.5382E-03	2.9714E-01
5.4500000E+00	-1.0619E-02	1.1828E-01
5.4600000E+00	-8.9468E-03	8.4610E-02
5.4700000E+00	6.6271E-03	2.4547E-01
5.4800000E+00	1.5575E-02	3.6939E-01
5.4900000E+00	1.2261E-03	2.7814E-01
5.5000000E+00	-1.1581E-02	1.0464E-01
5.5100000E+00	-7.2974E-03	9.9939E-02
5.5200000E+00	8.4873E-03	2.7209E-01
5.5300000E+00	1.5097E-02	3.7307E-01
5.5400000E+00	-9.0094E-04	2.5821E-01
5.5500000E+00	-1.2287E-02	9.3961E-02
5.5600000E+00	-5.3784E-03	1.1858E-01
5.5700000E+00	1.0191E-02	2.9710E-01
5.5800000E+00	1.4145E-02	3.7272E-01
5.5900000E+00	-2.9754E-03	2.3688E-01
5.6000000E+00	-1.2564E-02	8.6632E-02
5.6100000E+00	-3.4190E-03	1.3991E-01
5.6200000E+00	1.1744E-02	3.2043E-01
5.6300000E+00	1.2599E-02	3.6872E-01
5.6400000E+00	-4.8231E-03	2.1555E-01
5.6500000E+00	-1.2515E-02	8.3304E-02
5.6600000E+00	-1.3096E-03	1.6355E-01
5.6700000E+00	1.3180E-02	3.4139E-01
5.6800000E+00	1.0538E-02	3.6077E-01
5.6900000E+00	-6.5944E-03	1.9459E-01
5.7000000E+00	-1.2076E-02	8.3649E-02
5.7100000E+00	7.9026E-04	1.8919E-01
5.7200000E+00	1.4450E-02	3.5939E-01
5.7300000E+00	8.1756E-03	3.4941E-01
5.7400000E+00	-8.2465E-03	1.7427E-01
5.7500000E+00	-1.1384E-02	8.7979E-02
5.7600000E+00	2.8748E-03	2.1583E-01
5.7700000E+00	1.5502E-02	3.7405E-01
5.7800000E+00	5.7426E-03	3.3512E-01
5.7900000E+00	-9.6659E-03	1.5594E-01
5.8000000E+00	-1.0293E-02	9.6310E-02
5.8100000E+00	4.8930E-03	2.4313E-01
5.8200000E+00	1.6258E-02	3.8536E-01
5.8300000E+00	3.2810E-03	3.1850E-01
5.8400000E+00	-1.0931E-02	1.3962E-01
5.8500000E+00	-8.9287E-03	1.0828E-01
5.8600000E+00	6.8408E-03	2.7013E-01
5.8700000E+00	1.6334E-02	3.9236E-01
5.8800000E+00	9.6177E-04	2.9947E-01
5.8900000E+00	-1.1865E-02	1.2629E-01
5.9000000E+00	-7.2361E-03	1.2395E-01
5.9100000E+00	8.7199E-03	2.9672E-01
5.9200000E+00	1.5850E-02	3.9568E-01
5.9300000E+00	-1.2754E-03	2.7913E-01
5.9400000E+00	-1.2534E-02	1.1596E-01
5.9500000E+00	-5.3548E-03	1.4260E-01
5.9600000E+00	1.0432E-02	3.2176E-01
5.9700000E+00	1.4872E-02	3.9539E-01
5.9800000E+00	-3.3718E-03	2.5784E-01
5.9900000E+00	-1.2779E-02	1.0897E-01
6.0000000E+00	-3.2783E-03	1.6423E-01
6.0100000E+00	1.2083E-02	3.4473E-01
6.0200000E+00	1.3090E-02	3.9071E-01
6.0300000E+00	-5.2221E-03	2.3653E-01
6.0400000E+00	-1.2713E-02	1.0565E-01
6.0500000E+00	-1.1507E-03	1.8819E-01
6.0600000E+00	1.3652E-02	3.6572E-01
6.0700000E+00	1.0870E-02	3.8276E-01
6.0800000E+00	-7.0102E-03	2.1558E-01
6.0900000E+00	-1.2254E-02	1.0633E-01
6.1000000E+00	9.7141E-04	2.1383E-01
6.1100000E+00	1.5117E-02	3.8334E-01
6.1200000E+00	8.2330E-03	3.7107E-01
6.1300000E+00	-8.6200E-03	1.9560E-01
6.1400000E+00	-1.1521E-02	1.1098E-01
6.1500000E+00	3.0535E-03	2.4050E-01
6.1600000E+00	1.6353E-02	3.9769E-01
6.1700000E+00	5.5914E-03	3.5679E-01
6.1800000E+00	-1.0070E-02	1.7726E-01
6.1900000E+00	-1.0410E-02	1.1964E-01
6.2000000E+00	5.0626E-03	2.6777E-01
6.2100000E+00	1.7215E-02	4.0868E-01
6.2200000E+00	2.9320E-03	3.3946E-01
6.2300000E+00	-1.1320E-02	1.6128E-01
6.2400000E+00	-9.0248E-03	1.3192E-01
6.2500000E+00	7.0352E-03	2.9476E-01
6.2600000E+00	1.7424E-02	4.1571E-01
6.2700000E+00	5.0120E-04	3.2048E-01
6.2800000E+00	-1.2342E-02	1.4799E-01
6.2900000E+00	-7.2945E-03	1.4794E-01
6.3000000E+00	8.8730E-03	3.2108E-01
6.3100000E+00	1.6847E-02	4.1870E-01
6.3200000E+00	-1.8727E-03	3.0018E-01
6.3300000E+00	-1.2924E-02	1.3795E-01
6.3400000E+00	-5.3339E-03	1.6689E-01
6.3500000E+00	1.0715E-02	3.4606E-01
6.3600000E+00	1.5702E-02	4.1768E-01
6.3700000E+00	-3.9316E-03	2.7882E-01
6.3800000E+00	-1.3205E-02	1.3128E-01
6.3900000E+00	-3.2535E-03	1.8853E-01
6.4000000E+00	1.2557E-02	3.6905E-01
6.4100000E+00	1.3800E-02	4.1304E-01
6.4200000E+00	-5.8438E-03	2.5753E-01
6.4300000E+00	-1.3079E-02	1.2829E-01
6.4400000E+00	-1.1383E-03	2.1249E-01
6.4500000E+00	1.4313E-02	3.8971E-01
6.4600000E+00	1.1178E-02	4.0438E-01
6.4700000E+00	-7.5523E-03	2.3656E-01
6.4800000E+00	-1.2523E-02	1.2932E-01
6.4900000E+00	1.0646E-03	2.3850E-01
6.5000000E+00	1.6005E-02	4.0701E-01
6.5100000E+00	8.3626E-03	3.9274E-01
6.5200000E+00	-9.1915E-03	2.1691E-01
6.5300000E+00	-1.1790E-02	1.3428E-01
6.5400000E+00	3.1048E-03	2.6513E-01
6.5500000E+00	1.7455E-02	4.2131E-01
6.5600000E+00	5.4552E-03	3.7806E-01
6.5700000E+00	-1.0634E-02	1.9858E-01
6.5800000E+00	-1.0627E-02	1.4293E-01
6.5900000E+00	5.1753E-03	2.9245E-01
6.6000000E+00	1.8402E-02	4.3199E-01
6.6100000E+00	2.5710E-03	3.6079E-01
6.6200000E+00	-1.1943E-02	1.8293E-01
6.6300000E+00	-9.2400E-03	1.5561E-01
6.6400000E+00	7.2076E-03	3.1941E-01
6.6500000E+00	1.8590E-02	4.3869E-01
6.6600000E+00	-2.3588E-05	3.4182E-01
6.6700000E+00	-1.2924E-02	1.6960E-01
6.6800000E+00	-7.4077E-03	1.7190E-01
6.6900000E+00	9.2358E-03	3.4578E-01
6.7000000E+00	1.8012E-02	4.4135E-01
6.7100000E+00	-2.4052E-03	3.2116E-01
6.7200000E+00	-1.3471E-02	1.5993E-01
6.7300000E+00	-5.4078E-03	1.9086E-01
6.7400000E+00	1.1257E-02	3.7070E-01
6.7500000E+00	1.6739E-02	4.4000E-01
6.7600000E+00	-4.5968E-03	2.9984E-01
6.7700000E+00	-1.3675E-02	1.5328E-01
6.7800000E+00	-3.2414E-03	2.1286E-01
6.7900000E+00	1.3199E-02	3.9333E-01
6.8000000E+00	1.4612E-02	4.3505E-01
6.8100000E+00	-6.4946E-03	2.7853E-01
6.8200000E+00	-1.3474E-02	1.5096E-01
6.8300000E+00	-1.0705E-03	2.3717E-01
6.8400000E+00	1.5208E-02	4.1369E-01
6.8500000E+00	1.1701E-02	4.2636E-01
6.8600000E+00	-8.2442E-03	2.5756E-01
6.8700000E+00	-1.2937E-02	1.5195E-01
6.8800000E+00	1.1196E-03	2.6281E-01
6.8900000E+00	1.7071E-02	4.3099E-01
6.9000000E+00	8.5061E-03	4.1438E-01
6.9100000E+00	-9.8834E-03	2.3791E-01
6.9200000E+00	-1.2091E-02	1.5728E-01
6.9300000E+00	3.2544E-03	2.8977E-01
6.9400000E+00	1.8663E-02	4.4501E-01
6.9500000E+00	5.3529E-03	3.9943E-01
6.9600000E+00	-1.1421E-02	2.1991E-01
6.9700000E+00	-1.0984E-02	1.6657E-01
6.9800000E+00	5.3607E-03	3.1710E-01
6.9900000E+00	1.9640E-02	4.5499E-01
7.0000000E+00	2.3585E-03	3.8211E-01
7.0100000E+00	-1.2708E-02	2.0423E-01
7.0200000E+00	-9.4006E-03	1.7924E-01
7.0300000E+00	7.4891E-03	3.4409E-01
7.0400000E+00	1.9876E-02	4.6166E-01
7.0500000E+00	-4.5231E-04	3.6279E-01
7.0600000E+00	-1.3615E-02	1.9160E-01
7.0700000E+00	-7.6151E-03	1.9591E-01
7.0800000E+00	9.6374E-03	3.7039E-01
7.0900000E+00	1.9133E-02	4.6399E-01
7.1000000E+00	-2.9992E-03	3.4219E-01
7.1100000E+00	-1.4172E-02	1.8195E-01
7.1200000E+00	-5.5435E-03	2.1521E-01
7.1300000E+00	1.1802E-02	3.9504E-01
7.1400000E+00	1.7658E-02	4.6232E-01
7.1500000E+00	-5.2461E-03	3.2086E-01
7.1600000E+00	-1.4322E-02	1.7560E-01
7.1700000E+00	-3.3184E-03	2.3755E-01
7.1800000E+00	1.3962E-02	4.1769E-01
7.1900000E+00	1.5211E-02	4.5700E-01
7.2000000E+00	-7.2378E-03	2.9953E-01
7.2100000E+00	-1.4078E-02	1.7332E-01
7.2200000E+00	-1.0815E-03	2.6181E-01
7.2300000E+00	1.6120E-02	4.3765E-01
7.2400000E+00	1.2039E-02	4.4802E-01
7.2500000E+00	-9.0538E-03	2.7888E-01
7.2600000E+00	-1.3478E-02	1.7496E-01
7.2700000E+00	1.1085E-03	2.8746E-01
7.2800000E+00	1.8113E-02	4.5467E-01
7.2900000E+00	8.6486E-03	4.3604E-01
7.3000000E+00	-1.0725E-02	2.5925E-01
7.3100000E+00	-1.2606E-02	1.8059E-01
7.3200000E+00	3.3296E-03	3.1444E-01
7.3300000E+00	1.9785E-02	4.6834E-01
7.3400000E+00	5.2647E-03	4.2075E-01
7.3500000E+00	-1.2277E-02	2.4124E-01
7.3600000E+00	-1.1348E-02	1.8992E-01
7.3700000E+00	5.5379E-03	3.4178E-01
7.3800000E+00	2.0740E-02	4.7836E-01
7.3900000E+00	2.1455E-03	4.0342E-01
7.4000000E+00	-1.3533E-02	2.2590E-01
7.4100000E+00	-9.7733E-03	2.0323E-01
7.4200000E+00	7.8146E-03	3.6872E-01
7.4300000E+00	2.0776E-02	4.8429E-01
7.4400000E+00	-7.9924E-04	3.8379E-01
7.4500000E+00	-1.4425E-02	2.1326E-01
7.4600000E+00	-7.8555E-03	2.1990E-01
7.4700000E+00	1.0182E-02	3.9504E-01
7.4800000E+00	1.9951E-02	4.8665E-01
7.4900000E+00	-3.4847E-03	3.6315E-01
7.5000000E+00	-1.4987E-02	2.0394E-01
7.5100000E+00	-5.7227E-03	2.3954E-01
7.5200000E+00	1.2519E-02	4.1934E-01
7.5300000E+00	1.8299E-02	4.8463E-01
7.5400000E+00	-5.8538E-03	3.4184E-01
7.5500000E+00	-1.5020E-02	1.9791E-01
7.5600000E+00	-3.4507E-03	2.6184E-01
7.5700000E+00	1.4872E-02	4.4201E-01
7.5800000E+00	1.5665E-02	4.7934E-01
7.5900000E+00	-7.9907E-03	3.2052E-01
7.6000000E+00	-1.4730E-02	1.9593E-01
7.6100000E+00	-1.1365E-03	2.8613E-01
7.6200000E+00	1.6983E-02	4.6168E-01
7.6300000E+00	1.2327E-02	4.7002E-01
7.6400000E+00	-9.8533E-03	2.9989E-01
7.6500000E+00	-1.4025E-02	1.9793E-01
7.6600000E+00	1.1554E-03	3.1214E-01
7.6700000E+00	1.9029E-02	4.7864E-01
7.6800000E+00	8.7239E-03	4.5769E-01
7.6900000E+00	-1.1615E-02	2.8022E-01
7.7000000E+00	-1.3097E-02	2.0390E-01
7.7100000E+00	3.4654E-03	3.3912E-01
7.7200000E+00	2.0586E-02	4.9196E-01
7.7300000E+00	5.2676E-03	4.4237E-01
7.7400000E+00	-1.3108E-02	2.6291E-01
7.7500000E+00	-1.1820E-02	2.1359E-01
7.7600000E+00	5.8187E-03	3.6642E-01
7.7700000E+00	2.1396E-02	5.0161E-01
7.7800000E+00	2.0044E-03	4.2443E-01
7.7900000E+00	-1.4376E-02	2.4758E-01
7.8000000E+00	-1.0134E-02	2.2692E-01
7.8100000E+00	8.3068E-03	3.9338E-01
7.8200000E+00	2.1247E-02	5.0728E-01
7.8300000E+00	-9.2553E-04	4.0512E-01
7.8400000E+00	-1.5288E-02	2.3490E-01
7.8500000E+00	-8.1229E-03	2.4385E-01
7.8600000E+00	1.0792E-02	4.1938E-01
7.8700000E+00	2.0292E-02	5.0930E-01
7.8800000E+00	-3.7731E-03	3.8448E-01
7.8900000E+00	-1.5734E-02	2.2593E-01
7.9000000E+00	-5.8977E-03	2.6353E-01
7.9100000E+00	1.3283E-02	4.4401E-01
7.9200000E+00	1.8448E-02	5.0697E-01
7.9300000E+00	-6.2662E-03	3.6282E-01
7.9400000E+00	-1.5748E-02	2.2028E-01
7.9500000E+00	-3.5304E-03	2.8619E-01
7.9600000E+00	1.5551E-02	4.6599E-01
7.9700000E+00	1.5729E-02	5.0130E-01
7.9800000E+00	-8.5164E-03	3.4152E-01
7.9900000E+00	-1.5326E-02	2.1861E-01
8.0000000E+00	-1.0988E-03	3.1080E-01
8.0100000E+00	1.7667E-02	4.8564E-01
8.0200000E+00	1.2260E-02	4.9169E-01
8.0300000E+00	-1.0475E-02	3.2088E-01
8.0400000E+00	-1.4584E-02	2.2093E-01
8.0500000E+00	1.3025E-03	3.3676E-01
8.0600000E+00	1.9555E-02	5.0230E-01
8.0700000E+00	8.6492E-03	4.7905E-01
8.0800000E+00	-1.2259E-02	3.0157E-01
8.0900000E+00	-1.3566E-02	2.2693E-01
8.1000000E+00	3.7518E-03	3.6377E-01
8.1100000E+00	2.0886E-02	5.1529E-01
8.1200000E+00	5.2981E-03	4.6374E-01
8.1300000E+00	-1.3844E-02	2.8423E-01
8.1400000E+00	-1.2222E-02	2.3692E-01
8.1500000E+00	6.2908E-03	3.9108E-01
8.1600000E+00	2.1554E-02	5.2497E-01
8.1700000E+00	2.0484E-03	4.4577E-01
8.1800000E+00	-1.5129E-02	2.6891E-01
8.1900000E+00	-1.0419E-02	2.5056E-01
8.2000000E+00	8.8997E-03	4.1805E-01
8.2100000E+00	2.1249E-02	5.3030E-01
8.2200000E+00	-9.2139E-04	4.2610E-01
8.2300000E+00	-1.5952E-02	2.5693E-01
8.2400000E+00	-8.3092E-03	2.6787E-01
8.2500000E+00	1.1509E-02	4.4401E-01
8.2600000E+00	2.0076E-02	5.3194E-01
8.2700000E+00	-3.7677E-03	4.0548E-01
8.2800000E+00	-1.6396E-02	2.4791E-01
8.2900000E+00	-5.9922E-03	2.8781E-01
8.3000000E+00	1.3890E-02	4.6832E-01
8.3100000E+00	1.8168E-02	5.2930E-01
8.3200000E+00	-6.3559E-03	3.8386E-01
8.3300000E+00	-1.6308E-02	2.4294E-01
8.3400000E+00	-3.5103E-03	3.1051E-01
8.3500000E+00	1.6020E-02	4.9029E-01
8.3600000E+00	1.5407E-02	5.2334E-01
8.3700000E+00	-8.7478E-03	3.6284E-01
8.3800000E+00	-1.5870E-02	2.4128E-01
8.3900000E+00	-9.5308E-04	3.3547E-01
8.4000000E+00	1.7926E-02	5.0959E-01
8.4100000E+00	1.2048E-02	5.1366E-01
8.4200000E+00	-1.0833E-02	3.4221E-01
8.4300000E+00	-1.5039E-02	2.4391E-01
8.4400000E+00	1.5872E-03	3.6141E-01
8.4500000E+00	1.9570E-02	5.2593E-01
8.4600000E+00	8.5462E-03	5.0072E-01
8.4700000E+00	-1.2731E-02	3.2287E-01
8.4800000E+00	-1.3931E-02	2.5025E-01
8.4900000E+00	4.2733E-03	3.8876E-01
8.5000000E+00	2.0765E-02	5.3893E-01
8.5100000E+00	5.2824E-03	4.8504E-01
8.5200000E+00	-1.4325E-02	3.0556E-01
8.5300000E+00	-1.2443E-02	2.6055E-01
8.5400000E+00	6.8966E-03	4.1574E-01
8.5500000E+00	2.1207E-02	5.4793E-01
8.5600000E+00	2.1955E-03	4.6709E-01
8.5700000E+00	-1.5634E-02	2.9058E-01
8.5800000E+00	-1.0527E-02	2.7455E-01
8.5900000E+00	9.5218E-03	4.4267E-01
8.6000000E+00	2.0820E-02	5.5326E-01
8.6100000E+00	-7.3988E-04	4.4710E-01
8.6200000E+00	-1.6433E-02	2.7889E-01
8.6300000E+00	-8.3808E-03	2.9183E-01
8.6400000E+00	1.2010E-02	4.6833E-01
8.6500000E+00	1.9516E-02	5.5426E-01
8.6600000E+00	-3.5068E-03	4.2644E-01
8.6700000E+00	-1.6837E-02	2.7026E-01
8.6800000E+00	-5.8969E-03	3.1218E-01
8.6900000E+00	1.4261E-02	4.9265E-01
8.7000000E+00	1.7644E-02	5.5162E-01
8.7100000E+00	-6.1741E-03	4.0517E-01
8.7200000E+00	-1.6746E-02	2.6524E-01
8.7300000E+00	-3.3109E-03	3.3514E-01
8.7400000E+00	1.6205E-02	5.1460E-01
8.7500000E+00	1.4891E-02	5.4527E-01
8.7600000E+00	-8.6482E-03	3.8387E-01
8.7700000E+00	-1.6263E-02	2.6396E-01
8.7800000E+00	-6.1296E-04	3.5979E-01
8.7900000E+00	1.7920E-02	5.3360E-01
8.8000000E+00	1.1682E-02	5.3530E-01
8.8100000E+00	-1.0912E-02	3.6322E-01
8.8200000E+00	-1.5331E-02	2.6690E-01
8.8300000E+00	2.0954E-03	3.8608E-01
8.8400000E+00	1.9430E-02	5.4993E-01
8.8500000E+00	8.3463E-03	5.2234E-01
8.8600000E+00	-1.2855E-02	3.4424E-01
8.8700000E+00	-1.4180E-02	2.7358E-01
8.8800000E+00	4.8831E-03	4.1337E-01
8.8900000E+00	2.0386E-02	5.6224E-01
8.9000000E+00	5.1881E-03	5.0636E-01
8.9100000E+00	-1.4540E-02	3.2692E-01
8.9200000E+00	-1.2532E-02	2.8423E-01
8.9300000E+00	7.5071E-03	4.4033E-01
8.9400000E+00	2.0729E-02	5.7119E-01
8.9500000E+00	2.2746E-03	4.8805E-01
8.9600000E+00	-1.5842E-02	3.1225E-01
8.9700000E+00	-1.0589E-02	2.9821E-01
8.9800000E+00	1.0053E-02	4.6732E-01
8.9900000E+00	2.0253E-02	5.7592E-01
9.0000000E+00	-5.1381E-04	4.6844E-01
9.0100000E+00	-1.6732E-02	3.0060E-01
9.0200000E+00	-8.2365E-03	3.1590E-01
9.0300000E+00	1.2326E-02	4.9298E-01
9.0400000E+00	1.9010E-02	5.7691E-01
9.0500000E+00	-3.2242E-03	4.4745E-01
9.0600000E+00	-1.7156E-02	2.9226E-01
9.0700000E+00	-5.6688E-03	3.3650E-01
9.0800000E+00	1.4298E-02	5.1697E-01
9.0900000E+00	1.7095E-02	5.7392E-01
9.1000000E+00	-5.8582E-03	4.2616E-01
9.1100000E+00	-1.6949E-02	2.8759E-01
9.1200000E+00	-2.9485E-03	3.5945E-01
9.1300000E+00	1.6114E-02	5.3861E-01
9.1400000E+00	1.4394E-02	5.6728E-01
9.1500000E+00	-8.3420E-03	4.0485E-01
9.1600000E+00	-1.6446E-02	2.8658E-01
9.1700000E+00	-1.1693E-04	3.8444E-01
9.1800000E+00	1.7752E-02	5.5757E-01
9.1900000E+00	1.1268E-02	5.5695E-01
9.2000000E+00	-1.0641E-02	3.8452E-01
9.2100000E+00	-1.5460E-02	2.8990E-01
9.2200000E+00	2.6950E-03	4.1074E-01
9.2300000E+00	1.9184E-02	5.7356E-01
9.2400000E+00	8.0786E-03	5.4364E-01
9.2500000E+00	-1.2715E-02	3.6553E-01
9.2600000E+00	-1.4199E-02	2.9689E-01
9.2700000E+00	5.4771E-03	4.3805E-01
9.2800000E+00	2.0124E-02	5.8590E-01
9.2900000E+00	5.0428E-03	5.2768E-01
9.3000000E+00	-1.4486E-02	3.4858E-01
9.3100000E+00	-1.2472E-02	3.0789E-01
9.3200000E+00	8.0552E-03	4.6535E-01
9.3300000E+00	2.0372E-02	5.9420E-01
9.3400000E+00	2.2677E-03	5.0939E-01
9.3500000E+00	-1.5849E-02	3.3389E-01
9.3600000E+00	-1.0344E-02	3.2221E-01
9.3700000E+00	1.0331E-02	4.9198E-01
9.3800000E+00	1.9965E-02	5.9890E-01
9.3900000E+00	-4.1490E-04	4.8942E-01
9.4000000E+00	-1.6724E-02	3.2259E-01
9.4100000E+00	-7.9193E-03	3.4017E-01
9.4200000E+00	1.2407E-02	5.1762E-01
9.4300000E+00	1.8686E-02	5.9958E-01
9.4400000E+00	-3.0095E-03	4.6845E-01
9.4500000E+00	-1.7174E-02	3.1459E-01
9.4600000E+00	-5.2492E-03	3.6081E-01
9.4700000E+00	1.4277E-02	5.4128E-01
9.4800000E+00	1.6742E-02	5.9625E-01
9.4900000E+00	-5.5030E-03	4.4714E-01
9.5000000E+00	-1.7055E-02	3.0994E-01
9.5100000E+00	-2.4338E-03	3.8377E-01
9.5200000E+00	1.6037E-02	5.6290E-01
9.5300000E+00	1.4007E-02	5.8929E-01
9.5400000E+00	-7.9434E-03	4.2583E-01
9.5500000E+00	-1.6501E-02	3.0956E-01
9.5600000E+00	4.8354E-04	4.0907E-01
9.5700000E+00	1.7608E-02	5.8159E-01
9.5800000E+00	1.1042E-02	5.7899E-01
9.5900000E+00	-1.0289E-02	4.0548E-01
9.6000000E+00	-1.5521E-02	3.1293E-01
9.6100000E+00	3.2865E-03	4.3538E-01
9.6200000E+00	1.9058E-02	5.9723E-01
9.6300000E+00	7.8545E-03	5.6530E-01
9.6400000E+00	-1.2426E-02	3.8654E-01
9.6500000E+00	-1.4160E-02	3.2026E-01
9.6600000E+00	5.9871E-03	4.6266E-01
9.6700000E+00	2.0010E-02	6.0921E-01
9.6800000E+00	4.8646E-03	5.4905E-01
9.6900000E+00	-1.4224E-02	3.6988E-01
9.7000000E+00	-1.2332E-02	3.3121E-01
9.7100000E+00	8.3328E-03	4.8999E-01
9.7200000E+00	2.0293E-02	6.1724E-01
9.7300000E+00	2.1133E-03	5.3073E-01
9.7400000E+00	-1.5668E-02	3.5557E-01
9.7500000E+00	-1.0070E-02	3.4619E-01
9.7600000E+00	1.0417E-02	5.1665E-01
9.7700000E+00	1.9865E-02	6.2157E-01
9.7800000E+00	-4.8779E-04	5.1041E-01
9.7900000E+00	-1.6611E-02	3.4458E-01
9.8000000E+00	-7.5140E-03	3.6418E-01
9.8100000E+00	1.2374E-02	5.4192E-01
9.8200000E+00	1.8597E-02	6.2189E-01
9.8300000E+00	-2.9543E-03	4.8948E-01
9.8400000E+00	-1.7081E-02	3.3660E-01
9.8500000E+00	-4.6888E-03	3.8514E-01
9.8600000E+00	1.4213E-02	5.6556E-01
9.8700000E+00	1.6662E-02	6.1860E-01
9.8800000E+00	-5.3274E-03	4.6814E-01
9.8900000E+00	-1.7011E-02	3.3257E-01
9.9000000E+00	-1.8576E-03	4.0845E-01
9.9100000E+00	1.6023E-02	5.8691E-01
9.9200000E+00	1.3856E-02	6.1129E-01
9.9300000E+00	-7.6443E-03	4.4684E-01
9.9400000E+00	-1.6461E-02	3.3224E-01
9.9500000E+00	1.0794E-03	4.3373E-01
9.9600000E+00	1.7688E-02	6.0557E-01
9.9700000E+00	1.0824E-02	6.0064E-01
9.9800000E+00	-9.9202E-03	4.2649E-01
9.9900000E+00	-1.5429E-02	3.3594E-01
1.0000000E+01	3.7644E-03	4.6005E-01
1.0010000E+01	1.9198E-02	6.2090E-01
1.0020000E+01	7.6651E-03	5.8662E-01
1.0030000E+01	-1.2055E-02	4.0787E-01
1.0040000E+01	-1.3977E-02	3.4357E-01
1.0050000E+01	6.2733E-03	4.8736E-01
1.0060000E+01	2.0263E-02	6.3254E-01
1.0070000E+01	4.6760E-03	5.7035E-01
1.0080000E+01	-1.3878E-02	3.9123E-01
1.0090000E+01	-1.2102E-02	3.5488E-01
1.0100000E+01	8.4405E-03	5.1466E-01
1.0110000E+01	2.0694E-02	6.4056E-01
1.0120000E+01	1.9192E-03	5.5173E-01
1.0130000E+01	-1.5369E-02	3.7722E-01
1.0140000E+01	-9.6760E-03	3.6982E-01
1.0150000E+01	1.0475E-02	5.4130E-01
1.0160000E+01	2.0213E-02	6.4456E-01
1.0170000E+01	-6.2864E-04	5.3175E-01
1.0180000E+01	-1.6393E-02	3.6627E-01
1.0190000E+01	-6.9789E-03	3.8812E-01
1.0200000E+01	1.2415E-02	5.6659E-01
1.0210000E+01	1.8943E-02	6.4457E-01
1.0220000E+01	-3.0452E-03	5.1043E-01
1.0230000E+01	-1.6877E-02	3.5890E-01
1.0240000E+01	-4.0845E-03	4.0947E-01
1.0250000E+01	1.4255E-02	5.8959E-01
1.0260000E+01	1.6511E-02	6.3892E-01
1.0270000E+01	-5.5155E-03	4.8614E-01
1.0280000E+01	-1.7156E-02	3.5089E-01
1.0290000E+01	-1.5408E-03	4.2775E-01
1.0300000E+01	1.5612E-02	6.0460E-01
1.0310000E+01	1.3150E-02	6.2563E-01
1.0320000E+01	-7.8987E-03	4.5916E-01
1.0330000E+01	-1.6838E-02	3.4493E-01
1.0340000E+01	1.0330E-03	4.4706E-01
1.0350000E+01	1.6959E-02	6.1723E-01
1.0360000E+01	9.7723E-03	6.0865E-01
1.0370000E+01	-1.0268E-02	4.3317E-01
1.0380000E+01	-1.5867E-02	3.4323E-01
1.0390000E+01	3.4799E-03	4.6768E-01
1.0400000E+01	1.7860E-02	6.2621E-01
1.0410000E+01	6.6355E-03	5.8898E-01
1.0420000E+01	-1.2482E-02	4.0883E-01
1.0430000E+01	-1.4438E-02	3.4524E-01
1.0440000E+01	5.7816E-03	4.8900E-01
1.0450000E+01	1.8304E-02	6.3189E-01
1.0460000E+01	3.7182E-03	5.6636E-01
1.0470000E+01	-1.4390E-02	3.8655E-01
1.0480000E+01	-1.2498E-02	3.5122E-01
1.0490000E+01	7.8799E-03	5.1066E-01
1.0500000E+01	1.8063E-02	6.3354E-01
1.0510000E+01	1.0664E-03	5.4173E-01
1.0520000E+01	-1.5930E-02	3.6690E-01
1.0530000E+01	-1.0179E-02	3.6052E-01
1.0540000E+01	9.7417E-03	5.3133E-01
1.0550000E+01	1.7176E-02	6.3157E-01
1.0560000E+01	-1.3954E-03	5.1578E-01
1.0570000E+01	-1.6981E-02	3.5023E-01
1.0580000E+01	-7.5397E-03	3.7317E-01
1.0590000E+01	1.1478E-02	5.5063E-01
1.0600000E+01	1.5717E-02	6.2526E-01
1.0610000E+01	-3.7480E-03	4.8879E-01
1.0620000E+01	-1.7505E-02	3.3692E-01
1.0630000E+01	-4.8642E-03	3.8847E-01
1.0640000E+01	1.3035E-02	5.6794E-01
1.0650000E+01	1.3695E-02	6.1530E-01
1.0660000E+01	-6.1067E-03	4.6145E-01
1.0670000E+01	-1.7452E-02	3.2760E-01
1.0680000E+01	-2.1110E-03	4.0642E-01
1.0690000E+01	1.4398E-02	5.8330E-01
1.0700000E+01	1.1136E-02	6.0161E-01
1.0710000E+01	-8.4507E-03	4.3451E-01
1.0720000E+01	-1.6838E-02	3.2225E-01
1.0730000E+01	5.6077E-04	4.2606E-01
1.0740000E+01	1.5481E-02	5.9522E-01
1.0750000E+01	8.4646E-03	5.8464E-01
1.0760000E+01	-1.0807E-02	4.0855E-01
1.0770000E+01	-1.5799E-02	3.2061E-01
1.0780000E+01	3.1239E-03	4.4674E-01
1.0790000E+01	1.6312E-02	6.0423E-01
1.0800000E+01	5.7434E-03	5.6466E-01
1.0810000E+01	-1.2909E-02	3.8426E-01
1.0820000E+01	-1.4334E-02	3.2288E-01
1.0830000E+01	5.4989E-03	4.6803E-01
1.0840000E+01	1.6618E-02	6.0959E-01
1.0850000E+01	3.1478E-03	5.4204E-01
1.0860000E+01	-1.4702E-02	3.6224E-01
1.0870000E+01	-1.2419E-02	3.2890E-01
1.0880000E+01	7.6160E-03	4.8932E-01
1.0890000E+01	1.6366E-02	6.1090E-01
1.0900000E+01	7.0417E-04	5.1742E-01
1.0910000E+01	-1.6041E-02	3.4293E-01
1.0920000E+01	-1.0171E-02	3.3851E-01
1.0930000E+01	9.5057E-03	5.0996E-01
1.0940000E+01	1.5582E-02	6.0856E-01
1.0950000E+01	-1.7168E-03	4.9113E-01
1.0960000E+01	-1.6931E-02	3.2660E-01
1.0970000E+01	-7.6391E-03	3.5151E-01
1.0980000E+01	1.1176E-02	5.2931E-01
1.0990000E+01	1.4367E-02	6.0224E-01
1.1000000E+01	-4.1410E-03	4.6413E-01
1.1010000E+01	-1.7352E-02	3.1359E-01
1.1020000E+01	-5.0409E-03	3.6719E-01
1.1030000E+01	1.2659E-02	5.4658E-01
1.1040000E+01	1.2552E-02	5.9195E-01
1.1050000E+01	-6.5556E-03	4.3684E-01
1.1060000E+01	-1.7233E-02	3.0460E-01
1.1070000E+01	-2.3231E-03	3.8513E-01
1.1080000E+01	1.3922E-02	5.6162E-01
1.1090000E+01	1.0268E-02	5.7799E-01
1.1100000E+01	-8.9612E-03	4.0982E-01
1.1110000E+01	-1.6600E-02	2.9926E-01
1.1120000E+01	2.8100E-04	4.0478E-01
1.1130000E+01	1.4929E-02	5.7359E-01
1.1140000E+01	7.7769E-03	5.6066E-01
1.1150000E+01	-1.1188E-02	3.8420E-01
1.1160000E+01	-1.5570E-02	2.9790E-01
1.1170000E+01	2.8908E-03	4.2572E-01
1.1180000E+01	1.5557E-02	5.8224E-01
1.1190000E+01	5.2426E-03	5.4032E-01
1.1200000E+01	-1.3187E-02	3.5990E-01
1.1210000E+01	-1.4147E-02	3.0059E-01
1.1220000E+01	5.2528E-03	4.4702E-01
1.1230000E+01	1.5819E-02	5.8720E-01
1.1240000E+01	2.6945E-03	5.1739E-01
1.1250000E+01	-1.4868E-02	3.3792E-01
1.1260000E+01	-1.2223E-02	3.0689E-01
1.1270000E+01	7.3677E-03	4.6835E-01
1.1280000E+01	1.5496E-02	5.8825E-01
1.1290000E+01	3.0230E-04	4.9275E-01
1.1300000E+01	-1.6056E-02	3.1894E-01
1.1310000E+01	-9.9559E-03	3.1691E-01
1.1320000E+01	9.3476E-03	4.8894E-01
1.1330000E+01	1.4763E-02	5.8559E-01
1.1340000E+01	-2.1265E-03	4.6645E-01
1.1350000E+01	-1.6873E-02	3.0261E-01
1.1360000E+01	-7.5108E-03	3.3019E-01
1.1370000E+01	1.1048E-02	5.0794E-01
1.1380000E+01	1.3569E-02	5.7894E-01
1.1390000E+01	-4.5799E-03	4.3949E-01
1.1400000E+01	-1.7119E-02	2.9029E-01
1.1410000E+01	-5.0464E-03	3.4584E-01
1.1420000E+01	1.2468E-02	5.2528E-01
1.1430000E+01	1.1858E-02	5.6827E-01
1.1440000E+01	-7.0950E-03	4.1218E-01
1.1450000E+01	-1.7020E-02	2.8127E-01
1.1460000E+01	-2.3930E-03	3.6414E-01
1.1470000E+01	1.3670E-02	5.3992E-01
1.1480000E+01	9.6994E-03	5.5398E-01
1.1490000E+01	-9.4562E-03	3.8521E-01
1.1500000E+01	-1.6355E-02	2.7624E-01
1.1510000E+01	1.4503E-04	3.8376E-01
1.1520000E+01	1.4642E-02	5.5162E-01
1.1530000E+01	7.3673E-03	5.3666E-01
1.1540000E+01	-1.1515E-02	3.5956E-01
1.1550000E+01	-1.5309E-02	2.7525E-01
1.1560000E+01	2.6738E-03	4.0473E-01
1.1570000E+01	1.5257E-02	5.5988E-01
1.1580000E+01	4.8758E-03	5.1601E-01
1.1590000E+01	-1.3369E-02	3.3558E-01
1.1600000E+01	-1.3860E-02	2.7821E-01
1.1610000E+01	5.0678E-03	4.2603E-01
1.1620000E+01	1.5375E-02	5.6458E-01
1.1630000E+01	2.3967E-03	4.9308E-01
1.1640000E+01	-1.4838E-02	3.1392E-01
1.1650000E+01	-1.1958E-02	2.8487E-01
1.1660000E+01	7.2398E-03	4.4737E-01
1.1670000E+01	1.5124E-02	5.6558E-01
1.1680000E+01	-6.4192E-05	4.6812E-01
1.1690000E+01	-1.5939E-02	2.9495E-01
1.1700000E+01	-9.7573E-03	2.9523E-01
1.1710000E+01	9.2467E-03	4.6767E-01
1.1720000E+01	1.4319E-02	5.6258E-01
1.1730000E+01	-2.5616E-03	4.4177E-01
1.1740000E+01	-1.6706E-02	2.7892E-01
1.1750000E+01	-7.3547E-03	3.0852E-01
1.1760000E+01	1.0949E-02	4.8665E-01
1.1770000E+01	1.3223E-02	5.5559E-01
1.1780000E+01	-5.0823E-03	4.1480E-01
1.1790000E+01	-1.6925E-02	2.6662E-01
1.1800000E+01	-4.8995E-03	3.2451E-01
1.1810000E+01	1.2458E-02	5.0364E-01
1.1820000E+01	1.1482E-02	5.4464E-01
1.1830000E+01	-7.4966E-03	3.8751E-01
1.1840000E+01	-1.6709E-02	2.5831E-01
1.1850000E+01	-2.3559E-03	3.4281E-01
1.1860000E+01	1.3637E-02	5.1825E-01
1.1870000E+01	9.4113E-03	5.3032E-01
1.1880000E+01	-9.7566E-03	3.6054E-01
1.1890000E+01	-1.6092E-02	2.5360E-01
1.1900000E+01	6.6076E-05	3.6277E-01
1.1910000E+01	1.4566E-02	5.2959E-01
1.1920000E+01	7.0282E-03	5.1266E-01
1.1930000E+01	-1.1720E-02	3.3524E-01
1.1940000E+01	-1.5050E-02	2.5293E-01
1.1950000E+01	2.4733E-03	3.8375E-01
1.1960000E+01	1.5100E-02	5.3792E-01
1.1970000E+01	4.5376E-03	4.9167E-01
1.1980000E+01	-1.3432E-02	3.1122E-01
1.1990000E+01	-1.3644E-02	2.5592E-01
1.2000000E+01	4.8410E-03	4.0504E-01
1.2010000E+01	1.5249E-02	5.4226E-01
1.2020000E+01	2.0305E-03	4.6872E-01
1.2030000E+01	-1.4772E-02	2.8961E-01
1.2040000E+01	-1.1719E-02	2.6290E-01
1.2050000E+01	7.0427E-03	4.2635E-01
1.2060000E+01	1.4935E-02	5.4293E-01
1.2070000E+01	-4.9755E-04	4.4344E-01
1.2080000E+01	-1.5823E-02	2.7095E-01
1.2090000E+01	-9.5002E-03	2.7356E-01
1.2100000E+01	9.0877E-03	4.4668E-01
1.2110000E+01	1.4154E-02	5.3961E-01
1.2120000E+01	-3.0723E-03	4.1715E-01
1.2130000E+01	-1.6506E-02	2.5527E-01
1.2140000E+01	-7.1391E-03	2.8686E-01
1.2150000E+01	1.0898E-02	4.6566E-01
1.2160000E+01	1.3000E-02	5.3229E-01
1.2170000E+01	-5.5599E-03	3.8983E-01
1.2180000E+01	-1.6652E-02	2.4330E-01
1.2190000E+01	-4.6796E-03	3.0317E-01
1.2200000E+01	1.2413E-02	4.8228E-01
1.2210000E+01	1.1310E-02	5.2129E-01
1.2220000E+01	-7.8358E-03	3.6286E-01
1.2230000E+01	-1.6500E-02	2.3496E-01
1.2240000E+01	-2.2205E-03	3.2150E-01
1.2250000E+01	1.3607E-02	4.9662E-01
1.2260000E+01	9.1403E-03	5.0631E-01
1.2270000E+01	-9.9112E-03	3.3619E-01
1.2280000E+01	-1.5834E-02	2.3063E-01
1.2290000E+01	1.3763E-04	3.4183E-01
1.2300000E+01	1.4524E-02	5.0792E-01
1.2310000E+01	6.6728E-03	4.8836E-01
1.2320000E+01	-1.1780E-02	3.1056E-01
1.2330000E+01	-1.4810E-02	2.3029E-01
1.2340000E+01	2.4862E-03	3.6278E-01
1.2350000E+01	1.5089E-02	5.1561E-01
1.2360000E+01	4.1605E-03	4.6737E-01
1.2370000E+01	-1.3357E-02	2.8692E-01
1.2380000E+01	-1.3326E-02	2.3393E-01
1.2390000E+01	4.7128E-03	3.8407E-01
1.2400000E+01	1.5191E-02	5.1992E-01
1.2410000E+01	1.5843E-03	4.4411E-01
1.2420000E+01	-1.4666E-02	2.6562E-01
1.2430000E+01	-1.1437E-02	2.4091E-01
1.2440000E+01	6.8676E-03	4.0537E-01
1.2450000E+01	1.4869E-02	5.2026E-01
1.2460000E+01	-9.3938E-04	4.1910E-01
1.2470000E+01	-1.5657E-02	2.4695E-01
1.2480000E+01	-9.2539E-03	2.5154E-01
1.2490000E+01	8.8709E-03	4.2535E-01
1.2500000E+01	1.4100E-02	5.1662E-01
1.2510000E+01	-3.4818E-03	3.9247E-01
1.2520000E+01	-1.6272E-02	2.3163E-01
1.2530000E+01	-6.8498E-03	2.6554E-01
1.2540000E+01	1.0739E-02	4.4431E-01
1.2550000E+01	1.2879E-02	5.0896E-01
1.2560000E+01	-5.8681E-03	3.6519E-01
1.2570000E+01	-1.6440E-02	2.1996E-01
1.2580000E+01	-4.4127E-03	2.8184E-01
1.2590000E+01	1.2310E-02	4.6096E-01
1.2600000E+01	1.1091E-02	4.9766E-01
1.2610000E+01	-8.0244E-03	3.3819E-01
1.2620000E+01	-1.6238E-02	2.1198E-01
1.2630000E+01	-2.0141E-03	3.0050E-01
1.2640000E+01	1.3533E-02	4.7490E-01
1.2650000E+01	8.9312E-03	4.8268E-01
1.2660000E+01	-9.9739E-03	3.1160E-01
1.2670000E+01	-1.5596E-02	2.0796E-01
1.2680000E+01	2.5278E-04	3.2049E-01
1.2690000E+01	1.4480E-02	4.8594E-01
1.2700000E+01	6.3402E-03	4.6436E-01
1.2710000E+01	-1.1706E-02	2.8626E-01
1.2720000E+01	-1.4559E-02	2.0797E-01
1.2730000E+01	2.4817E-03	3.4178E-01
1.2740000E+01	1.4958E-02	4.9361E-01
1.2750000E+01	3.7507E-03	4.4306E-01
1.2760000E+01	-1.3263E-02	2.6259E-01
1.2770000E+01	-1.3069E-02	2.1160E-01
1.2780000E+01	4.6668E-03	3.6305E-01
1.2790000E+01	1.5128E-02	4.9727E-01
1.2800000E+01	1.1816E-03	4.1974E-01
1.2810000E+01	-1.4505E-02	2.4127E-01
1.2820000E+01	-1.1128E-02	2.1926E-01
1.2830000E+01	6.6738E-03	3.8405E-01
1.2840000E+01	1.4725E-02	4.9729E-01
1.2850000E+01	-1.3837E-03	3.9446E-01
1.2860000E+01	-1.5463E-02	2.2296E-01
1.2870000E+01	-8.9539E-03	2.2992E-01
1.2880000E+01	8.7035E-03	4.0437E-01
1.2890000E+01	1.3966E-02	4.9331E-01
1.2900000E+01	-3.7536E-03	3.6783E-01
1.2910000E+01	-1.6023E-02	2.0798E-01
1.2920000E+01	-6.5947E-03	2.4386E-01
1.2930000E+01	1.0517E-02	4.2299E-01
1.2940000E+01	1.2718E-02	4.8562E-01
1.2950000E+01	-6.0208E-03	3.4053E-01
1.2960000E+01	-1.6211E-02	1.9666E-01
1.2970000E+01	-4.2010E-03	2.6053E-01
1.2980000E+01	1.2119E-02	4.3935E-01
1.2990000E+01	1.0878E-02	4.7403E-01
1.3000000E+01	-8.0631E-03	3.1354E-01
1.3010000E+01	-1.5975E-02	1.8896E-01
1.3020000E+01	-1.7834E-03	2.7914E-01
1.3030000E+01	1.3383E-02	4.5328E-01
1.3040000E+01	8.5794E-03	4.5869E-01
1.3050000E+01	-9.8872E-03	2.8688E-01
1.3060000E+01	-1.5308E-02	1.8493E-01
1.3070000E+01	4.9376E-04	2.9946E-01
1.3080000E+01	1.4356E-02	4.6396E-01
1.3090000E+01	5.9695E-03	4.4005E-01
1.3100000E+01	-1.1579E-02	2.6160E-01
1.3110000E+01	-1.4266E-02	1.8527E-01
1.3120000E+01	2.6526E-03	3.2078E-01
1.3130000E+01	1.4912E-02	4.7129E-01
1.3140000E+01	3.3828E-03	4.1875E-01
1.3150000E+01	-1.3059E-02	2.3828E-01
1.3160000E+01	-1.2767E-02	1.8927E-01
1.3170000E+01	4.6933E-03	3.4211E-01
1.3180000E+01	1.4943E-02	4.7492E-01
1.3190000E+01	8.1406E-04	3.9510E-01
1.3200000E+01	-1.4252E-02	2.1727E-01
1.3210000E+01	-1.0844E-02	1.9727E-01
1.3220000E+01	6.7187E-03	3.6307E-01
1.3230000E+01	1.4564E-02	4.7462E-01
1.3240000E+01	-1.6320E-03	3.6980E-01
1.3250000E+01	-1.5178E-02	1.9931E-01
1.3260000E+01	-8.6384E-03	2.0824E-01
1.3270000E+01	8.6081E-03	3.8307E-01
1.3280000E+01	1.3732E-02	4.7030E-01
1.3290000E+01	-3.9082E-03	3.4315E-01
1.3300000E+01	-1.5791E-02	1.8435E-01
1.3310000E+01	-6.2693E-03	2.2254E-01
1.3320000E+01	1.0364E-02	4.0166E-01
1.3330000E+01	1.2446E-02	4.6230E-01
1.3340000E+01	-6.0130E-03	3.1588E-01
1.3350000E+01	-1.5965E-02	1.7332E-01
1.3360000E+01	-3.8928E-03	2.3919E-01
1.3370000E+01	1.1890E-02	4.1800E-01
1.3380000E+01	1.0532E-02	4.5033E-01
1.3390000E+01	-7.9314E-03	2.8887E-01
1.3400000E+01	-1.5702E-02	1.6564E-01
1.3410000E+01	-1.5319E-03	2.5818E-01
1.3420000E+01	1.3164E-02	4.3165E-01
1.3430000E+01	8.1835E-03	4.3470E-01
1.3440000E+01	-9.7003E-03	2.6223E-01
1.3450000E+01	-1.5011E-02	1.6231E-01
1.3460000E+01	7.2104E-04	2.7845E-01
1.3470000E+01	1.4065E-02	4.4199E-01
1.3480000E+01	5.6360E-03	4.1608E-01
1.3490000E+01	-1.1342E-02	2.3727E-01
1.3500000E+01	-1.3932E-02	1.6295E-01
1.3510000E+01	2.8742E-03	2.9978E-01
1.3520000E+01	1.4606E-02	4.4895E-01
1.3530000E+01	3.0663E-03	3.9442E-01
1.3540000E+01	-1.2783E-02	2.1393E-01
1.3550000E+01	-1.2424E-02	1.6727E-01
1.3560000E+01	4.9219E-03	3.2108E-01
1.3570000E+01	1.4665E-02	4.5229E-01
1.3580000E+01	6.1711E-04	3.7078E-01
1.3590000E+01	-1.4010E-02	1.9329E-01
1.3600000E+01	-1.0580E-02	1.7526E-01
1.3610000E+01	6.8368E-03	3.4209E-01
1.3620000E+01	1.4197E-02	4.5159E-01
1.3630000E+01	-1.7453E-03	3.4517E-01
1.3640000E+01	-1.4961E-02	1.7529E-01
1.3650000E+01	-8.3361E-03	1.8657E-01
1.3660000E+01	8.6221E-03	3.6204E-01
1.3670000E+01	1.3386E-02	4.4733E-01
1.3680000E+01	-3.8767E-03	3.1850E-01
1.3690000E+01	-1.5562E-02	1.6067E-01
1.3700000E+01	-5.9363E-03	2.0123E-01
1.3710000E+01	1.0275E-02	3.8036E-01
1.3720000E+01	1.2017E-02	4.3867E-01
1.3730000E+01	-5.9148E-03	2.9118E-01
1.3740000E+01	-1.5670E-02	1.4999E-01
1.3750000E+01	-3.5759E-03	2.1820E-01
1.3760000E+01	1.1672E-02	3.9636E-01
1.3770000E+01	1.0072E-02	4.2667E-01
1.3780000E+01	-7.7726E-03	2.6422E-01
1.3790000E+01	-1.5445E-02	1.4262E-01
1.3800000E+01	-1.2729E-03	2.3682E-01
1.3810000E+01	1.2882E-02	4.0967E-01
1.3820000E+01	7.7803E-03	4.1071E-01
1.3830000E+01	-9.5545E-03	2.3756E-01
1.3840000E+01	-1.4765E-02	1.3964E-01
1.3850000E+01	9.3136E-04	2.5747E-01
1.3860000E+01	1.3762E-02	4.1998E-01
1.3870000E+01	5.2965E-03	3.9177E-01
1.3880000E+01	-1.1182E-02	2.1259E-01
1.3890000E+01	-1.3665E-02	1.4029E-01
1.3900000E+01	3.0613E-03	2.7846E-01
1.3910000E+01	1.4291E-02	4.2696E-01
1.3920000E+01	2.8643E-03	3.7007E-01
1.3930000E+01	-1.2616E-02	1.8964E-01
1.3940000E+01	-1.2162E-02	1.4497E-01
1.3950000E+01	5.0867E-03	3.0011E-01
1.3960000E+01	1.4321E-02	4.2997E-01
1.3970000E+01	4.7483E-04	3.4613E-01
1.3980000E+01	-1.3868E-02	1.6895E-01
1.3990000E+01	-1.0215E-02	1.5324E-01
1.4000000E+01	6.9677E-03	3.2107E-01
1.4010000E+01	1.3806E-02	4.2896E-01
1.4020000E+01	-1.7227E-03	3.2050E-01
1.4030000E+01	-1.4773E-02	1.5130E-01
1.4040000E+01	-8.0150E-03	1.6489E-01
1.4050000E+01	8.6792E-03	3.4068E-01
1.4060000E+01	1.2911E-02	4.2399E-01
1.4070000E+01	-3.8011E-03	2.9387E-01
1.4080000E+01	-1.5328E-02	1.3729E-01
1.4090000E+01	-5.7050E-03	1.7954E-01
1.4100000E+01	1.0216E-02	3.5903E-01
1.4110000E+01	1.1512E-02	4.1534E-01
1.4120000E+01	-5.7818E-03	2.6654E-01
1.4130000E+01	-1.5486E-02	1.2665E-01
1.4140000E+01	-3.3573E-03	1.9686E-01
1.4150000E+01	1.1557E-02	3.7504E-01
1.4160000E+01	9.5407E-03	4.0271E-01
1.4170000E+01	-7.6381E-03	2.3958E-01
1.4180000E+01	-1.5231E-02	1.1965E-01
1.4190000E+01	-1.0341E-03	2.1584E-01
1.4200000E+01	1.2634E-02	3.8801E-01
1.4210000E+01	7.3798E-03	3.8673E-01
1.4220000E+01	-9.3719E-03	2.1326E-01
1.4230000E+01	-1.4503E-02	1.1698E-01
1.4240000E+01	1.1735E-03	2.3648E-01
1.4250000E+01	1.3457E-02	3.9803E-01
1.4260000E+01	5.0485E-03	3.6776E-01
1.4270000E+01	-1.1031E-02	1.8827E-01
1.4280000E+01	-1.3382E-02	1.1794E-01
1.4290000E+01	3.2564E-03	2.5748E-01
1.4300000E+01	1.3898E-02	4.0466E-01
1.4310000E+01	2.7077E-03	3.4577E-01
1.4320000E+01	-1.2475E-02	1.6530E-01
1.4330000E+01	-1.1831E-02	1.2296E-01
1.4340000E+01	5.2581E-03	2.7910E-01
1.4350000E+01	1.3849E-02	4.0735E-01
1.4360000E+01	4.5542E-04	3.2178E-01
1.4370000E+01	-1.3708E-02	1.4498E-01
1.4380000E+01	-9.9237E-03	1.3161E-01
1.4390000E+01	7.0877E-03	2.9974E-01
1.4400000E+01	1.3292E-02	4.0601E-01
1.4410000E+01	-1.6944E-03	2.9583E-01
1.4420000E+01	-1.4602E-02	1.2766E-01
1.4430000E+01	-7.7889E-03	1.4323E-01
1.4440000E+01	8.8186E-03	3.1974E-01
1.4450000E+01	1.2398E-02	4.0100E-01
1.4460000E+01	-3.7549E-03	2.6920E-01
1.4470000E+01	-1.5199E-02	1.1365E-01
1.4480000E+01	-5.4480E-03	1.5825E-01
1.4490000E+01	1.0243E-02	3.3772E-01
1.4500000E+01	1.1037E-02	3.9205E-01
1.4510000E+01	-5.7507E-03	2.4191E-01
1.4520000E+01	-1.5312E-02	1.0331E-01
1.4530000E+01	-3.1423E-03	1.7553E-01
1.4540000E+01	1.1526E-02	3.5337E-01
1.4550000E+01	9.1788E-03	3.7904E-01
1.4560000E+01	-7.5845E-03	2.1491E-01
1.4570000E+01	-1.5025E-02	9.6649E-02
1.4580000E+01	-8.5699E-04	1.9485E-01
1.4590000E+01	1.2533E-02	3.6639E-01
1.4600000E+01	7.0448E-03	3.6273E-01
1.4610000E+01	-9.3717E-03	1.8859E-01
1.4620000E+01	-1.4307E-02	9.4332E-02
1.4630000E+01	1.3317E-03	2.1514E-01
1.4640000E+01	1.3211E-02	3.7602E-01
1.4650000E+01	4.8483E-03	3.4346E-01
1.4660000E+01	-1.1001E-02	1.6393E-01
1.4670000E+01	-1.3268E-02	9.5619E-02
1.4680000E+01	3.3921E-03	2.3648E-01
1.4690000E+01	1.3538E-02	3.8235E-01
1.4700000E+01	2.6001E-03	3.2145E-01
1.4710000E+01	-1.2473E-02	1.4096E-01
1.4720000E+01	-1.1654E-02	1.0095E-01
1.4730000E+01	5.3823E-03	2.5814E-01
1.4740000E+01	1.3374E-02	3.8470E-01
1.4750000E+01	4.7822E-04	2.9716E-01
1.4760000E+01	-1.3639E-02	1.2098E-01
1.4770000E+01	-9.7565E-03	1.0961E-01
1.4780000E+01	7.2277E-03	2.7875E-01
1.4790000E+01	1.2945E-02	3.8336E-01
1.4800000E+01	-1.7362E-03	2.7117E-01
1.4810000E+01	-1.4571E-02	1.0364E-01
1.4820000E+01	-7.5438E-03	1.2195E-01
1.4830000E+01	8.8761E-03	2.9839E-01
1.4840000E+01	1.1960E-02	3.7772E-01
1.4850000E+01	-3.8290E-03	2.4454E-01
1.4860000E+01	-1.5106E-02	9.0000E-02
1.4870000E+01	-5.2305E-03	1.3694E-01
1.4880000E+01	1.0294E-02	3.1639E-01
1.4890000E+01	1.0549E-02	3.6840E-01
1.4900000E+01	-5.7173E-03	2.1724E-01
1.4910000E+01	-1.5248E-02	7.9990E-02
1.4920000E+01	-3.0109E-03	1.5421E-01
1.4930000E+01	1.1503E-02	3.3171E-01
1.4940000E+01	8.8469E-03	3.5538E-01
1.4950000E+01	-7.6683E-03	1.9023E-01
1.4960000E+01	-1.4952E-02	7.3655E-02
1.4970000E+01	-6.9074E-04	1.7355E-01
1.4980000E+01	1.2462E-02	3.4474E-01
1.4990000E+01	6.8355E-03	3.3877E-01
1.5000000E+01	-9.4199E-03	1.6391E-01
1.5010000E+01	-1.4177E-02	7.1659E-02
1.5020000E+01	1.4913E-03	1.9419E-01
1.5030000E+01	1.3085E-02	3.5405E-01
1.5040000E+01	4.7632E-03	3.1946E-01
1.5050000E+01	-1.1064E-02	1.3931E-01
1.5060000E+01	-1.3046E-02	7.3329E-02
1.5070000E+01	3.5910E-03	2.1548E-01
1.5080000E+01	1.3351E-02	3.6002E-01
1.5090000E+01	2.5212E-03	2.9713E-01
1.5100000E+01	-1.2455E-02	1.1699E-01
1.5110000E+01	-1.1522E-02	7.8620E-02
1.5120000E+01	5.5483E-03	2.3680E-01
1.5130000E+01	1.3141E-02	3.6204E-01
1.5140000E+01	3.5082E-04	2.7249E-01
1.5150000E+01	-1.3652E-02	9.6954E-02
1.5160000E+01	-9.5472E-03	8.7954E-02
1.5170000E+01	7.3587E-03	2.5774E-01
1.5180000E+01	1.2559E-02	3.6035E-01
1.5190000E+01	-1.8284E-03	2.4650E-01
1.5200000E+01	-1.4538E-02	7.9976E-02
1.5210000E+01	-7.4142E-03	1.0026E-01
1.5220000E+01	8.9702E-03	2.7710E-01
1.5230000E+01	1.1675E-02	3.5471E-01
1.5240000E+01	-3.8481E-03	2.1957E-01
1.5250000E+01	-1.5049E-02	6.6617E-02
1.5260000E+01	-5.0879E-03	1.1556E-01
1.5270000E+01	1.0397E-02	2.9506E-01
1.5280000E+01	1.0354E-02	3.4506E-01
1.5290000E+01	-5.8586E-03	1.9258E-01
1.5300000E+01	-1.5145E-02	5.6666E-02
1.5310000E+01	-2.7772E-03	1.3290E-01
1.5320000E+01	1.1604E-02	3.1038E-01
1.5330000E+01	8.6014E-03	3.3173E-01
1.5340000E+01	-7.7091E-03	1.6558E-01
1.5350000E+01	-1.4833E-02	5.0981E-02
1.5360000E+01	-5.5832E-04	1.5254E-01
1.5370000E+01	1.2436E-02	3.2271E-01
1.5380000E+01	6.6383E-03	3.1476E-01
1.5390000E+01	-9.4805E-03	1.3929E-01
1.5400000E+01	-1.4071E-02	4.9001E-02
1.5410000E+01	1.6279E-03	1.7321E-01
1.5420000E+01	1.3029E-02	3.3206E-01
1.5430000E+01	4.5275E-03	2.9511E-01
1.5440000E+01	-1.1100E-02	1.1495E-01
1.5450000E+01	-1.2945E-02	5.0994E-02
1.5460000E+01	3.7064E-03	1.9446E-01
1.5470000E+01	1.3178E-02	3.3771E-01
1.5480000E+01	2.3618E-03	2.7248E-01
1.5490000E+01	-1.2527E-02	9.2629E-02
1.5500000E+01	-1.1302E-02	5.6631E-02
1.5510000E+01	5.6643E-03	2.1584E-01
1.5520000E+01	1.3004E-02	3.3939E-01
1.5530000E+01	2.2313E-04	2.4818E-01
1.5540000E+01	-1.3668E-02	7.2971E-02
1.5550000E+01	-9.4297E-03	6.5941E-02
1.5560000E+01	7.4632E-03	2.3645E-01
1.5570000E+01	1.2390E-02	3.3739E-01
1.5580000E+01	-1.8757E-03	2.2185E-01
1.5590000E+01	-1.4529E-02	5.6324E-02
1.5600000E+01	-7.1961E-03	7.8605E-02
1.5610000E+01	9.0863E-03	2.5610E-01
1.5620000E+01	1.1474E-02	3.3143E-01
1.5630000E+01	-3.9797E-03	1.9490E-01
1.5640000E+01	-1.5012E-02	4.3008E-02
1.5650000E+01	-4.9820E-03	9.3901E-02
1.5660000E+01	1.0510E-02	2.7344E-01
1.5670000E+01	1.0146E-02	3.2142E-01
1.5680000E+01	-5.9033E-03	1.6759E-01
1.5690000E+01	-1.5120E-02	3.3682E-02
1.5700000E+01	-2.6638E-03	1.1189E-01
1.5710000E+01	1.1657E-02	2.8874E-01
1.5720000E+01	8.4142E-03	3.0778E-01
1.5730000E+01	-7.8227E-03	1.4095E-01
1.5740000E+01	-1.4754E-02	2.8015E-02
1.5750000E+01	-4.3466E-04	1.3157E-01
1.5760000E+01	1.2497E-02	3.0105E-01
1.5770000E+01	6.5174E-03	2.9077E-01
1.5780000E+01	-9.6035E-03	1.1497E-01
1.5790000E+01	-1.4035E-02	2.6326E-02
1.5800000E+01	1.7449E-03	1.5217E-01
1.5810000E+01	1.3038E-02	3.1005E-01
1.5820000E+01	4.3870E-03	2.7082E-01
1.5830000E+01	-1.1177E-02	9.0634E-02
1.5840000E+01	-1.2857E-02	2.8647E-02
1.5850000E+01	3.8357E-03	1.7352E-01
1.5860000E+01	1.3145E-02	3.1537E-01
1.5870000E+01	2.2446E-03	2.4815E-01
1.5880000E+01	-1.2606E-02	6.8309E-02
1.5890000E+01	-1.1239E-02	3.4617E-02
1.5900000E+01	5.7728E-03	1.9481E-01
1.5910000E+01	1.2900E-02	3.1674E-01
1.5920000E+01	9.1244E-05	2.2354E-01
1.5930000E+01	-1.3763E-02	4.9005E-02
1.5940000E+01	-9.3019E-03	4.4296E-02
1.5950000E+01	7.6010E-03	2.1547E-01
1.5960000E+01	1.2270E-02	3.1443E-01
1.5970000E+01	-2.0420E-03	1.9722E-01
1.5980000E+01	-1.4626E-02	3.2328E-02
1.5990000E+01	-7.0801E-03	5.6928E-02
1.6000000E+01	9.1756E-03	2.3477E-01
1.6010000E+01	1.1306E-02	3.0809E-01
1.6020000E+01	-4.1176E-03	1.7024E-01
1.6030000E+01	-1.5064E-02	1.9657E-02
1.6040000E+01	-4.8470E-03	7.2576E-02
1.6050000E+01	1.0588E-02	2.5210E-01
1.6060000E+01	9.9176E-03	2.9776E-01
1.6070000E+01	-6.0969E-03	1.4294E-01
1.6080000E+01	-1.5129E-02	1.0373E-02
1.6090000E+01	-2.5780E-03	9.0581E-02
1.6100000E+01	1.1694E-02	2.6712E-01
1.6110000E+01	8.2380E-03	2.8408E-01
1.6120000E+01	-8.0113E-03	1.1629E-01
1.6130000E+01	-1.4780E-02	5.0046E-03
1.6140000E+01	-3.5625E-04	1.1024E-01
1.6150000E+01	1.2518E-02	2.7908E-01
1.6160000E+01	6.3414E-03	2.6680E-01
1.6170000E+01	-9.7859E-03	9.0304E-02
1.6180000E+01	-1.3999E-02	3.6871E-03
1.6190000E+01	1.8484E-03	1.3118E-01
1.6200000E+01	1.2974E-02	2.8775E-01
1.6210000E+01	4.2398E-03	2.4644E-01
1.6220000E+01	-1.1339E-02	6.6316E-02
1.6230000E+01	-1.2755E-02	6.3285E-03
1.6240000E+01	3.9026E-03	1.5251E-01
1.6250000E+01	1.3071E-02	2.9272E-01
1.6260000E+01	2.1232E-03	2.2385E-01
1.6270000E+01	-1.2714E-02	4.3987E-02
1.6280000E+01	-1.1111E-02	1.2626E-02
1.6290000E+01	5.8417E-03	1.7380E-01
1.6300000E+01	1.2809E-02	2.9406E-01
1.6310000E+01	-1.0064E-04	1.9889E-01
1.6320000E+01	-1.3858E-02	2.5012E-02
1.6330000E+01	-9.1855E-03	2.2296E-02
1.6340000E+01	7.6677E-03	1.9448E-01
1.6350000E+01	1.2149E-02	2.9139E-01
1.6360000E+01	-2.2228E-03	1.7253E-01
1.6370000E+01	-1.4683E-02	8.7153E-03
1.6380000E+01	-6.9814E-03	3.5584E-02
1.6390000E+01	9.2356E-03	2.1343E-01
1.6400000E+01	1.1180E-02	2.8476E-01
1.6410000E+01	-4.2827E-03	1.4556E-01
1.6420000E+01	-1.5140E-02	-4.0088E-03
1.6430000E+01	-4.7371E-03	5.1270E-02
1.6440000E+01	1.0626E-02	2.3074E-01
1.6450000E+01	9.8257E-03	2.7445E-01
1.6460000E+01	-6.2626E-03	1.1826E-01
1.6470000E+01	-1.5182E-02	-1.2969E-02
1.6480000E+01	-2.4694E-03	6.9247E-02
1.6490000E+01	1.1748E-02	2.4545E-01
1.6500000E+01	8.1191E-03	2.6009E-01
1.6510000E+01	-8.1396E-03	9.1611E-02
1.6520000E+01	-1.4766E-02	-1.7963E-02
1.6530000E+01	-2.3993E-04	8.9229E-02
1.6540000E+01	1.2501E-02	2.5710E-01
1.6550000E+01	6.1689E-03	2.4283E-01
1.6560000E+01	-9.9338E-03	6.5954E-02
1.6570000E+01	-1.3945E-02	-1.8991E-02
1.6580000E+01	1.9501E-03	1.1022E-01
1.6590000E+01	1.2971E-02	2.6576E-01
1.6600000E+01	4.0427E-03	2.2213E-01
1.6610000E+01	-1.1489E-02	4.1700E-02
1.6620000E+01	-1.2685E-02	-1.5974E-02
1.6630000E+01	4.0219E-03	1.3154E-01
1.6640000E+01	1.3035E-02	2.7039E-01
1.6650000E+01	1.8996E-03	1.9919E-01
1.6660000E+01	-1.2868E-02	1.9983E-02
1.6670000E+01	-1.1037E-02	-9.3237E-03
1.6680000E+01	5.9819E-03	1.5285E-01
1.6690000E+01	1.2738E-02	2.7139E-01
1.6700000E+01	-2.4109E-04	1.7455E-01
1.6710000E+01	-1.3983E-02	1.0306E-03
1.6720000E+01	-9.0725E-03	6.4388E-04
1.6730000E+01	7.7434E-03	1.7317E-01
1.6740000E+01	1.2074E-02	2.6841E-01
1.6750000E+01	-2.3879E-03	1.4788E-01
1.6760000E+01	-1.4766E-02	-1.4995E-02
1.6770000E+01	-6.8956E-03	1.3953E-02
1.6780000E+01	9.3553E-03	1.9213E-01
1.6790000E+01	1.1058E-02	2.6144E-01
1.6800000E+01	-4.4400E-03	1.2092E-01
1.6810000E+01	-1.5170E-02	-2.7332E-02
1.6820000E+01	-4.6308E-03	2.9935E-02
1.6830000E+01	1.0718E-02	2.0941E-01
1.6840000E+01	9.6554E-03	2.5077E-01
1.6850000E+01	-6.4191E-03	9.3594E-02
1.6860000E+01	-1.5178E-02	-3.5941E-02
1.6870000E+01	-2.3657E-03	4.8272E-02
1.6880000E+01	1.1786E-02	2.2376E-01
1.6890000E+01	7.9473E-03	2.3643E-01
1.6900000E+01	-8.3160E-03	6.6944E-02
1.6910000E+01	-1.4724E-02	-4.0633E-02
1.6920000E+01	-1.1233E-04	6.8252E-02
1.6930000E+01	1.2554E-02	2.3546E-01
1.6940000E+01	5.9792E-03	2.1881E-01
1.6950000E+01	-1.0068E-02	4.1312E-02
1.6960000E+01	-1.3869E-02	-4.1313E-02
1.6970000E+01	2.0555E-03	8.9216E-02
1.6980000E+01	1.2937E-02	2.4338E-01
1.6990000E+01	3.9019E-03	1.9818E-01
1.7000000E+01	-1.1648E-02	1.7332E-02
1.7010000E+01	-1.2620E-02	-3.8289E-02
1.7020000E+01	4.1273E-03	1.1053E-01
1.7030000E+01	1.3027E-02	2.4809E-01
1.7040000E+01	1.7197E-03	1.7485E-01
1.7050000E+01	-1.3000E-02	-4.3325E-03
1.7060000E+01	-1.0906E-02	-3.1355E-02
1.7070000E+01	6.0647E-03	1.3185E-01
1.7080000E+01	1.2660E-02	2.4876E-01
1.7090000E+01	-4.2446E-04	1.4988E-01
1.7100000E+01	-1.4078E-02	-2.2977E-02
1.7110000E+01	-8.9669E-03	-2.1005E-02
1.7120000E+01	7.8297E-03	1.5213E-01
1.7130000E+01	1.1975E-02	2.4542E-01
1.7140000E+01	-2.5502E-03	1.2324E-01
1.7150000E+01	-1.4860E-02	-3.8634E-02
1.7160000E+01	-6.7928E-03	-7.6948E-03
1.7170000E+01	9.4339E-03	1.7115E-01
1.7180000E+01	1.0919E-02	2.3811E-01
1.7190000E+01	-4.6047E-03	9.6252E-02
1.7200000E+01	-1.5237E-02	-5.0644E-02
1.7210000E+01	-4.5136E-03	8.6333E-03
1.7220000E+01	1.0754E-02	1.8780E-01
1.7230000E+01	9.5117E-03	2.2713E-01
1.7240000E+01	-6.5894E-03	6.8964E-02
1.7250000E+01	-1.5200E-02	-5.8958E-02
1.7260000E+01	-2.2684E-03	2.6942E-02
1.7270000E+01	1.1801E-02	2.0211E-01
1.7280000E+01	7.7634E-03	2.1245E-01
1.7290000E+01	-8.4640E-03	4.2298E-02
1.7300000E+01	-1.4740E-02	-6.3655E-02
1.7310000E+01	-2.7322E-05	4.6915E-02
1.7320000E+01	1.2570E-02	2.1343E-01
1.7330000E+01	5.8087E-03	1.9448E-01
1.7340000E+01	-1.0200E-02	1.6679E-02
1.7350000E+01	-1.3833E-02	-6.3979E-02
1.7360000E+01	2.2151E-03	6.8217E-02
1.7370000E+01	1.2988E-02	2.2145E-01
1.7380000E+01	3.7495E-03	1.7385E-01
1.7390000E+01	-1.1810E-02	-6.9906E-03
1.7400000E+01	-1.2520E-02	-6.0666E-02
1.7410000E+01	4.2268E-03	8.9548E-02
1.7420000E+01	1.2908E-02	2.2577E-01
1.7430000E+01	1.6186E-03	1.5051E-01
1.7440000E+01	-1.3113E-02	-2.8291E-02
1.7450000E+01	-1.0836E-02	-5.3313E-02
1.7460000E+01	6.1347E-03	1.1052E-01
1.7470000E+01	1.2599E-02	2.2612E-01
1.7480000E+01	-5.9878E-04	1.2522E-01
1.7490000E+01	-1.4212E-02	-4.6955E-02
1.7500000E+01	-8.8321E-03	-4.2691E-02
1.7510000E+01	7.9031E-03	1.3082E-01
1.7520000E+01	1.1919E-02	2.2244E-01
1.7530000E+01	-2.7198E-03	9.8601E-02
1.7540000E+01	-1.4936E-02	-6.2312E-02
1.7550000E+01	-6.6557E-03	-2.9020E-02
1.7560000E+01	9.5006E-03	1.4982E-01
1.7570000E+01	1.0821E-02	2.1480E-01
1.7580000E+01	-4.8093E-03	7.1647E-02
1.7590000E+01	-1.5265E-02	-7.4276E-02
1.7600000E+01	-4.3826E-03	-1.2710E-02
1.7610000E+01	1.0816E-02	1.6646E-01
1.7620000E+01	9.3304E-03	2.0347E-01
1.7630000E+01	-6.7820E-03	4.4304E-02
1.7640000E+01	-1.5195E-02	-8.2296E-02
1.7650000E+01	-2.0623E-03	5.9534E-03
1.7660000E+01	1.1836E-02	1.8046E-01
1.7670000E+01	7.5742E-03	1.8883E-01
1.7680000E+01	-8.6690E-03	1.7662E-02
1.7690000E+01	-1.4655E-02	-8.6289E-02
1.7700000E+01	8.7077E-05	2.5939E-02
1.7710000E+01	1.2531E-02	1.9143E-01
1.7720000E+01	5.6725E-03	1.7048E-01
1.7730000E+01	-1.0386E-02	-7.6700E-03
1.7740000E+01	-1.3802E-02	-8.6622E-02
1.7750000E+01	2.2133E-03	4.6905E-02
1.7760000E+01	1.2871E-02	1.9912E-01
1.7770000E+01	3.5197E-03	1.4949E-01
1.7780000E+01	-1.2010E-02	-3.1283E-02
1.7790000E+01	-1.2435E-02	-8.2645E-02
1.7800000E+01	4.3356E-03	6.8536E-02
1.7810000E+01	1.2913E-02	2.0311E-01
1.7820000E+01	1.3936E-03	1.2592E-01
1.7830000E+01	-1.3320E-02	-5.2645E-02
1.7840000E+01	-1.0709E-02	-7.5332E-02
1.7850000E+01	6.2255E-03	8.9528E-02
1.7860000E+01	1.2506E-02	2.0309E-01
1.7870000E+01	-7.4344E-04	1.0058E-01
1.7880000E+01	-1.4276E-02	-7.0955E-02
1.7890000E+01	-8.7262E-03	-6.4315E-02
1.7900000E+01	8.0194E-03	1.0983E-01
1.7910000E+01	1.1819E-02	1.9947E-01
1.7920000E+01	-2.9051E-03	7.3933E-02
1.7930000E+01	-1.5012E-02	-8.5929E-02
1.7940000E+01	-6.5973E-03	-5.0673E-02
1.7950000E+01	9.5305E-03	1.2852E-01
1.7960000E+01	1.0644E-02	1.9143E-01
1.7970000E+01	-4.9811E-03	4.6983E-02
1.7980000E+01	-1.5288E-02	-9.7577E-02
1.7990000E+01	-4.2761E-03	-3.4039E-02
1.8000000E+01	1.0823E-02	1.4482E-01
1.8010000E+01	9.1750E-03	1.7982E-01
1.8020000E+01	-6.9405E-03	1.9653E-02
1.8030000E+01	-1.5183E-02	-1.0527E-01
1.8040000E+01	-2.0402E-03	-1.5369E-02
1.8050000E+01	1.1869E-02	1.5882E-01
1.8060000E+01	7.4608E-03	1.6485E-01
1.8070000E+01	-8.8661E-03	-6.9987E-03
1.8080000E+01	-1.4612E-02	-1.0895E-01
1.8090000E+01	2.0599E-04	4.9463E-03
1.8100000E+01	1.2572E-02	1.6981E-01
1.8110000E+01	5.4158E-03	1.4621E-01
1.8120000E+01	-1.0642E-02	-3.2329E-02
1.8130000E+01	-1.3762E-02	-1.0897E-01
1.8140000E+01	2.3257E-03	2.5893E-02
1.8150000E+01	1.2927E-02	1.7714E-01
1.8160000E+01	3.3688E-03	1.2520E-01
1.8170000E+01	-1.2171E-02	-5.5632E-02
1.8180000E+01	-1.2299E-02	-1.0496E-01
1.8190000E+01	4.4449E-03	4.7570E-02
1.8200000E+01	1.2872E-02	1.8081E-01
1.8210000E+01	1.2268E-03	1.0158E-01
1.8220000E+01	-1.3429E-02	-7.6662E-02
1.8230000E+01	-1.0610E-02	-9.7304E-02
1.8240000E+01	6.3711E-03	6.8557E-02
1.8250000E+01	1.2414E-02	1.8044E-01
1.8260000E+01	-9.3159E-04	7.5904E-02
1.8270000E+01	-1.4395E-02	-9.4604E-02
1.8280000E+01	-8.5851E-03	-8.5966E-02
1.8290000E+01	8.0890E-03	8.8514E-02
1.8300000E+01	1.1662E-02	1.7612E-01
1.8310000E+01	-3.0555E-03	4.9263E-02
1.8320000E+01	-1.5039E-02	-1.0958E-01
1.8330000E+01	-6.4240E-03	-7.1991E-02
1.8340000E+01	9.6488E-03	1.0716E-01
1.8350000E+01	1.0519E-02	1.6815E-01
1.8360000E+01	-5.1330E-03	2.2278E-02
1.8370000E+01	-1.5304E-02	-1.2093E-01
1.8380000E+01	-4.2065E-03	-5.5348E-02
1.8390000E+01	1.0926E-02	1.2349E-01
1.8400000E+01	9.0196E-03	1.5616E-01
1.8410000E+01	-7.1775E-03	-4.9812E-03
1.8420000E+01	-1.5145E-02	-1.2825E-01
1.8430000E+01	-1.9341E-03	-3.6374E-02
1.8440000E+01	1.1914E-02	1.3713E-01
1.8450000E+01	7.2577E-03	1.4085E-01
1.8460000E+01	-9.0130E-03	-3.1328E-02
1.8470000E+01	-1.4564E-02	-1.3193E-01
1.8480000E+01	3.2206E-04	-1.6081E-02
1.8490000E+01	1.2576E-02	1.4777E-01
1.8500000E+01	5.2918E-03	1.2222E-01
1.8510000E+01	-1.0768E-02	-5.6646E-02
1.8520000E+01	-1.3549E-02	-1.3125E-01
1.8530000E+01	2.4496E-03	4.9508E-03
1.8540000E+01	1.2873E-02	1.5480E-01
1.8550000E+01	3.2175E-03	1.0088E-01
1.8560000E+01	-1.2295E-02	-7.9945E-02
1.8570000E+01	-1.2203E-02	-1.2726E-01
1.8580000E+01	4.5553E-03	2.6542E-02
1.8590000E+01	1.2759E-02	1.5813E-01
1.8600000E+01	1.0460E-03	7.6938E-02
1.8610000E+01	-1.3511E-02	-1.0059E-01
1.8620000E+01	-1.0474E-02	-1.1929E-01
1.8630000E+01	6.4634E-03	4.7551E-02
1.8640000E+01	1.2342E-02	1.5781E-01
1.8650000E+01	-1.1086E-03	5.1600E-02
1.8660000E+01	-1.4447E-02	-1.1857E-01
1.8670000E+01	-8.4469E-03	-1.0766E-01
1.8680000E+01	8.1805E-03	6.7518E-02
1.8690000E+01	1.1547E-02	1.5314E-01
1.8700000E+01	-3.2655E-03	2.4611E-02
1.8710000E+01	-1.5085E-02	-1.3325E-01
1.8720000E+01	-6.2743E-03	-9.3310E-02
1.8730000E+01	9.6806E-03	8.5840E-02
1.8740000E+01	1.0409E-02	1.4485E-01
1.8750000E+01	-5.3389E-03	-2.3620E-03
1.8760000E+01	-1.5276E-02	-1.4424E-01
1.8770000E+01	-4.0740E-03	-7.6711E-02
1.8780000E+01	1.0958E-02	1.0181E-01
1.8790000E+01	8.8539E-03	1.3251E-01
1.8800000E+01	-7.3361E-03	-2.9672E-02
1.8810000E+01	-1.5055E-02	-1.5127E-01
1.8820000E+01	-1.7897E-03	-5.7702E-02
1.8830000E+01	1.1930E-02	1.1548E-01
1.8840000E+01	7.0974E-03	1.1685E-01
1.8850000E+01	-9.1996E-03	-5.5978E-02
1.8860000E+01	-1.4449E-02	-1.5458E-01
1.8870000E+01	3.9429E-04	-3.7068E-02
1.8880000E+01	1.2594E-02	1.2584E-01
1.8890000E+01	5.1426E-03	9.8189E-02
1.8900000E+01	-1.0920E-02	-8.0949E-02
1.8910000E+01	-1.3459E-02	-1.5391E-01
1.8920000E+01	2.5657E-03	-1.6039E-02
1.8930000E+01	1.2814E-02	1.3249E-01
1.8940000E+01	3.0068E-03	7.6250E-02
1.8950000E+01	-1.2383E-02	-1.0429E-01
1.8960000E+01	-1.2006E-02	-1.4925E-01
1.8970000E+01	4.6353E-03	5.5741E-03
1.8980000E+01	1.2739E-02	1.3547E-01
1.8990000E+01	8.7403E-04	5.2609E-02
1.9000000E+01	-1.3590E-02	-1.2491E-01
1.9010000E+01	-1.0259E-02	-1.4098E-01
1.9020000E+01	6.5712E-03	2.6534E-02
1.9030000E+01	1.2240E-02	1.3482E-01
1.9040000E+01	-1.2590E-03	2.6950E-02
1.9050000E+01	-1.4505E-02	-1.4258E-01
1.9060000E+01	-8.2502E-03	-1.2931E-01
1.9070000E+01	8.2180E-03	4.6208E-02
1.9080000E+01	1.1420E-02	1.3015E-01
1.9090000E+01	-3.4004E-03	-2.8846E-05
1.9100000E+01	-1.5038E-02	-1.5689E-01
1.9110000E+01	-6.1682E-03	-1.1497E-01
1.9120000E+01	9.7874E-03	6.4518E-02
1.9130000E+01	1.0284E-02	1.2149E-01
1.9140000E+01	-5.5441E-03	-2.7317E-02
1.9150000E+01	-1.5204E-02	-1.6757E-01
1.9160000E+01	-3.8735E-03	-9.7674E-02
1.9170000E+01	1.1007E-02	8.0475E-02
1.9180000E+01	8.7353E-03	1.0885E-01
1.9190000E+01	-7.5425E-03	-5.4301E-02
1.9200000E+01	-1.4941E-02	-1.7423E-01
1.9210000E+01	-1.6684E-03	-7.8670E-02
1.9220000E+01	1.1963E-02	9.3803E-02
1.9230000E+01	6.9151E-03	9.2892E-02
1.9240000E+01	-9.4118E-03	-8.0614E-02
1.9250000E+01	-1.4248E-02	-1.7724E-01
1.9260000E+01	5.3515E-04	-5.8373E-02
1.9270000E+01	1.2570E-02	1.0382E-01
1.9280000E+01	4.9675E-03	7.3890E-02
1.9290000E+01	-1.1065E-02	-1.0563E-01
1.9300000E+01	-1.3277E-02	-1.7622E-01
1.9310000E+01	2.6580E-03	-3.7067E-02
1.9320000E+01	1.2801E-02	1.1013E-01
1.9330000E+01	2.8349E-03	5.1921E-02
1.9340000E+01	-1.2487E-02	-1.2858E-01
1.9350000E+01	-1.1820E-02	-1.7124E-01
1.9360000E+01	4.7207E-03	-1.5779E-02
1.9370000E+01	1.2672E-02	1.1316E-01
1.9380000E+01	6.8541E-04	2.7916E-02
1.9390000E+01	-1.3672E-02	-1.4892E-01
1.9400000E+01	-1.0081E-02	-1.6297E-01
1.9410000E+01	6.6199E-03	5.2224E-03
1.9420000E+01	1.2167E-02	1.1180E-01
1.9430000E+01	-1.4809E-03	2.2957E-03
1.9440000E+01	-1.4465E-02	-1.6625E-01
1.9450000E+01	-8.0967E-03	-1.5093E-01
1.9460000E+01	8.3743E-03	2.5216E-02
1.9470000E+01	1.1305E-02	1.0682E-01
1.9480000E+01	-3.6532E-03	-2.4667E-02
1.9490000E+01	-1.4969E-02	-1.8023E-01
1.9500000E+01	-5.9530E-03	-1.3632E-01
1.9510000E+01	9.8119E-03	4.3205E-02
1.9520000E+01	1.0114E-02	9.7835E-02
1.9530000E+01	-5.7234E-03	-5.1979E-02
1.9540000E+01	-1.5134E-02	-1.9089E-01
1.9550000E+01	-3.7037E-03	-1.1898E-01
1.9560000E+01	1.1055E-02	5.8857E-02
1.9570000E+01	8.5744E-03	8.5201E-02
1.9580000E+01	-7.6752E-03	-7.8973E-02
1.9590000E+01	-1.4813E-02	-1.9723E-01
1.9600000E+01	-1.5244E-03	-9.9986E-02
1.9610000E+01	1.1954E-02	7.1830E-02
1.9620000E+01	6.7668E-03	6.8872E-02
1.9630000E+01	-9.5158E-03	-1.0528E-01
1.9640000E+01	-1.4122E-02	-1.9990E-01
1.9650000E+01	6.7539E-04	-7.9363E-02
1.9660000E+01	1.2543E-02	8.1802E-02
1.9670000E+01	4.7468E-03	4.9570E-02
1.9680000E+01	-1.1128E-02	-1.2994E-01
1.9690000E+01	-1.3067E-02	-1.9856E-01
1.9700000E+01	2.7887E-03	-5.8061E-02
1.9710000E+01	1.2744E-02	8.7827E-02
1.9720000E+01	2.6604E-03	2.7575E-02
1.9730000E+01	-1.2525E-02	-1.5260E-01
1.9740000E+01	-1.1646E-02	-1.9359E-01
1.9750000E+01	4.8461E-03	-3.6715E-02
1.9760000E+01	1.2597E-02	9.0517E-02
1.9770000E+01	4.8153E-04	3.2806E-03
1.9780000E+01	-1.3640E-02	-1.7290E-01
1.9790000E+01	-9.8620E-03	-1.8461E-01
1.9800000E+01	6.6969E-03	-1.5751E-02
1.9810000E+01	1.2083E-02	8.9139E-02
1.9820000E+01	-1.6629E-03	-2.2340E-02
1.9830000E+01	-1.4470E-02	-1.9023E-01
1.9840000E+01	-7.8850E-03	-1.7257E-01
1.9850000E+01	8.4241E-03	3.8768E-03
1.9860000E+01	1.1218E-02	8.3840E-02
1.9870000E+01	-3.8100E-03	-4.9318E-02
1.9880000E+01	-1.4922E-02	-2.0390E-01
1.9890000E+01	-5.7340E-03	-1.5761E-01
1.9900000E+01	9.8865E-03	2.1868E-02
1.9910000E+01	9.9664E-03	7.4507E-02
1.9920000E+01	-5.8717E-03	-7.6671E-02
1.9930000E+01	-1.4990E-02	-2.1421E-01
1.9940000E+01	-3.5653E-03	-1.4036E-01
1.9950000E+01	1.1114E-02	3.7504E-02
1.9960000E+01	8.4046E-03	6.1532E-02
1.9970000E+01	-7.8247E-03	-1.0363E-01
1.9980000E+01	-1.4648E-02	-2.2021E-01
1.9990000E+01	-1.3457E-03	-1.2100E-01
2.0000000E+01	1.1951E-02	5.0173E-02
2.0010000E+01	6.5851E-03	4.4891E-02
2.0020000E+01	-9.5934E-03	-1.2960E-01
2.0030000E+01	-1.3945E-02	-2.2255E-01
2.0040000E+01	8.1859E-04	-1.0037E-01
2.0050000E+01	1.2520E-02	5.9826E-02
2.0060000E+01	4.5903E-03	2.5597E-02
2.0070000E+01	-1.1211E-02	-1.5425E-01
2.0080000E+01	-1.2869E-02	-2.2089E-01
2.0090000E+01	2.9378E-03	-7.9050E-02
2.0100000E+01	1.2726E-02	6.5851E-02
2.0110000E+01	2.4574E-03	3.2728E-03
2.0120000E+01	-1.2550E-02	-1.7692E-01
2.0130000E+01	-1.1428E-02	-2.1556E-01
2.0140000E+01	4.9359E-03	-5.7743E-02
2.0150000E+01	1.2506E-02	6.7863E-02
2.0160000E+01	3.1888E-04	-2.1040E-02
2.0170000E+01	-1.3652E-02	-1.9690E-01
2.0180000E+01	-9.6688E-03	-2.0659E-01
2.0190000E+01	6.8064E-03	-3.6747E-02
2.0200000E+01	1.1973E-02	6.6150E-02
2.0210000E+01	-1.8368E-03	-4.7028E-02
2.0220000E+01	-1.4412E-02	-2.1389E-01
2.0230000E+01	-7.6887E-03	-1.9426E-01
2.0240000E+01	8.4888E-03	-1.7423E-02
2.0250000E+01	1.1053E-02	6.0500E-02
2.0260000E+01	-3.9525E-03	-7.3985E-02
2.0270000E+01	-1.4826E-02	-2.2753E-01
2.0280000E+01	-5.5495E-03	-1.7896E-01
2.0290000E+01	9.9203E-03	5.6857E-04
2.0300000E+01	9.7920E-03	5.0847E-02
2.0310000E+01	-6.0090E-03	-1.0132E-01
2.0320000E+01	-1.4833E-02	-2.3721E-01
2.0330000E+01	-3.3784E-03	-1.6167E-01
2.0340000E+01	1.1104E-02	1.5853E-02
2.0350000E+01	8.2352E-03	3.7545E-02
2.0360000E+01	-7.9332E-03	-1.2827E-01
2.0370000E+01	-1.4488E-02	-2.4320E-01
2.0380000E+01	-1.2114E-03	-1.4201E-01
2.0390000E+01	1.1921E-02	2.8163E-02
2.0400000E+01	6.4119E-03	2.0866E-02
2.0410000E+01	-9.6849E-03	-1.5425E-01
2.0420000E+01	-1.3750E-02	-2.4522E-01
2.0430000E+01	9.4817E-04	-1.2135E-01
2.0440000E+01	1.2472E-02	3.7515E-02
2.0450000E+01	4.4136E-03	1.2443E-03
2.0460000E+01	-1.1274E-02	-1.7893E-01
2.0470000E+01	-1.2657E-02	-2.4355E-01
2.0480000E+01	3.0668E-03	-1.0002E-01
