time /s	I /mA	E /V
1.0000000E-02	-1.3687E-03	-1.9990E-01
2.0000000E-02	-4.0969E-03	-1.3939E-01
4.0000000E-02	-5.0317E-03	-8.8724E-02
6.0000000E-02	-4.3621E-03	-5.6176E-02
8.0000000E-02	-1.9461E-03	-4.7109E-02
1.0000000E-01	2.0550E-03	-6.2794E-02
1.2000000E-01	3.6813E-03	-1.0036E-01
1.4000000E-01	3.1465E-03	-1.5358E-01
1.6000000E-01	3.4325E-03	-2.1366E-01
1.8000000E-01	3.1504E-03	-2.7038E-01
2.0000000E-01	3.0964E-03	-3.1439E-01
2.2000000E-01	1.5310E-03	-3.3815E-01
2.4000000E-01	-1.2185E-03	-3.3754E-01
2.6000000E-01	-3.8907E-03	-3.1283E-01
2.8000000E-01	-5.7272E-03	-2.6765E-01
3.0000000E-01	-7.3376E-03	-2.0950E-01
3.2000000E-01	-7.6301E-03	-1.4802E-01
3.4000000E-01	-6.3716E-03	-9.2901E-02
3.6000000E-01	-7.7015E-03	-5.3074E-02
3.8000000E-01	-4.2035E-03	-3.5432E-02
4.0000000E-01	2.7648E-04	-4.2508E-02
4.2000000E-01	4.2870E-03	-7.2986E-02
4.4000000E-01	5.3785E-03	-1.2163E-01
4.6000000E-01	6.2663E-03	-1.8045E-01
4.8000000E-01	5.1545E-03	-2.3940E-01
5.0000000E-01	4.8000E-03	-2.8886E-01
5.2000000E-01	3.2624E-03	-3.2043E-01
5.4000000E-01	7.7662E-04	-3.2860E-01
5.6000000E-01	-2.6089E-03	-3.1211E-01
5.8000000E-01	-5.1894E-03	-2.7347E-01
6.0000000E-01	-7.2816E-03	-2.1890E-01
6.2000000E-01	-9.9405E-03	-1.5743E-01
6.4000000E-01	-1.0808E-02	-9.8836E-02
6.6000000E-01	-8.9114E-03	-5.2826E-02
6.8000000E-01	-6.6372E-03	-2.6841E-02
7.0000000E-01	-2.0676E-03	-2.5168E-02
7.2000000E-01	2.4991E-03	-4.7832E-02
7.4000000E-01	5.9054E-03	-9.0918E-02
7.6000000E-01	6.9766E-03	-1.4727E-01
7.8000000E-01	5.1376E-03	-2.0724E-01
8.0000000E-01	4.8223E-03	-2.6116E-01
8.2000000E-01	4.9502E-03	-2.9981E-01
8.4000000E-01	3.2268E-03	-3.1669E-01
8.6000000E-01	1.9321E-04	-3.0868E-01
8.8000000E-01	-3.7519E-03	-2.7727E-01
9.0000000E-01	-6.1971E-03	-2.2742E-01
9.2000000E-01	-8.9560E-03	-1.6729E-01
9.4000000E-01	-9.5295E-03	-1.0656E-01
9.6000000E-01	-9.1538E-03	-5.5094E-02
9.8000000E-01	-6.6938E-03	-2.1375E-02
1.0000000E+00	-3.3494E-03	-1.0832E-02
1.0200000E+00	1.6753E-03	-2.5304E-02
1.0400000E+00	5.0464E-03	-6.1799E-02
1.0600000E+00	5.1688E-03	-1.1444E-01
1.0800000E+00	6.9176E-03	-1.7433E-01
1.1000000E+00	6.5027E-03	-2.3139E-01
1.1200000E+00	5.6159E-03	-2.7645E-01
1.1400000E+00	4.1319E-03	-3.0151E-01
1.1600000E+00	7.7860E-04	-3.0236E-01
1.1800000E+00	-2.8522E-03	-2.7879E-01
1.2000000E+00	-5.6370E-03	-2.3457E-01
1.2200000E+00	-8.1967E-03	-1.7703E-01
1.2400000E+00	-9.1702E-03	-1.1535E-01
1.2600000E+00	-9.6252E-03	-5.9584E-02
1.2800000E+00	-7.6811E-03	-1.8852E-02
1.3000000E+00	-5.0367E-03	1.7545E-04
1.3200000E+00	-2.2118E-04	-5.4580E-03
1.3400000E+00	4.0288E-03	-3.4663E-02
1.3600000E+00	6.8259E-03	-8.2591E-02
1.3800000E+00	6.9330E-03	-1.4100E-01
1.4000000E+00	7.0093E-03	-2.0028E-01
1.4200000E+00	5.9798E-03	-2.5057E-01
1.4400000E+00	4.6201E-03	-2.8329E-01
1.4600000E+00	2.3544E-03	-2.9295E-01
1.4800000E+00	-1.1382E-03	-2.7771E-01
1.5000000E+00	-4.6823E-03	-2.4013E-01
1.5200000E+00	-7.0164E-03	-1.8627E-01
1.5400000E+00	-1.0296E-02	-1.2487E-01
1.5600000E+00	-9.4973E-03	-6.5935E-02
1.5800000E+00	-8.5516E-03	-1.8980E-02
1.6000000E+00	-7.0115E-03	8.2125E-03
1.6200000E+00	-2.0958E-03	1.1424E-02
1.6400000E+00	2.9997E-03	-9.9730E-03
1.6600000E+00	5.6754E-03	-5.2017E-02
1.6800000E+00	6.8834E-03	-1.0776E-01
1.7000000E+00	6.9840E-03	-1.6796E-01
1.7200000E+00	6.1448E-03	-2.2240E-01
1.7400000E+00	5.0915E-03	-2.6221E-01
1.7600000E+00	2.9898E-03	-2.8030E-01
1.7800000E+00	-2.3209E-04	-2.7381E-01
1.8000000E+00	-3.7207E-03	-2.4364E-01
1.8200000E+00	-6.1252E-03	-1.9473E-01
1.8400000E+00	-7.5285E-03	-1.3482E-01
1.8600000E+00	-8.6532E-03	-7.3835E-02
1.8800000E+00	-9.3476E-03	-2.1721E-02
1.9000000E+00	-7.5785E-03	1.3228E-02
1.9200000E+00	-3.9056E-03	2.5115E-02
1.9400000E+00	1.4473E-03	1.2175E-02
1.9600000E+00	5.2010E-03	-2.3157E-02
1.9800000E+00	6.5657E-03	-7.5094E-02
2.0000000E+00	6.5825E-03	-1.3484E-01
2.0200000E+00	6.8056E-03	-1.9245E-01
2.0400000E+00	5.4132E-03	-2.3825E-01
2.0600000E+00	4.1690E-03	-2.6464E-01
2.0800000E+00	1.6500E-03	-2.6706E-01
2.1000000E+00	-2.2555E-03	-2.4483E-01
2.1200000E+00	-5.7193E-03	-2.0153E-01
2.1400000E+00	-7.5434E-03	-1.4461E-01
2.1600000E+00	-8.5833E-03	-8.2833E-02
2.1800000E+00	-9.4978E-03	-2.6473E-02
2.2000000E+00	-9.8681E-03	1.5409E-02
2.2200000E+00	-6.5366E-03	3.5800E-02
2.2400000E+00	-7.4412E-04	3.1511E-02
2.2600000E+00	4.2211E-03	3.3966E-03
2.2800000E+00	6.4546E-03	-4.3479E-02
2.3000000E+00	7.7478E-03	-1.0153E-01
2.3200000E+00	7.2814E-03	-1.6105E-01
2.3400000E+00	6.5002E-03	-2.1206E-01
2.3600000E+00	5.3691E-03	-2.4603E-01
2.3800000E+00	2.9056E-03	-2.5711E-01
2.4000000E+00	-6.1921E-04	-2.4323E-01
2.4200000E+00	-4.5306E-03	-2.0682E-01
2.4400000E+00	-6.7146E-03	-1.5371E-01
2.4600000E+00	-7.9880E-03	-9.2655E-02
2.4800000E+00	-1.1644E-02	-3.3060E-02
2.5000000E+00	-1.0453E-02	1.4763E-02
2.5200000E+00	-8.3582E-03	4.3319E-02
2.5400000E+00	-3.2225E-03	4.7816E-02
2.5600000E+00	2.4763E-03	2.7865E-02
2.5800000E+00	5.9317E-03	-1.3183E-02
2.6000000E+00	6.9027E-03	-6.8353E-02
2.6200000E+00	7.3835E-03	-1.2849E-01
2.6400000E+00	6.2886E-03	-1.8356E-01
2.6600000E+00	5.6397E-03	-2.2443E-01
2.6800000E+00	3.8949E-03	-2.4400E-01
2.7000000E+00	6.9929E-04	-2.3894E-01
2.7200000E+00	-3.4302E-03	-2.0987E-01
2.7400000E+00	-6.1039E-03	-1.6179E-01
2.7600000E+00	-8.4723E-03	-1.0244E-01
2.7800000E+00	-1.0240E-02	-4.1250E-02
2.8000000E+00	-1.1739E-02	1.1812E-02
2.8200000E+00	-1.0015E-02	4.7746E-02
2.8400000E+00	-5.1790E-03	6.1158E-02
2.8600000E+00	9.7241E-04	4.9596E-02
2.8800000E+00	5.4400E-03	1.5271E-02
2.9000000E+00	7.0995E-03	-3.5881E-02
2.9200000E+00	7.1788E-03	-9.5333E-02
2.9400000E+00	6.7486E-03	-1.5348E-01
2.9600000E+00	6.4046E-03	-2.0021E-01
2.9800000E+00	4.6246E-03	-2.2776E-01
3.0000000E+00	2.1695E-03	-2.3150E-01
3.0200000E+00	-1.7727E-03	-2.1065E-01
3.0400000E+00	-5.5492E-03	-1.6853E-01
3.0600000E+00	-8.3825E-03	-1.1210E-01
3.0800000E+00	-1.1158E-02	-5.0287E-02
3.1000000E+00	-1.2197E-02	6.4975E-03
3.1200000E+00	-1.2385E-02	4.9528E-02
3.1400000E+00	-8.1456E-03	7.1366E-02
3.1600000E+00	-1.2230E-03	6.8377E-02
3.1800000E+00	4.6727E-03	4.1675E-02
3.2000000E+00	7.2155E-03	-4.3912E-03
3.2200000E+00	6.9424E-03	-6.2028E-02
3.2400000E+00	5.9451E-03	-1.2166E-01
3.2600000E+00	4.2652E-03	-1.7335E-01
3.2800000E+00	4.0040E-03	-2.0858E-01
3.3000000E+00	2.1645E-03	-2.2104E-01
3.3200000E+00	-1.6676E-03	-2.0860E-01
3.3400000E+00	-4.8444E-03	-1.7350E-01
3.3600000E+00	-6.0890E-03	-1.2117E-01
3.3800000E+00	-7.1304E-03	-6.0135E-02
3.4000000E+00	-8.0787E-03	-4.1134E-04
3.4200000E+00	-8.4177E-03	4.8298E-02
3.4400000E+00	-6.5951E-03	7.8229E-02
3.4600000E+00	-2.3878E-03	8.4376E-02
3.4800000E+00	3.2436E-03	6.5659E-02
3.5000000E+00	4.8501E-03	2.5734E-02
3.5200000E+00	4.3316E-03	-2.8824E-02
3.5400000E+00	3.4151E-03	-8.8997E-02
3.5600000E+00	4.2731E-03	-1.4468E-01
3.5800000E+00	3.6089E-03	-1.8646E-01
3.6000000E+00	2.3539E-03	-2.0744E-01
3.6200000E+00	-4.2788E-04	-2.0378E-01
3.6400000E+00	-3.6647E-03	-1.7620E-01
3.6600000E+00	-5.2127E-03	-1.2914E-01
3.6800000E+00	-6.8791E-03	-7.0006E-02
3.7000000E+00	-8.3711E-03	-8.5957E-03
3.7200000E+00	-8.5496E-03	4.4952E-02
3.7400000E+00	-8.6551E-03	8.2235E-02
3.7600000E+00	-4.5911E-03	9.7033E-02
3.7800000E+00	2.0054E-03	8.6922E-02
3.8000000E+00	5.7304E-03	5.3794E-02
3.8200000E+00	6.2628E-03	3.4163E-03
3.8400000E+00	6.0065E-03	-5.5805E-02
3.8600000E+00	5.2704E-03	-1.1429E-01
3.8800000E+00	3.9797E-03	-1.6187E-01
3.9000000E+00	2.8952E-03	-1.9074E-01
3.9200000E+00	1.3615E-03	-1.9604E-01
3.9400000E+00	-2.3417E-03	-1.7647E-01
3.9600000E+00	-5.1725E-03	-1.3548E-01
3.9800000E+00	-8.2462E-03	-7.9604E-02
4.0000000E+00	-1.0690E-02	-1.7779E-02
4.0200000E+00	-1.2515E-02	3.9618E-02
4.0400000E+00	-1.0913E-02	8.3525E-02
4.0600000E+00	-7.6593E-03	1.0675E-01
4.0800000E+00	-1.1897E-03	1.0533E-01
4.1000000E+00	4.0749E-03	7.9885E-02
4.1200000E+00	6.3669E-03	3.4647E-02
4.1400000E+00	6.5017E-03	-2.2564E-02
4.1600000E+00	6.1527E-03	-8.2439E-02
4.1800000E+00	5.3973E-03	-1.3494E-01
4.2000000E+00	4.4749E-03	-1.7112E-01
4.2200000E+00	2.5858E-03	-1.8504E-01
4.2400000E+00	-9.4388E-04	-1.7398E-01
4.2600000E+00	-4.6526E-03	-1.4008E-01
4.2800000E+00	-7.1641E-03	-8.8534E-02
4.3000000E+00	-8.9615E-03	-2.7766E-02
4.3200000E+00	-1.3077E-02	3.2441E-02
4.3400000E+00	-1.4586E-02	8.2226E-02
4.3600000E+00	-1.0474E-02	1.1322E-01
4.3800000E+00	-3.9720E-03	1.2059E-01
4.4000000E+00	3.0156E-03	1.0338E-01
4.4200000E+00	6.3619E-03	6.4420E-02
4.4400000E+00	6.4596E-03	1.0438E-02
4.4600000E+00	6.7376E-03	-4.9710E-02
4.4800000E+00	6.1751E-03	-1.0581E-01
4.5000000E+00	5.1307E-03	-1.4867E-01
4.5200000E+00	3.6317E-03	-1.7095E-01
4.5400000E+00	5.7736E-04	-1.6867E-01
4.5600000E+00	-3.4832E-03	-1.4244E-01
4.5800000E+00	-6.5351E-03	-9.6264E-02
4.6000000E+00	-1.0135E-02	-3.7604E-02
4.6200000E+00	-1.2795E-02	2.3901E-02
4.6400000E+00	-1.5310E-02	7.8448E-02
4.6600000E+00	-1.2135E-02	1.1681E-01
4.6800000E+00	-7.0744E-03	1.3293E-01
4.7000000E+00	6.2345E-04	1.2413E-01
4.7200000E+00	6.1081E-03	9.2306E-02
4.7400000E+00	7.5902E-03	4.2632E-02
4.7600000E+00	7.9674E-03	-1.6439E-02
4.7800000E+00	3.5316E-03	-7.4935E-02
4.8000000E+00	4.4610E-03	-1.2352E-01
4.8200000E+00	3.8409E-03	-1.5379E-01
4.8400000E+00	1.9266E-03	-1.6042E-01
4.8600000E+00	-1.7717E-03	-1.4225E-01
4.8800000E+00	-6.3894E-03	-1.0235E-01
4.9000000E+00	-9.7764E-03	-4.7074E-02
4.9200000E+00	-1.2514E-02	1.4530E-02
4.9400000E+00	-1.2592E-02	7.2537E-02
4.9600000E+00	-1.2612E-02	1.1750E-01
4.9800000E+00	-8.0940E-03	1.4199E-01
5.0000000E+00	-1.3241E-03	1.4202E-01
5.0200000E+00	5.0409E-03	1.1783E-01
5.0400000E+00	7.7236E-03	7.3649E-02
5.0600000E+00	6.7436E-03	1.6941E-02
5.0800000E+00	5.4633E-03	-4.3005E-02
5.1000000E+00	3.1926E-03	-9.6101E-02
5.1200000E+00	2.3469E-03	-1.3359E-01
5.1400000E+00	1.2282E-03	-1.4893E-01
5.1600000E+00	-1.8500E-03	-1.3943E-01
5.1800000E+00	-4.4974E-03	-1.0655E-01
5.2000000E+00	-5.9468E-03	-5.5734E-02
5.2200000E+00	-7.3485E-03	4.6758E-03
5.2400000E+00	-1.0471E-02	6.5106E-02
5.2600000E+00	-1.0724E-02	1.1561E-01
5.2800000E+00	-6.6095E-03	1.4795E-01
5.3000000E+00	-2.0116E-03	1.5675E-01
5.3200000E+00	4.3222E-03	1.4090E-01
5.3400000E+00	7.5778E-03	1.0318E-01
5.3600000E+00	6.7248E-03	4.9779E-02
5.3800000E+00	5.1153E-03	-1.0142E-02
5.4000000E+00	3.9827E-03	-6.6831E-02
5.4200000E+00	3.2748E-03	-1.1062E-01
5.4400000E+00	2.6508E-03	-1.3420E-01
5.4600000E+00	2.5171E-05	-1.3358E-01
5.4800000E+00	-3.7593E-03	-1.0846E-01
5.5000000E+00	-6.2100E-03	-6.3244E-02
5.5200000E+00	-5.8660E-03	-5.1658E-03
5.5400000E+00	-1.3834E-02	5.6530E-02
5.5600000E+00	-1.6722E-02	1.1161E-01
5.5800000E+00	-1.3953E-02	1.5126E-01
5.6000000E+00	-7.2732E-03	1.6857E-01
5.6200000E+00	2.1502E-04	1.6130E-01
5.6400000E+00	7.0569E-03	1.3065E-01
5.6600000E+00	6.6841E-03	8.1968E-02
5.6800000E+00	7.8222E-03	2.2963E-02
5.7000000E+00	6.7069E-03	-3.5927E-02
5.7200000E+00	6.0387E-03	-8.5291E-02
5.7400000E+00	3.4711E-03	-1.1664E-01
5.7600000E+00	2.7965E-03	-1.2470E-01
5.7800000E+00	-2.0165E-03	-1.0791E-01
5.8000000E+00	-5.2201E-03	-6.9157E-02
5.8200000E+00	-8.4489E-03	-1.4478E-02
5.8400000E+00	-7.8541E-03	4.6848E-02
5.8600000E+00	-1.1351E-02	1.0547E-01
5.8800000E+00	-1.0745E-02	1.5137E-01
5.9000000E+00	-7.5721E-03	1.7722E-01
5.9200000E+00	-7.8576E-04	1.7862E-01
5.9400000E+00	6.3272E-03	1.5576E-01
5.9600000E+00	6.7322E-03	1.1272E-01
5.9800000E+00	7.0291E-03	5.6420E-02
6.0000000E+00	5.1128E-03	-3.6743E-03
6.0200000E+00	3.9207E-03	-5.7472E-02
6.0400000E+00	3.3611E-03	-9.5989E-02
6.0600000E+00	1.8830E-03	-1.1273E-01
6.0800000E+00	-1.4445E-03	-1.0455E-01
6.1000000E+00	-4.7041E-03	-7.3034E-02
6.1200000E+00	-6.9297E-03	-2.3167E-02
6.1400000E+00	-9.3590E-03	3.7014E-02
6.1600000E+00	-1.1230E-02	9.7885E-02
6.1800000E+00	-1.0837E-02	1.4914E-01
6.2000000E+00	-9.2956E-03	1.8271E-01
6.2200000E+00	-3.3712E-03	1.9293E-01
6.2400000E+00	4.2176E-03	1.7848E-01
6.2600000E+00	8.0383E-03	1.4182E-01
6.2800000E+00	8.9261E-03	8.9204E-02
6.3000000E+00	6.3867E-03	2.9347E-02
6.3200000E+00	4.9111E-03	-2.7900E-02
6.3400000E+00	3.9688E-03	-7.2594E-02
6.3600000E+00	2.7271E-03	-9.7592E-02
6.3800000E+00	-4.6207E-05	-9.8233E-02
6.4000000E+00	-3.3672E-03	-7.4556E-02
6.4200000E+00	-6.0499E-03	-3.0323E-02
6.4400000E+00	-7.2053E-03	2.7275E-02
6.4600000E+00	-1.1110E-02	8.8995E-02
6.4800000E+00	-1.1190E-02	1.4470E-01
6.5000000E+00	-9.3704E-03	1.8535E-01
6.5200000E+00	-5.2528E-03	2.0422E-01
6.5400000E+00	1.7105E-03	1.9828E-01
6.5600000E+00	7.4207E-03	1.6893E-01
6.5800000E+00	8.6822E-03	1.2104E-01
6.6000000E+00	7.5114E-03	6.2528E-02
6.6200000E+00	6.3421E-03	3.2972E-03
6.6400000E+00	4.6345E-03	-4.6717E-02
6.6600000E+00	3.5574E-03	-7.9377E-02
6.6800000E+00	1.8879E-03	-8.8940E-02
6.7000000E+00	-2.2128E-03	-7.3544E-02
6.7200000E+00	-6.5540E-03	-3.5890E-02
6.7400000E+00	-6.9143E-03	1.7870E-02
6.7600000E+00	-1.2443E-02	7.9501E-02
6.7800000E+00	-1.4937E-02	1.3846E-01
6.8000000E+00	-1.3606E-02	1.8533E-01
6.8200000E+00	-8.5877E-03	2.1233E-01
6.8400000E+00	-1.7662E-03	2.1524E-01
6.8600000E+00	5.9555E-03	1.9367E-01
6.8800000E+00	8.9647E-03	1.5153E-01
6.9000000E+00	8.0264E-03	9.5781E-02
6.9200000E+00	6.2499E-03	3.5639E-02
6.9400000E+00	5.3592E-03	-1.8783E-02
6.9600000E+00	3.5425E-03	-5.8360E-02
6.9800000E+00	2.5715E-03	-7.6320E-02
7.0000000E+00	-8.4375E-04	-6.9676E-02
7.0200000E+00	-5.1760E-03	-3.9423E-02
7.0400000E+00	-8.3201E-03	9.6929E-03
7.0600000E+00	-1.1887E-02	6.9605E-02
7.0800000E+00	-1.6482E-02	1.3057E-01
7.1000000E+00	-1.2149E-02	1.8268E-01
7.1200000E+00	-1.0548E-02	2.1743E-01
7.1400000E+00	-5.1329E-03	2.2917E-01
7.1600000E+00	3.2282E-03	2.1600E-01
7.1800000E+00	8.7432E-03	1.8038E-01
7.2000000E+00	9.1526E-03	1.2835E-01
7.2200000E+00	7.4564E-03	6.8650E-02
7.2400000E+00	6.7882E-03	1.1156E-02
7.2600000E+00	4.7767E-03	-3.4525E-02
7.2800000E+00	4.4228E-03	-6.0715E-02
7.3000000E+00	7.1466E-04	-6.2892E-02
7.3200000E+00	-3.7187E-03	-4.0671E-02
7.3400000E+00	-7.3892E-03	2.7227E-03
7.3600000E+00	-1.0248E-02	5.9785E-02
7.3800000E+00	-1.3616E-02	1.2148E-01
7.4000000E+00	-1.4799E-02	1.7798E-01
7.4200000E+00	-1.2860E-02	2.1955E-01
7.4400000E+00	-6.2159E-03	2.3980E-01
7.4600000E+00	1.1826E-03	2.3532E-01
7.4800000E+00	7.2180E-03	2.0720E-01
7.5000000E+00	8.3907E-03	1.6014E-01
7.5200000E+00	7.6601E-03	1.0210E-01
7.5400000E+00	6.1944E-03	4.2540E-02
7.5600000E+00	4.6875E-03	-8.2421E-03
7.5800000E+00	4.0734E-03	-4.2165E-02
7.6000000E+00	1.8914E-03	-5.3093E-02
7.6200000E+00	-2.1642E-03	-3.9014E-02
7.6400000E+00	-6.9912E-03	-2.5940E-03
7.6600000E+00	-1.2775E-02	5.0636E-02
7.6800000E+00	-1.6433E-02	1.1204E-01
7.7000000E+00	-1.8054E-02	1.7137E-01
7.7200000E+00	-1.4116E-02	2.1910E-01
7.7400000E+00	-7.9478E-03	2.4752E-01
7.7600000E+00	-2.6237E-03	2.5182E-01
7.7800000E+00	5.9381E-03	2.3158E-01
7.8000000E+00	1.0653E-02	1.9036E-01
7.8200000E+00	1.0782E-02	1.3509E-01
7.8400000E+00	7.9674E-03	7.4997E-02
7.8600000E+00	6.6306E-03	2.0033E-02
7.8800000E+00	4.9359E-03	-2.0648E-02
7.9000000E+00	3.5906E-03	-4.0011E-02
7.9200000E+00	-1.3444E-04	-3.4811E-02
7.9400000E+00	-5.3886E-03	-5.6507E-03
7.9600000E+00	-1.0538E-02	4.2470E-02
7.9800000E+00	-1.5491E-02	1.0208E-01
8.0000000E+00	-1.5017E-02	1.6318E-01
8.0200000E+00	-1.4197E-02	2.1607E-01
8.0400000E+00	-1.0066E-02	2.5198E-01
8.0600000E+00	-3.9517E-03	2.6520E-01
8.0800000E+00	3.1241E-03	2.5337E-01
8.1000000E+00	9.6795E-03	2.1896E-01
8.1200000E+00	1.0296E-02	1.6776E-01
8.1400000E+00	8.4348E-03	1.0821E-01
8.1600000E+00	6.3912E-03	5.0222E-02
8.1800000E+00	5.4766E-03	3.5525E-03
8.2000000E+00	4.0283E-03	-2.3867E-02
8.2200000E+00	1.2257E-03	-2.7516E-02
8.2400000E+00	-4.0934E-03	-6.4511E-03
8.2600000E+00	-7.3664E-03	3.5612E-02
8.2800000E+00	-1.1081E-02	9.2316E-02
8.3000000E+00	-1.3427E-02	1.5399E-01
8.3200000E+00	-1.3660E-02	2.1087E-01
8.3400000E+00	-1.2497E-02	2.5388E-01
8.3600000E+00	-6.9976E-03	2.7537E-01
8.3800000E+00	8.4552E-04	2.7234E-01
8.4000000E+00	7.9154E-03	2.4541E-01
8.4200000E+00	9.8451E-03	1.9924E-01
8.4400000E+00	8.9851E-03	1.4155E-01
8.4600000E+00	7.3240E-03	8.1819E-02
8.4800000E+00	5.7334E-03	3.0219E-02
8.5000000E+00	4.5160E-03	-4.7177E-03
8.5200000E+00	2.5992E-03	-1.7055E-02
8.5400000E+00	-2.0968E-03	-4.4968E-03
8.5600000E+00	-8.2576E-03	3.0879E-02
8.5800000E+00	-1.5780E-02	8.3329E-02
8.6000000E+00	-1.8377E-02	1.4456E-01
8.6200000E+00	-1.7931E-02	2.0414E-01
8.6400000E+00	-1.6514E-02	2.5295E-01
8.6600000E+00	-1.2357E-02	2.8262E-01
8.6800000E+00	-4.7279E-03	2.8820E-01
8.7000000E+00	4.6404E-03	2.6932E-01
8.7200000E+00	1.1330E-02	2.2920E-01
8.7400000E+00	1.0270E-02	1.7464E-01
8.7600000E+00	1.0166E-02	1.1435E-01
8.7800000E+00	8.5940E-03	5.8821E-02
8.8000000E+00	6.2578E-03	1.7182E-02
8.8200000E+00	4.1130E-03	-3.7135E-03
8.8400000E+00	5.8925E-04	2.5401E-04
8.8600000E+00	-5.6860E-03	2.8044E-02
8.8800000E+00	-1.2232E-02	7.5347E-02
8.9000000E+00	-1.6379E-02	1.3450E-01
8.9200000E+00	-1.8538E-02	1.9591E-01
8.9400000E+00	-1.7584E-02	2.4949E-01
8.9600000E+00	-1.1551E-02	2.8658E-01
8.9800000E+00	-5.2964E-03	3.0103E-01
9.0000000E+00	9.6250E-04	2.9064E-01
9.0200000E+00	1.0697E-02	2.5746E-01
9.0400000E+00	1.3141E-02	2.0694E-01
9.0600000E+00	1.2862E-02	1.4761E-01
9.0800000E+00	9.1853E-03	8.9293E-02
9.1000000E+00	7.7250E-03	4.1765E-02
9.1200000E+00	5.0593E-03	1.3112E-02
9.1400000E+00	2.4446E-03	8.0578E-03
9.1600000E+00	-2.6862E-03	2.7776E-02
9.1800000E+00	-1.1646E-02	6.8871E-02
9.2000000E+00	-1.8386E-02	1.2495E-01
9.2200000E+00	-1.7762E-02	1.8670E-01
9.2400000E+00	-1.6190E-02	2.4418E-01
9.2600000E+00	-1.3121E-02	2.8787E-01
9.2800000E+00	-9.7402E-03	3.1074E-01
9.3000000E+00	-2.5474E-03	3.0912E-01
9.3200000E+00	7.0167E-03	2.8349E-01
9.3400000E+00	1.3086E-02	2.3818E-01
9.3600000E+00	1.0685E-02	1.8099E-01
9.3800000E+00	1.1249E-02	1.2105E-01
9.4000000E+00	9.2314E-03	6.8695E-02
9.4200000E+00	6.9102E-03	3.2529E-02
9.4400000E+00	3.9257E-03	1.8820E-02
9.4600000E+00	-1.4633E-04	3.0071E-02
9.4800000E+00	-9.2753E-03	6.4195E-02
9.5000000E+00	-1.8307E-02	1.1607E-01
9.5200000E+00	-1.8957E-02	1.7692E-01
9.5400000E+00	-1.7081E-02	2.3703E-01
9.5600000E+00	-1.4878E-02	2.8654E-01
9.5800000E+00	-9.5677E-03	3.1737E-01
9.6000000E+00	-4.0696E-03	3.2453E-01
9.6200000E+00	4.0075E-03	3.0709E-01
9.6400000E+00	1.2281E-02	2.6795E-01
9.6600000E+00	1.2989E-02	2.1390E-01
9.6800000E+00	1.1526E-02	1.5381E-01
9.7000000E+00	9.6969E-03	9.7728E-02
9.7200000E+00	7.4757E-03	5.4987E-02
9.7400000E+00	5.6655E-03	3.2958E-02
9.7600000E+00	1.2321E-03	3.5312E-02
9.7800000E+00	-6.3279E-03	6.1959E-02
9.8000000E+00	-1.4406E-02	1.0835E-01
9.8200000E+00	-1.7006E-02	1.6702E-01
9.8400000E+00	-1.8749E-02	2.2862E-01
9.8600000E+00	-1.5356E-02	2.8274E-01
9.8800000E+00	-1.1838E-02	3.2105E-01
9.9000000E+00	-6.0632E-03	3.3690E-01
9.9200000E+00	2.2245E-04	3.2793E-01
9.9400000E+00	8.6901E-03	2.9583E-01
9.9600000E+00	1.4265E-02	2.4620E-01
9.9800000E+00	1.3902E-02	1.8709E-01
1.0000000E+01	1.1414E-02	1.2836E-01
1.0020000E+01	9.5700E-03	8.0053E-02
1.0040000E+01	6.2737E-03	5.0065E-02
1.0060000E+01	3.3115E-03	4.3641E-02
1.0080000E+01	-3.5635E-03	6.2004E-02
1.0100000E+01	-1.1724E-02	1.0203E-01
1.0120000E+01	-1.6892E-02	1.5750E-01
1.0140000E+01	-1.8670E-02	2.1919E-01
1.0160000E+01	-1.8016E-02	2.7717E-01
1.0180000E+01	-1.3801E-02	3.2185E-01
1.0200000E+01	-8.3885E-03	3.4613E-01
1.0220000E+01	-2.4334E-03	3.4594E-01
1.0240000E+01	6.4774E-03	3.2153E-01
1.0260000E+01	1.2666E-02	2.7714E-01
1.0280000E+01	1.4190E-02	2.2032E-01
1.0300000E+01	1.1191E-02	1.6037E-01
1.0320000E+01	1.0831E-02	1.0740E-01
1.0340000E+01	7.4286E-03	7.0165E-02
1.0360000E+01	3.9886E-03	5.4997E-02
1.0380000E+01	-1.0832E-03	6.4770E-02
1.0400000E+01	-8.5625E-03	9.7747E-02
1.0420000E+01	-1.5445E-02	1.4879E-01
1.0440000E+01	-1.8971E-02	2.0933E-01
1.0460000E+01	-1.8703E-02	2.6981E-01
1.0480000E+01	-1.5467E-02	3.2014E-01
1.0500000E+01	-1.0444E-02	3.5213E-01
1.0520000E+01	-4.8642E-03	3.6081E-01
1.0540000E+01	3.2967E-03	3.4474E-01
1.0560000E+01	1.1087E-02	3.0674E-01
1.0580000E+01	1.3500E-02	2.5331E-01
1.0600000E+01	1.3111E-02	1.9319E-01
1.0620000E+01	1.0710E-02	1.3667E-01
1.0640000E+01	7.7136E-03	9.3023E-02
1.0660000E+01	5.2040E-03	6.9635E-02
1.0680000E+01	8.9112E-04	7.0530E-02
1.0700000E+01	-6.8687E-03	9.5783E-02
1.0720000E+01	-1.3886E-02	1.4123E-01
1.0740000E+01	-1.6374E-02	1.9946E-01
1.0760000E+01	-1.5528E-02	2.6112E-01
1.0780000E+01	-1.5417E-02	3.1601E-01
1.0800000E+01	-1.0253E-02	3.5523E-01
1.0820000E+01	-5.9294E-03	3.7265E-01
1.0840000E+01	3.4885E-04	3.6517E-01
1.0860000E+01	8.9494E-03	3.3422E-01
1.0880000E+01	1.3258E-02	2.8528E-01
1.0900000E+01	1.4396E-02	2.2654E-01
1.0920000E+01	1.1785E-02	1.6765E-01
1.0940000E+01	9.8679E-03	1.1841E-01
1.0960000E+01	6.9909E-03	8.7183E-02
1.0980000E+01	3.2897E-03	7.9281E-02
1.1000000E+01	-3.9819E-03	9.6217E-02
1.1020000E+01	-1.2005E-02	1.3528E-01
1.1040000E+01	-1.6515E-02	1.9009E-01
1.1060000E+01	-1.7874E-02	2.5166E-01
1.1080000E+01	-1.5297E-02	3.0999E-01
1.1100000E+01	-1.2890E-02	3.5561E-01
1.1120000E+01	-8.6665E-03	3.8127E-01
1.1140000E+01	-2.3407E-03	3.8264E-01
1.1160000E+01	6.2965E-03	3.5945E-01
1.1180000E+01	1.2758E-02	3.1613E-01
1.1200000E+01	1.2817E-02	2.5976E-01
1.1220000E+01	1.3481E-02	1.9966E-01
1.1240000E+01	9.9368E-03	1.4602E-01
1.1260000E+01	7.7989E-03	1.0767E-01
1.1280000E+01	4.3747E-03	9.1240E-02
1.1300000E+01	-1.1421E-03	9.9582E-02
1.1320000E+01	-9.8864E-03	1.3141E-01
1.1340000E+01	-1.5080E-02	1.8151E-01
1.1360000E+01	-1.7554E-02	2.4179E-01
1.1380000E+01	-1.6164E-02	3.0243E-01
1.1400000E+01	-1.3973E-02	3.5346E-01
1.1420000E+01	-9.6604E-03	3.8672E-01
1.1440000E+01	-4.8012E-03	3.9695E-01
1.1460000E+01	3.4419E-03	3.8221E-01
1.1480000E+01	1.1293E-02	3.4531E-01
1.1500000E+01	1.3157E-02	2.9253E-01
1.1520000E+01	1.3230E-02	2.3265E-01
1.1540000E+01	1.0976E-02	1.7555E-01
1.1560000E+01	8.6465E-03	1.3105E-01
1.1580000E+01	6.2603E-03	1.0635E-01
1.1600000E+01	1.2584E-03	1.0573E-01
1.1620000E+01	-6.3582E-03	1.2971E-01
1.1640000E+01	-1.4071E-02	1.7420E-01
1.1660000E+01	-1.6747E-02	2.3186E-01
1.1680000E+01	-1.7395E-02	2.9371E-01
1.1700000E+01	-1.4964E-02	3.4904E-01
1.1720000E+01	-1.1562E-02	3.8954E-01
1.1740000E+01	-5.8045E-03	4.0817E-01
1.1760000E+01	7.8604E-04	4.0225E-01
1.1780000E+01	8.5335E-03	3.7260E-01
1.1800000E+01	1.3239E-02	3.2452E-01
1.1820000E+01	1.4945E-02	2.6600E-01
1.1840000E+01	1.3576E-02	2.0676E-01
1.1860000E+01	1.1085E-02	1.5668E-01
1.1880000E+01	8.6758E-03	1.2426E-01
1.1900000E+01	4.5968E-03	1.1498E-01
1.1920000E+01	-2.5429E-03	1.3064E-01
1.1940000E+01	-1.1069E-02	1.6856E-01
1.1960000E+01	-1.5777E-02	2.2262E-01
1.1980000E+01	-1.6554E-02	2.8402E-01
1.2000000E+01	-1.8474E-02	3.4274E-01
1.2020000E+01	-1.3953E-02	3.8941E-01
1.2040000E+01	-8.6973E-03	4.1641E-01
1.2060000E+01	-3.0381E-03	4.1918E-01
1.2080000E+01	5.9956E-03	3.9746E-01
1.2100000E+01	1.1729E-02	3.5499E-01
1.2120000E+01	1.6374E-02	2.9910E-01
1.2140000E+01	1.3649E-02	2.3900E-01
1.2160000E+01	1.1767E-02	1.8465E-01
1.2180000E+01	8.3665E-03	1.4533E-01
1.2200000E+01	5.6759E-03	1.2743E-01
1.2220000E+01	-3.9368E-04	1.3445E-01
1.2240000E+01	-8.6869E-03	1.6496E-01
1.2260000E+01	-1.4267E-02	2.1418E-01
1.2280000E+01	-1.5389E-02	2.7410E-01
1.2300000E+01	-1.8001E-02	3.3496E-01
1.2320000E+01	-1.4641E-02	3.8691E-01
1.2340000E+01	-9.8909E-03	4.2152E-01
1.2360000E+01	-4.6426E-03	4.3307E-01
1.2380000E+01	3.2615E-03	4.1977E-01
1.2400000E+01	1.1495E-02	3.8403E-01
1.2420000E+01	1.3681E-02	3.3195E-01
1.2440000E+01	1.3958E-02	2.7208E-01
1.2460000E+01	1.3270E-02	2.1452E-01
1.2480000E+01	1.0039E-02	1.6894E-01
1.2500000E+01	6.7550E-03	1.4304E-01
1.2520000E+01	2.2161E-03	1.4108E-01
1.2540000E+01	-5.4109E-03	1.6362E-01
1.2560000E+01	-1.2823E-02	2.0717E-01
1.2580000E+01	-1.5795E-02	2.6432E-01
1.2600000E+01	-1.7522E-02	3.2593E-01
1.2620000E+01	-1.8562E-02	3.8226E-01
1.2640000E+01	-1.3457E-02	4.2372E-01
1.2660000E+01	-7.5890E-03	4.4382E-01
1.2680000E+01	-8.4722E-04	4.3922E-01
1.2700000E+01	8.4517E-03	4.1095E-01
1.2720000E+01	1.5791E-02	3.6369E-01
1.2740000E+01	1.6642E-02	3.0535E-01
1.2760000E+01	1.4935E-02	2.4601E-01
1.2780000E+01	1.3091E-02	1.9508E-01
1.2800000E+01	8.8141E-03	1.6158E-01
1.2820000E+01	5.6923E-03	1.5086E-01
1.2840000E+01	-1.2031E-03	1.6504E-01
1.2860000E+01	-1.0822E-02	2.0194E-01
1.2880000E+01	-1.6315E-02	2.5515E-01
1.2900000E+01	-1.8966E-02	3.1633E-01
1.2920000E+01	-2.3960E-02	3.7559E-01
1.2940000E+01	-1.8435E-02	4.2319E-01
1.2960000E+01	-1.2371E-02	4.5149E-01
1.2980000E+01	-5.1244E-03	4.5564E-01
1.3000000E+01	4.2717E-03	4.3534E-01
1.3020000E+01	1.3399E-02	3.9403E-01
1.3040000E+01	1.6910E-02	3.3874E-01
1.3060000E+01	1.5306E-02	2.7839E-01
1.3080000E+01	1.3130E-02	2.2348E-01
1.3100000E+01	1.0669E-02	1.8293E-01
1.3120000E+01	7.2482E-03	1.6378E-01
1.3140000E+01	1.2549E-03	1.6933E-01
1.3160000E+01	-7.9701E-03	1.9858E-01
1.3180000E+01	-1.6017E-02	2.4683E-01
1.3200000E+01	-1.5688E-02	3.0644E-01
1.3220000E+01	-1.9359E-02	3.6758E-01
1.3240000E+01	-1.8699E-02	4.2033E-01
1.3260000E+01	-1.1579E-02	4.5613E-01
1.3280000E+01	-6.2655E-03	4.6899E-01
1.3300000E+01	1.8384E-03	4.5717E-01
1.3320000E+01	1.0006E-02	4.2272E-01
1.3340000E+01	1.3710E-02	3.7128E-01
1.3360000E+01	1.4272E-02	3.1164E-01
1.3380000E+01	1.5077E-02	2.5366E-01
1.3400000E+01	1.2346E-02	2.0712E-01
1.3420000E+01	9.2770E-03	1.7984E-01
1.3440000E+01	4.0466E-03	1.7650E-01
1.3460000E+01	-4.2724E-03	1.9768E-01
1.3480000E+01	-1.3877E-02	2.4006E-01
1.3500000E+01	-1.8764E-02	2.9675E-01
1.3520000E+01	-1.9877E-02	3.5840E-01
1.3540000E+01	-1.7546E-02	4.1530E-01
1.3560000E+01	-1.3356E-02	4.5788E-01
1.3580000E+01	-7.6742E-03	4.7929E-01
1.3600000E+01	-1.6725E-03	4.7617E-01
1.3620000E+01	7.2110E-03	4.4913E-01
1.3640000E+01	1.3983E-02	4.0291E-01
1.3660000E+01	1.4787E-02	3.4505E-01
1.3680000E+01	1.2706E-02	2.8547E-01
1.3700000E+01	1.4712E-02	2.3364E-01
1.3720000E+01	1.0539E-02	1.9888E-01
1.3740000E+01	6.3386E-03	1.8681E-01
1.3760000E+01	-6.4350E-04	1.9953E-01
1.3780000E+01	-1.0321E-02	2.3515E-01
1.3800000E+01	-1.6773E-02	2.8773E-01
1.3820000E+01	-2.2360E-02	3.4869E-01
1.3840000E+01	-2.3923E-02	4.0847E-01
1.3860000E+01	-1.9194E-02	4.5689E-01
1.3880000E+01	-1.2525E-02	4.8648E-01
1.3900000E+01	-5.0283E-03	4.9218E-01
1.3920000E+01	2.7534E-03	4.7309E-01
1.3940000E+01	1.2836E-02	4.3289E-01
1.3960000E+01	1.8308E-02	3.7806E-01
1.3980000E+01	1.9033E-02	3.1795E-01
1.4000000E+01	1.5686E-02	2.6254E-01
1.4020000E+01	1.3755E-02	2.2082E-01
1.4040000E+01	8.6217E-03	2.0026E-01
1.4060000E+01	2.1377E-03	2.0432E-01
1.4080000E+01	-7.8249E-03	2.3222E-01
1.4100000E+01	-1.6884E-02	2.7972E-01
1.4120000E+01	-2.2581E-02	3.3882E-01
1.4140000E+01	-2.2003E-02	4.0019E-01
1.4160000E+01	-2.1754E-02	4.5368E-01
1.4180000E+01	-1.6749E-02	4.9065E-01
1.4200000E+01	-7.3644E-03	5.0489E-01
1.4220000E+01	-8.7994E-04	4.9453E-01
1.4240000E+01	9.7831E-03	4.6121E-01
1.4260000E+01	1.5101E-02	4.1053E-01
1.4280000E+01	1.9432E-02	3.5106E-01
1.4300000E+01	1.7534E-02	2.9293E-01
1.4320000E+01	1.6150E-02	2.4542E-01
1.4340000E+01	1.0971E-02	2.1691E-01
1.4360000E+01	5.8985E-03	2.1199E-01
1.4380000E+01	-3.6954E-03	2.3191E-01
1.4400000E+01	-1.3775E-02	2.7318E-01
1.4420000E+01	-1.9930E-02	3.2919E-01
1.4440000E+01	-2.5557E-02	3.9096E-01
1.4460000E+01	-2.9078E-02	4.4837E-01
1.4480000E+01	-1.9447E-02	4.9187E-01
1.4500000E+01	-1.0027E-02	5.1466E-01
1.4520000E+01	-4.0121E-03	5.1292E-01
1.4540000E+01	5.9778E-03	4.8720E-01
1.4560000E+01	1.4977E-02	4.4187E-01
1.4580000E+01	1.7883E-02	3.8449E-01
1.4600000E+01	1.8784E-02	3.2462E-01
1.4620000E+01	1.6078E-02	2.7235E-01
1.4640000E+01	1.4423E-02	2.3641E-01
1.4660000E+01	8.4358E-03	2.2284E-01
1.4680000E+01	-6.8811E-04	2.3416E-01
1.4700000E+01	-1.0684E-02	2.6850E-01
1.4720000E+01	-1.7654E-02	3.2028E-01
1.4740000E+01	-1.8946E-02	3.8111E-01
1.4760000E+01	-2.6205E-02	4.4122E-01
1.4780000E+01	-2.0897E-02	4.9064E-01
1.4800000E+01	-1.3567E-02	5.2139E-01
1.4820000E+01	-6.0454E-03	5.2851E-01
1.4840000E+01	3.0131E-03	5.1082E-01
1.4860000E+01	1.3060E-02	4.7158E-01
1.4880000E+01	1.6102E-02	4.1754E-01
1.4900000E+01	1.9703E-02	3.5733E-01
1.4920000E+01	1.6436E-02	3.0140E-01
1.4940000E+01	1.4455E-02	2.5878E-01
1.4960000E+01	1.0244E-02	2.3685E-01
1.4980000E+01	2.7846E-03	2.3944E-01
1.5000000E+01	-7.0635E-03	2.6614E-01
1.5020000E+01	-1.5706E-02	3.1250E-01
1.5040000E+01	-2.1464E-02	3.7129E-01
1.5060000E+01	-2.5165E-02	4.3283E-01
1.5080000E+01	-2.4697E-02	4.8692E-01
1.5100000E+01	-1.7035E-02	5.2498E-01
1.5120000E+01	-8.6631E-03	5.4091E-01
1.5140000E+01	-2.1409E-03	5.3178E-01
1.5160000E+01	9.8510E-03	4.9966E-01
1.5180000E+01	1.6195E-02	4.4977E-01
1.5200000E+01	1.8345E-02	3.9067E-01
1.5220000E+01	1.7675E-02	3.3201E-01
1.5240000E+01	1.5824E-02	2.8379E-01
1.5260000E+01	1.2634E-02	2.5395E-01
1.5280000E+01	5.4910E-03	2.4766E-01
1.5300000E+01	-4.9916E-03	2.6613E-01
1.5320000E+01	-1.2788E-02	3.0626E-01
1.5340000E+01	-1.7835E-02	3.6166E-01
1.5360000E+01	-2.3617E-02	4.2349E-01
1.5380000E+01	-2.7413E-02	4.8134E-01
1.5400000E+01	-2.0247E-02	5.2587E-01
1.5420000E+01	-1.1322E-02	5.5012E-01
1.5440000E+01	-4.7715E-03	5.4987E-01
1.5460000E+01	5.0989E-03	5.2529E-01
1.5480000E+01	1.4939E-02	4.8088E-01
1.5500000E+01	1.9287E-02	4.2398E-01
1.5520000E+01	2.0996E-02	3.6395E-01
1.5540000E+01	1.7604E-02	3.1092E-01
1.5560000E+01	1.4071E-02	2.7396E-01
1.5580000E+01	8.7932E-03	2.5902E-01
1.5600000E+01	8.2470E-04	2.6886E-01
1.5620000E+01	-9.8131E-03	3.0198E-01
1.5640000E+01	-1.8824E-02	3.5308E-01
1.5660000E+01	-2.7256E-02	4.1363E-01
1.5680000E+01	-3.2143E-02	4.7395E-01
1.5700000E+01	-2.8085E-02	5.2414E-01
1.5720000E+01	-1.8722E-02	5.5629E-01
1.5740000E+01	-9.2747E-03	5.6481E-01
1.5760000E+01	-1.0510E-03	5.4853E-01
1.5780000E+01	1.1990E-02	5.1030E-01
1.5800000E+01	1.6465E-02	4.5691E-01
1.5820000E+01	2.1059E-02	3.9686E-01
1.5840000E+01	1.8685E-02	3.4027E-01
1.5860000E+01	1.6164E-02	2.9664E-01
1.5880000E+01	1.0808E-02	2.7346E-01
1.5900000E+01	3.5222E-03	2.7457E-01
1.5920000E+01	-6.8355E-03	2.9998E-01
1.5940000E+01	-1.4982E-02	3.4540E-01
1.5960000E+01	-2.1697E-02	4.0368E-01
1.5980000E+01	-2.6903E-02	4.6531E-01
1.6000000E+01	-2.8600E-02	5.2015E-01
1.6020000E+01	-2.2141E-02	5.5941E-01
1.6040000E+01	-1.1687E-02	5.7664E-01
1.6060000E+01	-3.3737E-03	5.6895E-01
1.6080000E+01	6.3892E-03	5.3810E-01
1.6100000E+01	1.8488E-02	4.8893E-01
1.6120000E+01	2.2044E-02	4.3011E-01
1.6140000E+01	1.9928E-02	3.7126E-01
1.6160000E+01	2.3949E-02	3.2188E-01
1.6180000E+01	1.3141E-02	2.9109E-01
1.6200000E+01	5.1009E-03	2.8329E-01
1.6220000E+01	-2.6208E-03	3.0034E-01
1.6240000E+01	-1.0894E-02	3.3948E-01
1.6260000E+01	-2.1068E-02	3.9435E-01
1.6280000E+01	-2.5895E-02	4.5578E-01
1.6300000E+01	-3.2682E-02	5.1417E-01
1.6320000E+01	-2.6765E-02	5.5991E-01
1.6340000E+01	-1.5080E-02	5.8535E-01
1.6360000E+01	-8.2492E-03	5.8649E-01
1.6380000E+01	1.8815E-03	5.6333E-01
1.6400000E+01	1.4624E-02	5.1986E-01
1.6420000E+01	1.6350E-02	4.6334E-01
1.6440000E+01	2.2817E-02	4.0335E-01
1.6460000E+01	1.9666E-02	3.4957E-01
1.6480000E+01	1.6055E-02	3.1147E-01
1.6500000E+01	9.3127E-03	2.9524E-01
1.6520000E+01	8.2421E-04	3.0366E-01
1.6540000E+01	-9.2782E-03	3.3549E-01
1.6560000E+01	-1.7822E-02	3.8564E-01
1.6580000E+01	-2.5663E-02	4.4606E-01
1.6600000E+01	-3.0862E-02	5.0661E-01
1.6620000E+01	-2.9438E-02	5.5782E-01
1.6640000E+01	-1.8272E-02	5.9096E-01
1.6660000E+01	-9.4750E-03	6.0090E-01
1.6680000E+01	-2.0021E-03	5.8612E-01
1.6700000E+01	1.0557E-02	5.4911E-01
1.6720000E+01	1.8504E-02	4.9617E-01
1.6740000E+01	2.0671E-02	4.3625E-01
1.6760000E+01	1.9816E-02	3.7921E-01
1.6780000E+01	1.7517E-02	3.3475E-01
1.6800000E+01	1.3442E-02	3.1014E-01
1.6820000E+01	4.7103E-03	3.0978E-01
1.6840000E+01	-5.7287E-03	3.3381E-01
1.6860000E+01	-1.4685E-02	3.7834E-01
1.6880000E+01	-2.7385E-02	4.3623E-01
1.6900000E+01	-3.2843E-02	4.9780E-01
1.6920000E+01	-3.9125E-02	5.5343E-01
1.6940000E+01	-2.7930E-02	5.9374E-01
1.6960000E+01	-1.4665E-02	6.1217E-01
1.6980000E+01	-7.6132E-03	6.0603E-01
1.7000000E+01	5.7587E-03	5.7631E-01
1.7020000E+01	1.5518E-02	5.2812E-01
1.7040000E+01	1.8838E-02	4.6957E-01
1.7060000E+01	2.2054E-02	4.1037E-01
1.7080000E+01	2.0524E-02	3.6046E-01
1.7100000E+01	1.5938E-02	3.2812E-01
1.7120000E+01	8.6118E-03	3.1909E-01
1.7140000E+01	-1.5203E-03	3.3477E-01
1.7160000E+01	-1.3267E-02	3.7271E-01
1.7180000E+01	-2.0694E-02	4.2676E-01
1.7200000E+01	-3.7691E-02	4.8832E-01
1.7220000E+01	-4.6067E-02	5.4721E-01
1.7240000E+01	-3.4412E-02	5.9360E-01
1.7260000E+01	-2.1624E-02	6.2044E-01
1.7280000E+01	-1.4353E-02	6.2305E-01
1.7300000E+01	-4.2387E-03	6.0123E-01
1.7320000E+01	1.1309E-02	5.5872E-01
1.7340000E+01	2.0617E-02	5.0271E-01
1.7360000E+01	1.9445E-02	4.4273E-01
1.7380000E+01	2.0592E-02	3.8832E-01
1.7400000E+01	1.7231E-02	3.4910E-01
1.7420000E+01	1.0992E-02	3.3138E-01
1.7440000E+01	2.2399E-03	3.3847E-01
1.7460000E+01	-1.0728E-02	3.6908E-01
1.7480000E+01	-1.7763E-02	4.1841E-01
1.7500000E+01	-3.3961E-02	4.7842E-01
1.7520000E+01	-4.3204E-02	5.3929E-01
1.7540000E+01	-3.5638E-02	5.9113E-01
1.7560000E+01	-2.3815E-02	6.2557E-01
1.7580000E+01	-1.2029E-02	6.3698E-01
1.7600000E+01	-6.9862E-03	6.2355E-01
1.7620000E+01	8.4071E-03	5.8767E-01
1.7640000E+01	1.8943E-02	5.3554E-01
1.7660000E+01	2.4205E-02	4.7565E-01
1.7680000E+01	2.0291E-02	4.1824E-01
1.7700000E+01	2.0777E-02	3.7271E-01
1.7720000E+01	1.4092E-02	3.4689E-01
1.7740000E+01	5.9317E-03	3.4516E-01
1.7760000E+01	-4.9921E-03	3.6791E-01
1.7780000E+01	-1.8112E-02	4.1145E-01
1.7800000E+01	-2.7352E-02	4.6864E-01
1.7820000E+01	-4.4612E-02	5.3041E-01
1.7840000E+01	-4.2797E-02	5.8651E-01
1.7860000E+01	-2.8383E-02	6.2786E-01
1.7880000E+01	-1.5878E-02	6.4782E-01
1.7900000E+01	-9.5766E-03	6.4304E-01
1.7920000E+01	2.8198E-03	6.1449E-01
1.7940000E+01	1.4366E-02	5.6736E-01
1.7960000E+01	2.0790E-02	5.0909E-01
1.7980000E+01	2.1078E-02	4.4962E-01
1.8000000E+01	2.1697E-02	3.9887E-01
1.8020000E+01	1.6839E-02	3.6542E-01
1.8040000E+01	8.2158E-03	3.5483E-01
1.8060000E+01	-1.5670E-03	3.6921E-01
1.8080000E+01	-1.4037E-02	4.0599E-01
1.8100000E+01	-2.6260E-02	4.5948E-01
1.8120000E+01	-4.0463E-02	5.2081E-01
1.8140000E+01	-4.5589E-02	5.8005E-01
1.8160000E+01	-3.3611E-02	6.2747E-01
1.8180000E+01	-1.7755E-02	6.5561E-01
1.8200000E+01	-1.2731E-02	6.5959E-01
1.8220000E+01	-8.2259E-03	6.3904E-01
1.8240000E+01	1.0439E-02	5.9760E-01
1.8260000E+01	2.4296E-02	5.4211E-01
1.8280000E+01	2.5210E-02	4.8204E-01
1.8300000E+01	2.4097E-02	4.2717E-01
1.8320000E+01	1.7776E-02	3.8691E-01
1.8340000E+01	1.3010E-02	3.6777E-01
1.8360000E+01	2.5992E-03	3.7340E-01
1.8380000E+01	-9.3541E-03	4.0286E-01
1.8400000E+01	-2.2216E-02	4.5132E-01
1.8420000E+01	-4.1400E-02	5.1077E-01
1.8440000E+01	-5.0233E-02	5.7194E-01
1.8460000E+01	-4.4377E-02	6.2467E-01
1.8480000E+01	-2.5054E-02	6.6021E-01
1.8500000E+01	-1.4860E-02	6.7303E-01
1.8520000E+01	-1.0562E-02	6.6093E-01
1.8540000E+01	5.4776E-03	6.2619E-01
1.8560000E+01	1.5957E-02	5.7486E-01
1.8580000E+01	2.2227E-02	5.1511E-01
1.8600000E+01	2.4072E-02	4.5734E-01
1.8620000E+01	2.3167E-02	4.1084E-01
1.8640000E+01	1.6219E-02	3.8376E-01
1.8660000E+01	6.4645E-03	3.8047E-01
1.8680000E+01	-6.3294E-03	4.0190E-01
1.8700000E+01	-1.8212E-02	4.4436E-01
1.8720000E+01	-2.9908E-02	5.0114E-01
1.8740000E+01	-4.3059E-02	5.6286E-01
1.8760000E+01	-4.1935E-02	6.1959E-01
1.8780000E+01	-2.7015E-02	6.6191E-01
1.8800000E+01	-1.4341E-02	6.8333E-01
1.8820000E+01	-1.0167E-02	6.8006E-01
1.8840000E+01	-1.4385E-04	6.5277E-01
1.8860000E+01	1.4456E-02	6.0631E-01
1.8880000E+01	1.9779E-02	5.4853E-01
1.8900000E+01	2.2129E-02	4.8883E-01
1.8920000E+01	2.4725E-02	4.3732E-01
1.8940000E+01	1.7707E-02	4.0276E-01
1.8960000E+01	1.0037E-02	3.9085E-01
1.8980000E+01	-1.2591E-03	4.0377E-01
1.9000000E+01	-1.4243E-02	4.3940E-01
1.9020000E+01	-2.9551E-02	4.9206E-01
1.9040000E+01	-4.9011E-02	5.5320E-01
1.9060000E+01	-5.6376E-02	6.1282E-01
1.9080000E+01	-3.3500E-02	6.6122E-01
1.9100000E+01	-1.9452E-02	6.9059E-01
1.9120000E+01	-1.2553E-02	6.9600E-01
1.9140000E+01	-1.1996E-02	6.7694E-01
1.9160000E+01	9.4386E-03	6.3637E-01
1.9180000E+01	1.9860E-02	5.8163E-01
1.9200000E+01	2.1903E-02	5.2142E-01
1.9220000E+01	1.7300E-02	4.6604E-01
1.9240000E+01	2.0463E-02	4.2457E-01
1.9260000E+01	1.4140E-02	4.0420E-01
1.9280000E+01	4.3767E-03	4.0838E-01
1.9300000E+01	-6.5014E-03	4.3656E-01
1.9320000E+01	-2.7582E-02	4.8403E-01
1.9340000E+01	-6.0366E-02	5.4331E-01
1.9360000E+01	-7.5483E-02	6.0469E-01
1.9380000E+01	-3.7874E-02	6.5796E-01
1.9400000E+01	-1.9716E-02	6.9474E-01
1.9420000E+01	-1.1089E-02	7.0905E-01
1.9440000E+01	-1.5109E-02	6.9840E-01
1.9460000E+01	-7.9270E-04	6.6466E-01
1.9480000E+01	1.7466E-02	6.1402E-01
1.9500000E+01	2.0343E-02	5.5468E-01
1.9520000E+01	2.3134E-02	4.9641E-01
1.9540000E+01	2.2197E-02	4.4911E-01
1.9560000E+01	1.4856E-02	4.2069E-01
1.9580000E+01	5.6268E-03	4.1614E-01
1.9600000E+01	-6.8063E-03	4.3604E-01
1.9620000E+01	-1.9898E-02	4.7752E-01
1.9640000E+01	-3.8756E-02	5.3362E-01
1.9660000E+01	-5.8922E-02	5.9545E-01
1.9680000E+01	-4.5696E-02	6.5267E-01
1.9700000E+01	-2.4762E-02	6.9614E-01
1.9720000E+01	-1.1910E-02	7.1883E-01
1.9740000E+01	-1.2541E-02	7.1699E-01
1.9760000E+01	-7.4799E-03	6.9083E-01
1.9780000E+01	9.6393E-03	6.4546E-01
1.9800000E+01	2.0346E-02	5.8792E-01
1.9820000E+01	2.0173E-02	5.2820E-01
1.9840000E+01	2.0141E-02	4.7590E-01
1.9860000E+01	1.8493E-02	4.4014E-01
1.9880000E+01	1.0368E-02	4.2676E-01
1.9900000E+01	-1.4633E-03	4.3835E-01
1.9920000E+01	-1.6415E-02	4.7282E-01
1.9940000E+01	-3.1607E-02	5.2457E-01
1.9960000E+01	-5.3895E-02	5.8563E-01
1.9980000E+01	-4.9565E-02	6.4556E-01
2.0000000E+01	-3.1492E-02	6.9490E-01
2.0020000E+01	-1.6151E-02	7.2547E-01
2.0040000E+01	-1.0085E-02	7.3245E-01
2.0060000E+01	-1.1191E-02	7.1457E-01
2.0080000E+01	9.0951E-03	6.7515E-01
2.0100000E+01	1.6740E-02	6.2100E-01
2.0120000E+01	2.1756E-02	5.6090E-01
2.0140000E+01	2.1073E-02	5.0487E-01
2.0160000E+01	1.9427E-02	4.6252E-01
2.0180000E+01	1.2743E-02	4.4081E-01
2.0200000E+01	3.2144E-03	4.4338E-01
2.0220000E+01	-9.5156E-03	4.7029E-01
2.0240000E+01	-2.9993E-02	5.1692E-01
2.0260000E+01	-5.0653E-02	5.7572E-01
2.0280000E+01	-5.2855E-02	6.3718E-01
2.0300000E+01	-2.9600E-02	6.9129E-01
2.0320000E+01	-1.2289E-02	7.2926E-01
2.0340000E+01	-5.6389E-03	7.4477E-01
2.0360000E+01	-1.5156E-02	7.3569E-01
2.0380000E+01	-8.7072E-03	7.0317E-01
2.0400000E+01	1.1521E-02	6.5328E-01
2.0420000E+01	1.8925E-02	5.9417E-01
2.0440000E+01	2.3688E-02	5.3553E-01
2.0460000E+01	2.0135E-02	4.8728E-01
2.0480000E+01	1.6527E-02	4.5684E-01
2.0500000E+01	7.1486E-03	4.4934E-01
2.0520000E+01	-4.4439E-03	4.6629E-01
2.0540000E+01	-1.8784E-02	5.0504E-01
2.0560000E+01	-5.3464E-02	5.5928E-01
2.0580000E+01	-5.8204E-02	6.1925E-01
2.0600000E+01	-4.0939E-02	6.7554E-01
2.0620000E+01	-2.3221E-02	7.1841E-01
2.0640000E+01	-1.2139E-02	7.4083E-01
2.0660000E+01	-1.4154E-02	7.3876E-01
2.0680000E+01	-1.1235E-02	7.1267E-01
2.0700000E+01	7.5694E-03	6.6636E-01
2.0720000E+01	2.2260E-02	6.0787E-01
2.0740000E+01	2.3650E-02	5.4640E-01
2.0760000E+01	2.3163E-02	4.9192E-01
2.0780000E+01	2.2389E-02	4.5353E-01
2.0800000E+01	1.2440E-02	4.3711E-01
2.0820000E+01	-1.3979E-03	4.4567E-01
2.0840000E+01	-1.5592E-02	4.7736E-01
2.0860000E+01	-3.6440E-02	5.2685E-01
2.0880000E+01	-5.9496E-02	5.8608E-01
2.0900000E+01	-5.3215E-02	6.4475E-01
2.0920000E+01	-3.2120E-02	6.9329E-01
2.0940000E+01	-2.0266E-02	7.2366E-01
2.0960000E+01	-1.2885E-02	7.3040E-01
2.0980000E+01	-1.5301E-02	7.1250E-01
2.1000000E+01	5.3289E-03	6.7252E-01
2.1020000E+01	2.1803E-02	6.1735E-01
2.1040000E+01	2.5658E-02	5.5582E-01
2.1060000E+01	2.5453E-02	4.9770E-01
2.1080000E+01	2.3601E-02	4.5269E-01
2.1100000E+01	1.5718E-02	4.2811E-01
2.1120000E+01	2.0133E-03	4.2772E-01
2.1140000E+01	-6.7428E-03	4.5177E-01
2.1160000E+01	-2.9562E-02	4.9592E-01
2.1180000E+01	-6.6672E-02	5.5279E-01
2.1200000E+01	-6.6847E-02	6.1283E-01
2.1220000E+01	-3.8356E-02	6.6590E-01
2.1240000E+01	-1.8381E-02	7.0338E-01
2.1260000E+01	-1.1783E-02	7.1883E-01
2.1280000E+01	-2.8839E-02	7.0956E-01
2.1300000E+01	-1.0480E-02	6.7666E-01
2.1320000E+01	1.1853E-02	6.2598E-01
2.1340000E+01	1.9795E-02	5.6556E-01
2.1360000E+01	2.7550E-02	5.0506E-01
2.1380000E+01	2.4601E-02	4.5456E-01
2.1400000E+01	1.7787E-02	4.2217E-01
2.1420000E+01	6.6405E-03	4.1312E-01
2.1440000E+01	-8.6522E-03	4.2875E-01
2.1460000E+01	-2.1085E-02	4.6643E-01
2.1480000E+01	-4.0602E-02	5.1974E-01
2.1500000E+01	-6.6709E-02	5.7984E-01
2.1520000E+01	-6.1188E-02	6.3657E-01
2.1540000E+01	-3.8599E-02	6.8048E-01
2.1560000E+01	-2.2774E-02	7.0422E-01
2.1580000E+01	-1.8390E-02	7.0360E-01
2.1600000E+01	-7.7748E-03	6.7863E-01
2.1620000E+01	1.3892E-02	6.3353E-01
2.1640000E+01	2.1098E-02	5.7546E-01
2.1660000E+01	3.1762E-02	5.1377E-01
2.1680000E+01	3.3006E-02	4.5870E-01
2.1700000E+01	2.6672E-02	4.1905E-01
2.1720000E+01	1.5888E-02	4.0144E-01
2.1740000E+01	-1.3692E-03	4.0846E-01
2.1760000E+01	-1.8535E-02	4.3898E-01
2.1780000E+01	-2.8695E-02	4.8776E-01
2.1800000E+01	-4.0768E-02	5.4653E-01
2.1820000E+01	-5.4055E-02	6.0549E-01
2.1840000E+01	-4.5553E-02	6.5502E-01
2.1860000E+01	-2.6676E-02	6.8643E-01
2.1880000E+01	-1.5149E-02	6.9467E-01
2.1900000E+01	-1.0706E-02	6.7804E-01
2.1920000E+01	1.1997E-02	6.3924E-01
2.1940000E+01	2.5725E-02	5.8474E-01
2.1960000E+01	3.2010E-02	5.2325E-01
2.1980000E+01	3.2269E-02	4.6477E-01
2.2000000E+01	2.6205E-02	4.1890E-01
2.2020000E+01	1.8649E-02	3.9290E-01
2.2040000E+01	5.2001E-03	3.9114E-01
2.2060000E+01	-1.3746E-02	4.1381E-01
2.2080000E+01	-2.4319E-02	4.5687E-01
2.2100000E+01	-3.3271E-02	5.1320E-01
2.2120000E+01	-4.1492E-02	5.7326E-01
2.2140000E+01	-6.6291E-02	6.2721E-01
2.2160000E+01	-4.1189E-02	6.6583E-01
2.2180000E+01	-2.1062E-02	6.8265E-01
2.2200000E+01	-1.3915E-02	6.7464E-01
2.2220000E+01	6.5086E-03	6.4316E-01
2.2240000E+01	2.1883E-02	5.9323E-01
2.2260000E+01	3.0944E-02	5.3313E-01
2.2280000E+01	4.1995E-02	4.7233E-01
2.2300000E+01	3.2226E-02	4.2113E-01
2.2320000E+01	2.6722E-02	3.8734E-01
2.2340000E+01	1.5352E-02	3.7683E-01
2.2360000E+01	-5.5497E-03	3.9121E-01
2.2380000E+01	-2.2178E-02	4.2784E-01
2.2400000E+01	-3.1034E-02	4.8038E-01
2.2420000E+01	-5.3444E-02	5.4029E-01
2.2440000E+01	-7.5274E-02	5.9761E-01
2.2460000E+01	-4.3081E-02	6.4231E-01
2.2480000E+01	-2.6113E-02	6.6744E-01
2.2500000E+01	-1.6852E-02	6.6832E-01
2.2520000E+01	-2.4225E-03	6.4478E-01
2.2540000E+01	1.8761E-02	6.0057E-01
2.2560000E+01	2.9491E-02	5.4291E-01
2.2580000E+01	4.1283E-02	4.8127E-01
2.2600000E+01	3.8840E-02	4.2557E-01
2.2620000E+01	3.3357E-02	3.8484E-01
2.2640000E+01	2.0643E-02	3.6576E-01
2.2660000E+01	1.6257E-03	3.7141E-01
2.2680000E+01	-1.8101E-02	4.0073E-01
2.2700000E+01	-2.5898E-02	4.4853E-01
2.2720000E+01	-3.9824E-02	5.0699E-01
2.2740000E+01	-5.5947E-02	5.6630E-01
2.2760000E+01	-5.0380E-02	6.1657E-01
2.2780000E+01	-3.1947E-02	6.4925E-01
2.2800000E+01	-1.8317E-02	6.5886E-01
2.2820000E+01	-8.7840E-03	6.4374E-01
2.2840000E+01	1.2518E-02	6.0608E-01
2.2860000E+01	3.1568E-02	5.5227E-01
2.2880000E+01	4.4363E-02	4.9071E-01
2.2900000E+01	3.8206E-02	4.3193E-01
2.2920000E+01	3.9007E-02	3.8495E-01
2.2940000E+01	3.1752E-02	3.5768E-01
2.2960000E+01	1.1825E-02	3.5456E-01
2.2980000E+01	-9.2410E-03	3.7591E-01
2.3000000E+01	-2.4745E-02	4.1806E-01
2.3020000E+01	-3.9275E-02	4.7378E-01
2.3040000E+01	-6.0636E-02	5.3396E-01
2.3060000E+01	-6.7472E-02	5.8841E-01
2.3080000E+01	-4.0717E-02	6.2813E-01
2.3100000E+01	-2.2695E-02	6.4631E-01
2.3120000E+01	-1.5301E-02	6.3980E-01
2.3140000E+01	5.4023E-03	6.0961E-01
2.3160000E+01	2.4801E-02	5.6056E-01
2.3180000E+01	3.6459E-02	5.0078E-01
2.3200000E+01	4.6956E-02	4.3982E-01
2.3220000E+01	3.7707E-02	3.8755E-01
2.3240000E+01	3.7569E-02	3.5269E-01
2.3260000E+01	2.2321E-02	3.4081E-01
2.3280000E+01	-2.8760E-03	3.5368E-01
2.3300000E+01	-2.3143E-02	3.8927E-01
2.3320000E+01	-3.2598E-02	4.4123E-01
2.3340000E+01	-5.4570E-02	5.0098E-01
2.3360000E+01	-7.6051E-02	5.5862E-01
2.3380000E+01	-5.3052E-02	6.0427E-01
2.3400000E+01	-2.8542E-02	6.3055E-01
2.3420000E+01	-2.1437E-02	6.3300E-01
2.3440000E+01	-4.3145E-03	6.1073E-01
2.3460000E+01	2.0647E-02	5.6761E-01
2.3480000E+01	4.4540E-02	5.1041E-01
2.3500000E+01	4.1413E-02	4.4880E-01
2.3520000E+01	4.3309E-02	3.9244E-01
2.3540000E+01	3.3066E-02	3.5056E-01
2.3560000E+01	2.2177E-02	3.3013E-01
2.3580000E+01	5.3304E-03	3.3440E-01
2.3600000E+01	-1.7330E-02	3.6246E-01
2.3620000E+01	-3.1121E-02	4.0948E-01
2.3640000E+01	-3.5573E-02	4.6750E-01
2.3660000E+01	-4.8695E-02	5.2704E-01
2.3680000E+01	-4.6960E-02	5.7807E-01
2.3700000E+01	-3.1743E-02	6.1203E-01
2.3720000E+01	-1.6773E-02	6.2298E-01
2.3740000E+01	-5.7629E-03	6.0925E-01
2.3760000E+01	1.6896E-02	5.7272E-01
2.3780000E+01	3.1522E-02	5.1963E-01
2.3800000E+01	4.0189E-02	4.5839E-01
2.3820000E+01	4.2025E-02	3.9903E-01
2.3840000E+01	3.9643E-02	3.5114E-01
2.3860000E+01	2.5291E-02	3.2266E-01
2.3880000E+01	1.1019E-02	3.1813E-01
2.3900000E+01	-1.0788E-02	3.3804E-01
2.3920000E+01	-2.7313E-02	3.7918E-01
2.3940000E+01	-3.1776E-02	4.3443E-01
2.3960000E+01	-4.4190E-02	4.9456E-01
2.3980000E+01	-4.6119E-02	5.4966E-01
2.4000000E+01	-3.9422E-02	5.9037E-01
2.4020000E+01	-2.1106E-02	6.0996E-01
2.4040000E+01	-1.2409E-02	6.0480E-01
2.4060000E+01	8.3159E-03	5.7588E-01
2.4080000E+01	3.1512E-02	5.2780E-01
2.4100000E+01	3.6684E-02	4.6826E-01
2.4120000E+01	4.6654E-02	4.0718E-01
2.4140000E+01	3.5273E-02	3.5419E-01
2.4160000E+01	3.1069E-02	3.1808E-01
2.4180000E+01	1.8158E-02	3.0484E-01
2.4200000E+01	-3.1908E-03	3.1636E-01
2.4220000E+01	-2.4844E-02	3.5061E-01
2.4240000E+01	-3.1631E-02	4.0183E-01
2.4260000E+01	-3.8318E-02	4.6146E-01
2.4280000E+01	-4.4592E-02	5.1942E-01
2.4300000E+01	-3.9533E-02	5.6616E-01
2.4320000E+01	-2.5991E-02	5.9374E-01
2.4340000E+01	-1.3831E-02	5.9753E-01
2.4360000E+01	2.0411E-03	5.7661E-01
2.4380000E+01	2.4771E-02	5.3439E-01
2.4400000E+01	3.9756E-02	4.7798E-01
2.4420000E+01	4.5597E-02	4.1629E-01
2.4440000E+01	4.7740E-02	3.5925E-01
2.4460000E+01	3.2078E-02	3.1649E-01
2.4480000E+01	2.3066E-02	2.9469E-01
2.4500000E+01	5.6343E-03	2.9759E-01
2.4520000E+01	-1.8323E-02	3.2425E-01
2.4540000E+01	-3.2035E-02	3.7042E-01
2.4560000E+01	-3.2440E-02	4.2803E-01
2.4580000E+01	-3.9167E-02	4.8779E-01
2.4600000E+01	-4.3011E-02	5.3960E-01
2.4620000E+01	-2.5811E-02	5.7461E-01
2.4640000E+01	-1.3505E-02	5.8704E-01
2.4660000E+01	-2.5449E-03	5.7466E-01
2.4680000E+01	1.9830E-02	5.3935E-01
2.4700000E+01	3.3764E-02	4.8701E-01
2.4720000E+01	4.1615E-02	4.2596E-01
2.4740000E+01	4.3108E-02	3.6618E-01
2.4760000E+01	3.2787E-02	3.1749E-01
2.4780000E+01	2.6497E-02	2.8767E-01
2.4800000E+01	1.3393E-02	2.8161E-01
2.4820000E+01	-9.9593E-03	3.0030E-01
2.4840000E+01	-2.9246E-02	3.4044E-01
2.4860000E+01	-3.5144E-02	3.9501E-01
2.4880000E+01	-3.4558E-02	4.5519E-01
2.4900000E+01	-4.1894E-02	5.1082E-01
2.4920000E+01	-3.1446E-02	5.5263E-01
2.4940000E+01	-1.9484E-02	5.7353E-01
2.4960000E+01	-9.0557E-03	5.6986E-01
2.4980000E+01	1.0390E-02	5.4213E-01
2.5000000E+01	3.7667E-02	4.9485E-01
2.5020000E+01	4.1549E-02	4.3601E-01
2.5040000E+01	4.7745E-02	3.7456E-01
2.5060000E+01	3.9235E-02	3.2080E-01
2.5080000E+01	3.0674E-02	2.8363E-01
2.5100000E+01	1.7895E-02	2.6891E-01
2.5120000E+01	-3.2478E-04	2.7913E-01
2.5140000E+01	-2.5383E-02	3.1216E-01
2.5160000E+01	-3.4377E-02	3.6261E-01
2.5180000E+01	-3.5979E-02	4.2205E-01
2.5200000E+01	-3.7740E-02	4.8030E-01
2.5220000E+01	-3.2178E-02	5.2788E-01
2.5240000E+01	-2.0074E-02	5.5690E-01
2.5260000E+01	-1.1704E-02	5.6207E-01
2.5280000E+01	4.1041E-03	5.4246E-01
2.5300000E+01	2.6287E-02	5.0135E-01
2.5320000E+01	4.4640E-02	4.4538E-01
2.5340000E+01	4.4914E-02	3.8377E-01
2.5360000E+01	3.7979E-02	3.2637E-01
2.5380000E+01	3.2674E-02	2.8249E-01
2.5400000E+01	2.3650E-02	2.5929E-01
2.5420000E+01	6.6965E-03	2.6072E-01
2.5440000E+01	-2.0307E-02	2.8630E-01
2.5460000E+01	-3.2587E-02	3.3127E-01
2.5480000E+01	-3.3715E-02	3.8855E-01
2.5500000E+01	-3.3774E-02	4.4841E-01
2.5520000E+01	-3.5580E-02	5.0091E-01
2.5540000E+01	-2.3605E-02	5.3713E-01
2.5560000E+01	-1.2033E-02	5.5105E-01
2.5580000E+01	-2.8399E-03	5.4003E-01
2.5600000E+01	1.9177E-02	5.0594E-01
2.5620000E+01	4.3568E-02	4.5429E-01
2.5640000E+01	4.4260E-02	3.9356E-01
2.5660000E+01	3.8380E-02	3.3350E-01
2.5680000E+01	3.3104E-02	2.8382E-01
2.5700000E+01	2.8175E-02	2.5271E-01
2.5720000E+01	1.3557E-02	2.4539E-01
2.5740000E+01	-1.0133E-02	2.6272E-01
2.5760000E+01	-3.1068E-02	3.0157E-01
2.5780000E+01	-3.4913E-02	3.5554E-01
2.5800000E+01	-3.2228E-02	4.1574E-01
2.5820000E+01	-3.4058E-02	4.7188E-01
2.5840000E+01	-2.4666E-02	5.1460E-01
2.5860000E+01	-1.6038E-02	5.3701E-01
2.5880000E+01	-6.4167E-03	5.3468E-01
2.5900000E+01	1.2418E-02	5.0826E-01
2.5920000E+01	3.3179E-02	4.6205E-01
2.5940000E+01	3.8606E-02	4.0347E-01
2.5960000E+01	3.9197E-02	3.4197E-01
2.5980000E+01	3.6863E-02	2.8763E-01
2.6000000E+01	2.1615E-02	2.4931E-01
2.6020000E+01	1.6338E-02	2.3307E-01
2.6040000E+01	-1.0192E-03	2.4186E-01
2.6060000E+01	-2.2105E-02	2.7372E-01
2.6080000E+01	-3.3184E-02	3.2330E-01
2.6100000E+01	-3.3391E-02	3.8248E-01
2.6120000E+01	-2.6747E-02	4.4115E-01
2.6140000E+01	-2.4033E-02	4.8958E-01
2.6160000E+01	-1.9528E-02	5.1976E-01
2.6180000E+01	-8.1297E-03	5.2635E-01
2.6200000E+01	6.7560E-03	5.0817E-01
2.6220000E+01	2.5816E-02	4.6822E-01
2.6240000E+01	4.8633E-02	4.1298E-01
2.6260000E+01	3.6076E-02	3.5130E-01
2.6280000E+01	3.8396E-02	2.9336E-01
2.6300000E+01	3.2043E-02	2.4846E-01
2.6320000E+01	2.2281E-02	2.2401E-01
2.6340000E+01	8.6059E-03	2.2393E-01
2.6360000E+01	-1.8619E-02	2.4814E-01
2.6380000E+01	-3.3922E-02	2.9236E-01
2.6400000E+01	-3.7407E-02	3.4919E-01
2.6420000E+01	-3.6285E-02	4.0927E-01
2.6440000E+01	-3.1752E-02	4.6232E-01
2.6460000E+01	-2.1435E-02	4.9968E-01
2.6480000E+01	-1.3445E-02	5.1489E-01
2.6500000E+01	-2.1841E-03	5.0522E-01
2.6520000E+01	2.1943E-02	4.7245E-01
2.6540000E+01	3.7980E-02	4.2174E-01
2.6560000E+01	4.4138E-02	3.6116E-01
2.6580000E+01	4.1427E-02	3.0068E-01
2.6600000E+01	3.2470E-02	2.5022E-01
2.6620000E+01	2.6374E-02	2.1797E-01
2.6640000E+01	1.4518E-02	2.0910E-01
2.6660000E+01	-7.5419E-03	2.2507E-01
2.6680000E+01	-2.9313E-02	2.6295E-01
2.6700000E+01	-3.6386E-02	3.1618E-01
2.6720000E+01	-3.8548E-02	3.7637E-01
2.6740000E+01	-3.4939E-02	4.3295E-01
2.6760000E+01	-2.6163E-02	4.7680E-01
2.6780000E+01	-1.6750E-02	5.0034E-01
2.6800000E+01	-7.2801E-03	4.9950E-01
2.6820000E+01	1.2116E-02	4.7442E-01
2.6840000E+01	3.5756E-02	4.2922E-01
2.6860000E+01	4.2350E-02	3.7096E-01
2.6880000E+01	3.9445E-02	3.0931E-01
2.6900000E+01	3.4934E-02	2.5433E-01
2.6920000E+01	2.7959E-02	2.1484E-01
2.6940000E+01	1.8071E-02	1.9726E-01
2.6960000E+01	1.4735E-03	2.0472E-01
2.6980000E+01	-2.4235E-02	2.3545E-01
2.7000000E+01	-3.8044E-02	2.8424E-01
2.7020000E+01	-3.8544E-02	3.4305E-01
2.7040000E+01	-3.4944E-02	4.0201E-01
2.7060000E+01	-3.0038E-02	4.5132E-01
2.7080000E+01	-1.9899E-02	4.8262E-01
2.7100000E+01	-1.1189E-02	4.9066E-01
2.7120000E+01	3.4994E-03	4.7386E-01
2.7140000E+01	2.8003E-02	4.3495E-01
2.7160000E+01	4.3852E-02	3.8043E-01
2.7180000E+01	4.5197E-02	3.1876E-01
2.7200000E+01	3.6514E-02	2.6050E-01
2.7220000E+01	3.1738E-02	2.1458E-01
2.7240000E+01	2.2812E-02	1.8878E-01
2.7260000E+01	9.7990E-03	1.8732E-01
2.7280000E+01	-1.4958E-02	2.1006E-01
2.7300000E+01	-3.6250E-02	2.5335E-01
2.7320000E+01	-4.0821E-02	3.0973E-01
2.7340000E+01	-3.7584E-02	3.6982E-01
2.7360000E+01	-3.1622E-02	4.2364E-01
2.7380000E+01	-2.3889E-02	4.6202E-01
2.7400000E+01	-1.4307E-02	4.7872E-01
2.7420000E+01	-3.3687E-03	4.7052E-01
2.7440000E+01	2.3271E-02	4.3884E-01
2.7460000E+01	3.9827E-02	3.8894E-01
2.7480000E+01	4.6410E-02	3.2865E-01
2.7500000E+01	4.0853E-02	2.6808E-01
2.7520000E+01	3.3516E-02	2.1676E-01
2.7540000E+01	2.4493E-02	1.8323E-01
2.7560000E+01	1.4079E-02	1.7299E-01
2.7580000E+01	-4.2724E-03	1.8745E-01
2.7600000E+01	-3.1788E-02	2.2420E-01
2.7620000E+01	-4.2450E-02	2.7699E-01
2.7640000E+01	-3.7757E-02	3.3684E-01
2.7660000E+01	-3.6130E-02	3.9400E-01
2.7680000E+01	-2.5331E-02	4.3865E-01
2.7700000E+01	-1.6329E-02	4.6358E-01
2.7720000E+01	-8.0321E-03	4.6421E-01
2.7740000E+01	1.1186E-02	4.4046E-01
2.7760000E+01	3.7402E-02	3.9616E-01
2.7780000E+01	4.5190E-02	3.3856E-01
2.7800000E+01	3.8329E-02	2.7680E-01
2.7820000E+01	3.4087E-02	2.2118E-01
2.7840000E+01	2.6083E-02	1.8063E-01
2.7860000E+01	1.8910E-02	1.6167E-01
2.7880000E+01	3.7814E-03	1.6758E-01
2.7900000E+01	-2.2024E-02	1.9704E-01
2.7920000E+01	-4.2054E-02	2.4516E-01
2.7940000E+01	-4.1659E-02	3.0353E-01
2.7960000E+01	-3.6461E-02	3.6285E-01
2.7980000E+01	-2.9823E-02	4.1298E-01
2.8000000E+01	-2.2410E-02	4.4541E-01
2.8020000E+01	-1.2386E-02	4.5496E-01
2.8040000E+01	2.4703E-03	4.3949E-01
2.8060000E+01	2.9976E-02	4.0179E-01
2.8080000E+01	4.2069E-02	3.4781E-01
2.8100000E+01	4.1611E-02	2.8643E-01
2.8120000E+01	3.5600E-02	2.2745E-01
2.8140000E+01	2.8390E-02	1.8073E-01
2.8160000E+01	1.8379E-02	1.5366E-01
2.8180000E+01	8.7620E-03	1.5072E-01
2.8200000E+01	-1.1861E-02	1.7222E-01
2.8220000E+01	-3.5080E-02	2.1443E-01
2.8240000E+01	-4.6622E-02	2.7042E-01
2.8260000E+01	-4.0232E-02	3.3045E-01
2.8280000E+01	-3.3395E-02	3.8483E-01
2.8300000E+01	-2.4125E-02	4.2439E-01
2.8320000E+01	-1.5005E-02	4.4237E-01
2.8340000E+01	-3.9279E-03	4.3572E-01
2.8360000E+01	2.1226E-02	4.0527E-01
2.8380000E+01	3.9720E-02	3.5617E-01
2.8400000E+01	3.7471E-02	2.9635E-01
2.8420000E+01	3.4895E-02	2.3534E-01
2.8440000E+01	2.7509E-02	1.8326E-01
2.8460000E+01	2.1453E-02	1.4855E-01
2.8480000E+01	1.2350E-02	1.3690E-01
2.8500000E+01	-4.9376E-03	1.5011E-01
2.8520000E+01	-3.0588E-02	1.8555E-01
2.8540000E+01	-4.0880E-02	2.3760E-01
2.8560000E+01	-4.0123E-02	2.9739E-01
2.8580000E+01	-3.2321E-02	3.5490E-01
2.8600000E+01	-2.5668E-02	4.0067E-01
2.8620000E+01	-1.8380E-02	4.2674E-01
2.8640000E+01	-7.5314E-03	4.2887E-01
2.8660000E+01	1.3661E-02	4.0647E-01
2.8680000E+01	3.5134E-02	3.6321E-01
2.8700000E+01	3.7200E-02	3.0611E-01
2.8720000E+01	3.0352E-02	2.4440E-01
2.8740000E+01	2.7149E-02	1.8815E-01
2.8760000E+01	2.3839E-02	1.4642E-01
2.8780000E+01	1.5654E-02	1.2622E-01
2.8800000E+01	1.8151E-03	1.3060E-01
2.8820000E+01	-2.2817E-02	1.5876E-01
2.8840000E+01	-3.5961E-02	2.0597E-01
2.8860000E+01	-4.4926E-02	2.6415E-01
2.8880000E+01	-3.6387E-02	3.2361E-01
2.8900000E+01	-3.2651E-02	3.7442E-01
2.8920000E+01	-2.2130E-02	4.0819E-01
2.8940000E+01	-1.3423E-02	4.1910E-01
2.8960000E+01	2.9313E-03	4.0501E-01
2.8980000E+01	3.1202E-02	3.6844E-01
2.9000000E+01	4.0779E-02	3.1513E-01
2.9020000E+01	3.9657E-02	2.5395E-01
2.9040000E+01	3.2359E-02	1.9470E-01
2.9060000E+01	2.3461E-02	1.4691E-01
2.9080000E+01	1.7940E-02	1.1844E-01
2.9100000E+01	8.2693E-03	1.1415E-01
2.9120000E+01	-1.3441E-02	1.3439E-01
2.9140000E+01	-3.5532E-02	1.7559E-01
2.9160000E+01	-4.3591E-02	2.3088E-01
2.9180000E+01	-4.0849E-02	2.9113E-01
2.9200000E+01	-3.4313E-02	3.4611E-01
2.9220000E+01	-2.7244E-02	3.8670E-01
2.9240000E+01	-1.6939E-02	4.0601E-01
2.9260000E+01	-4.3165E-03	4.0073E-01
2.9280000E+01	2.1656E-02	3.7165E-01
2.9300000E+01	3.8869E-02	3.2333E-01
2.9320000E+01	3.5767E-02	2.6385E-01
2.9340000E+01	3.4848E-02	2.0269E-01
2.9360000E+01	2.6890E-02	1.4987E-01
2.9380000E+01	1.6854E-02	1.1379E-01
2.9400000E+01	1.0207E-02	1.0079E-01
2.9420000E+01	8.1776E-04	1.1250E-01
2.9440000E+01	-2.8067E-02	1.4711E-01
2.9460000E+01	-4.0758E-02	1.9832E-01
2.9480000E+01	-4.8077E-02	2.5807E-01
2.9500000E+01	-4.0512E-02	3.1584E-01
2.9520000E+01	-3.1397E-02	3.6241E-01
2.9540000E+01	-1.9861E-02	3.8989E-01
2.9560000E+01	-8.7969E-03	3.9352E-01
2.9580000E+01	1.1843E-02	3.7229E-01
2.9600000E+01	3.3837E-02	3.3009E-01
2.9620000E+01	4.3430E-02	2.7349E-01
2.9640000E+01	3.5734E-02	2.1183E-01
2.9660000E+01	3.0467E-02	1.5485E-01
2.9680000E+01	1.9540E-02	1.1214E-01
2.9700000E+01	1.4620E-02	9.0543E-02
2.9720000E+01	5.0613E-03	9.3669E-02
2.9740000E+01	-1.7582E-02	1.2061E-01
2.9760000E+01	-3.8607E-02	1.6686E-01
2.9780000E+01	-4.9240E-02	2.2465E-01
2.9800000E+01	-4.0901E-02	2.8418E-01
2.9820000E+01	-3.4646E-02	3.3597E-01
2.9840000E+01	-2.5111E-02	3.7079E-01
2.9860000E+01	-1.3466E-02	3.8307E-01
2.9880000E+01	2.1447E-03	3.7050E-01
2.9900000E+01	2.7616E-02	3.3513E-01
2.9920000E+01	3.9947E-02	2.8253E-01
2.9940000E+01	3.7184E-02	2.2157E-01
2.9960000E+01	2.9607E-02	1.6179E-01
2.9980000E+01	2.0782E-02	1.1301E-01
3.0000000E+01	1.4100E-02	8.3375E-02
3.0020000E+01	7.7890E-03	7.7651E-02
3.0040000E+01	-6.0479E-03	9.6596E-02
3.0060000E+01	-3.3521E-02	1.3675E-01
3.0080000E+01	-4.6914E-02	1.9144E-01
3.0100000E+01	-4.7287E-02	2.5161E-01
3.0120000E+01	-4.1727E-02	3.0723E-01
3.0140000E+01	-3.0282E-02	3.4883E-01
3.0160000E+01	-1.9826E-02	3.6959E-01
3.0180000E+01	-6.6883E-03	3.6571E-01
3.0200000E+01	1.8931E-02	3.3793E-01
3.0220000E+01	3.7379E-02	2.9057E-01
3.0240000E+01	3.5708E-02	2.3149E-01
3.0260000E+01	3.2809E-02	1.7005E-01
3.0280000E+01	2.3554E-02	1.1629E-01
3.0300000E+01	1.5693E-02	7.9370E-02
3.0320000E+01	9.0748E-03	6.4895E-02
3.0340000E+01	-4.3878E-04	7.5287E-02
3.0360000E+01	-2.4391E-02	1.0861E-01
3.0380000E+01	-4.1809E-02	1.5913E-01
3.0400000E+01	-4.8203E-02	2.1853E-01
3.0420000E+01	-4.1961E-02	2.7672E-01
3.0440000E+01	-3.3690E-02	3.2431E-01
3.0460000E+01	-2.3854E-02	3.5301E-01
3.0480000E+01	-1.1891E-02	3.5786E-01
3.0500000E+01	1.0651E-02	3.3823E-01
3.0520000E+01	3.0116E-02	2.9698E-01
3.0540000E+01	3.3860E-02	2.4114E-01
3.0560000E+01	3.1451E-02	1.7934E-01
3.0580000E+01	2.5509E-02	1.2175E-01
3.0600000E+01	1.7641E-02	7.8113E-02
3.0620000E+01	1.2500E-02	5.5176E-02
3.0640000E+01	4.6330E-03	5.6738E-02
3.0660000E+01	-1.3876E-02	8.2547E-02
3.0680000E+01	-3.7050E-02	1.2776E-01
3.0700000E+01	-4.7589E-02	1.8517E-01
3.0720000E+01	-4.5649E-02	2.4503E-01
3.0740000E+01	-3.9236E-02	2.9738E-01
3.0760000E+01	-2.7933E-02	3.3345E-01
3.0780000E+01	-1.8175E-02	3.4706E-01
3.0800000E+01	-3.0148E-04	3.3592E-01
3.0820000E+01	2.5576E-02	3.0165E-01
3.0840000E+01	3.4736E-02	2.4997E-01
3.0860000E+01	2.9841E-02	1.8910E-01
3.0880000E+01	2.5099E-02	1.2881E-01
3.0900000E+01	2.0729E-02	7.9431E-02
3.0920000E+01	1.4866E-02	4.8500E-02
3.0940000E+01	8.1290E-03	4.1251E-02
3.0960000E+01	-3.7370E-03	5.8811E-02
3.0980000E+01	-3.0804E-02	9.7992E-02
3.1000000E+01	-4.8748E-02	1.5220E-01
3.1020000E+01	-4.8111E-02	2.1221E-01
3.1040000E+01	-4.5246E-02	2.6844E-01
3.1060000E+01	-3.4500E-02	3.1095E-01
3.1080000E+01	-2.3573E-02	3.3302E-01
3.1100000E+01	-8.5704E-03	3.3060E-01
3.1120000E+01	1.4828E-02	3.0409E-01
3.1140000E+01	4.0541E-02	2.5766E-01
3.1160000E+01	3.8453E-02	1.9884E-01
3.1180000E+01	2.6977E-02	1.3712E-01
3.1200000E+01	2.3173E-02	8.3045E-02
3.1220000E+01	1.6745E-02	4.4845E-02
3.1240000E+01	9.9615E-03	2.9050E-02
3.1260000E+01	1.5474E-03	3.7956E-02
3.1280000E+01	-2.0043E-02	7.0114E-02
3.1300000E+01	-3.8633E-02	1.1983E-01
3.1320000E+01	-4.8314E-02	1.7901E-01
3.1340000E+01	-4.7737E-02	2.3766E-01
3.1360000E+01	-3.6742E-02	2.8601E-01
3.1380000E+01	-2.8402E-02	3.1592E-01
3.1400000E+01	-1.4180E-02	3.2233E-01
3.1420000E+01	6.9240E-03	3.0405E-01
3.1440000E+01	2.9279E-02	2.6391E-01
3.1460000E+01	3.2127E-02	2.0854E-01
3.1480000E+01	2.9127E-02	1.4649E-01
3.1500000E+01	2.2618E-02	8.8831E-02
3.1520000E+01	1.6764E-02	4.4064E-02
3.1540000E+01	1.1622E-02	1.9793E-02
3.1560000E+01	5.4905E-03	2.0012E-02
3.1580000E+01	-7.2915E-03	4.4425E-02
3.1600000E+01	-3.2056E-02	8.8788E-02
3.1620000E+01	-4.7078E-02	1.4572E-01
3.1640000E+01	-4.6678E-02	2.0562E-01
3.1660000E+01	-4.4914E-02	2.5877E-01
3.1680000E+01	-3.4474E-02	2.9599E-01
3.1700000E+01	-1.9556E-02	3.1092E-01
3.1720000E+01	-2.5677E-03	3.0120E-01
3.1740000E+01	2.1615E-02	2.6815E-01
3.1760000E+01	3.3334E-02	2.1715E-01
3.1780000E+01	2.7533E-02	1.5634E-01
3.1800000E+01	2.3259E-02	9.6182E-02
3.1820000E+01	1.8920E-02	4.5710E-02
3.1840000E+01	1.2484E-02	1.3636E-02
3.1860000E+01	8.9385E-03	4.9839E-03
3.1880000E+01	-6.1871E-04	2.1209E-02
3.1900000E+01	-2.3056E-02	5.9283E-02
3.1920000E+01	-4.2108E-02	1.1276E-01
3.1940000E+01	-5.2827E-02	1.7279E-01
3.1960000E+01	-4.2585E-02	2.2937E-01
3.1980000E+01	-3.6085E-02	2.7310E-01
3.2000000E+01	-2.6882E-02	2.9640E-01
3.2020000E+01	-1.1067E-02	2.9554E-01
3.2040000E+01	1.3026E-02	2.7020E-01
3.2060000E+01	3.0159E-02	2.2471E-01
3.2080000E+01	2.9149E-02	1.6618E-01
3.2100000E+01	2.7881E-02	1.0473E-01
3.2120000E+01	2.1103E-02	4.9728E-02
3.2140000E+01	1.5647E-02	1.0493E-02
3.2160000E+01	1.0647E-02	-6.7543E-03
3.2180000E+01	3.7948E-03	7.9906E-04
3.2200000E+01	-1.2544E-02	3.1819E-02
3.2220000E+01	-3.7229E-02	8.0665E-02
3.2240000E+01	-4.8532E-02	1.3960E-01
3.2260000E+01	-5.0517E-02	1.9851E-01
3.2280000E+01	-4.1274E-02	2.4776E-01
3.2300000E+01	-3.0922E-02	2.7885E-01
3.2320000E+01	-1.7473E-02	2.8675E-01
3.2340000E+01	4.6008E-03	2.6964E-01
3.2360000E+01	2.5611E-02	2.3063E-01
3.2380000E+01	2.6650E-02	1.7562E-01
3.2400000E+01	2.6398E-02	1.1420E-01
3.2420000E+01	2.1822E-02	5.5709E-02
3.2440000E+01	1.7155E-02	1.0130E-02
3.2460000E+01	1.2457E-02	-1.5347E-02
3.2480000E+01	5.9099E-03	-1.6704E-02
3.2500000E+01	-6.7354E-03	6.4497E-03
3.2520000E+01	-2.5472E-02	4.9926E-02
3.2540000E+01	-4.5491E-02	1.0632E-01
3.2560000E+01	-4.8661E-02	1.6633E-01
3.2580000E+01	-4.5786E-02	2.1999E-01
3.2600000E+01	-3.3644E-02	2.5834E-01
3.2620000E+01	-2.1731E-02	2.7476E-01
3.2640000E+01	-3.5150E-03	2.6649E-01
3.2660000E+01	2.0090E-02	2.3467E-01
3.2680000E+01	2.8217E-02	1.8442E-01
3.2700000E+01	2.5966E-02	1.2413E-01
3.2720000E+01	2.1131E-02	6.3388E-02
3.2740000E+01	1.8174E-02	1.2376E-02
3.2760000E+01	1.3583E-02	-2.1061E-02
3.2780000E+01	7.7146E-03	-3.1021E-02
3.2800000E+01	-1.4401E-03	-1.6268E-02
3.2820000E+01	-2.0926E-02	2.0822E-02
3.2840000E+01	-3.6677E-02	7.3514E-02
3.2860000E+01	-4.7425E-02	1.3343E-01
3.2880000E+01	-4.3560E-02	1.9037E-01
3.2900000E+01	-3.7522E-02	2.3508E-01
3.2920000E+01	-2.4820E-02	2.5980E-01
3.2940000E+01	-1.0022E-02	2.6018E-01
3.2960000E+01	1.2762E-02	2.3622E-01
3.2980000E+01	2.5285E-02	1.9168E-01
3.3000000E+01	2.4480E-02	1.3385E-01
3.3020000E+01	2.3690E-02	7.2165E-02
3.3040000E+01	1.9419E-02	1.6740E-02
3.3060000E+01	1.5798E-02	-2.3679E-02
3.3080000E+01	1.0101E-02	-4.2376E-02
3.3100000E+01	2.6087E-03	-3.6214E-02
3.3120000E+01	-1.1522E-02	-6.4535E-03
3.3140000E+01	-2.9703E-02	4.1867E-02
3.3160000E+01	-4.2246E-02	1.0008E-01
3.3180000E+01	-4.4734E-02	1.5925E-01
3.3200000E+01	-4.0919E-02	2.0923E-01
3.3220000E+01	-3.2216E-02	2.4173E-01
3.3240000E+01	-1.8791E-02	2.5099E-01
3.3260000E+01	3.7973E-03	2.3527E-01
3.3280000E+01	2.0867E-02	1.9726E-01
3.3300000E+01	2.6375E-02	1.4312E-01
3.3320000E+01	2.5166E-02	8.1707E-02
3.3340000E+01	1.9000E-02	2.3006E-02
3.3360000E+01	1.4975E-02	-2.3683E-02
3.3380000E+01	1.2278E-02	-5.0439E-02
3.3400000E+01	5.1123E-03	-5.3160E-02
3.3420000E+01	-5.2786E-03	-3.1404E-02
3.3440000E+01	-2.5196E-02	1.1164E-02
3.3460000E+01	-3.8983E-02	6.7025E-02
3.3480000E+01	-4.4090E-02	1.2689E-01
3.3500000E+01	-4.2765E-02	1.8124E-01
3.3520000E+01	-3.4154E-02	2.2067E-01
3.3540000E+01	-2.2435E-02	2.3850E-01
3.3560000E+01	-4.3507E-03	2.3160E-01
3.3580000E+01	1.7291E-02	2.0096E-01
3.3600000E+01	2.3684E-02	1.5152E-01
3.3620000E+01	2.4019E-02	9.1609E-02
3.3640000E+01	1.9247E-02	3.0854E-02
3.3660000E+01	1.7559E-02	-2.1068E-02
3.3680000E+01	1.2817E-02	-5.5567E-02
3.3700000E+01	6.9334E-03	-6.7127E-02
3.3720000E+01	-1.6636E-03	-5.3717E-02
3.3740000E+01	-1.6838E-02	-1.7847E-02
3.3760000E+01	-3.1228E-02	3.4487E-02
3.3780000E+01	-4.0657E-02	9.3994E-02
3.3800000E+01	-4.2964E-02	1.5141E-01
3.3820000E+01	-3.8833E-02	1.9699E-01
3.3840000E+01	-3.0002E-02	2.2294E-01
3.3860000E+01	-1.0751E-02	2.2495E-01
3.3880000E+01	1.1267E-02	2.0220E-01
3.3900000E+01	2.1415E-02	1.5860E-01
3.3920000E+01	2.3041E-02	1.0138E-01
3.3940000E+01	2.0989E-02	3.9739E-02
3.3960000E+01	1.7740E-02	-1.6248E-02
3.3980000E+01	1.3169E-02	-5.7812E-02
3.4000000E+01	7.7825E-03	-7.7931E-02
3.4020000E+01	1.9231E-03	-7.3239E-02
3.4040000E+01	-1.1231E-02	-4.4609E-02
3.4060000E+01	-2.6769E-02	2.6306E-03
3.4080000E+01	-3.2725E-02	6.0923E-02
3.4100000E+01	-4.2781E-02	1.2004E-01
3.4120000E+01	-4.1603E-02	1.7077E-01
3.4140000E+01	-3.2510E-02	2.0445E-01
3.4160000E+01	-1.6781E-02	2.1505E-01
3.4180000E+01	4.0045E-03	2.0084E-01
3.4200000E+01	1.7181E-02	1.6397E-01
3.4220000E+01	2.1656E-02	1.1073E-01
3.4240000E+01	2.0123E-02	4.9349E-02
3.4260000E+01	1.8025E-02	-9.7840E-03
3.4280000E+01	1.3527E-02	-5.7311E-02
3.4300000E+01	9.0485E-03	-8.5540E-02
3.4320000E+01	4.3985E-03	-8.9667E-02
3.4340000E+01	-6.4192E-03	-6.9272E-02
3.4360000E+01	-2.1262E-02	-2.7724E-02
3.4380000E+01	-3.1262E-02	2.7656E-02
3.4400000E+01	-4.1532E-02	8.7765E-02
3.4420000E+01	-4.2087E-02	1.4257E-01
3.4440000E+01	-3.5966E-02	1.8297E-01
3.4460000E+01	-2.3408E-02	2.0212E-01
3.4480000E+01	-5.1502E-03	1.9660E-01
3.4500000E+01	1.3211E-02	1.6715E-01
3.4520000E+01	2.1296E-02	1.1881E-01
3.4540000E+01	2.0317E-02	5.9346E-02
3.4560000E+01	1.9223E-02	-1.7322E-03
3.4580000E+01	1.5241E-02	-5.4509E-02
3.4600000E+01	1.3223E-02	-9.0247E-02
3.4620000E+01	6.6088E-03	-1.0315E-01
3.4640000E+01	-1.1253E-03	-9.1148E-02
3.4660000E+01	-1.6635E-02	-5.6344E-02
3.4680000E+01	-2.9495E-02	-4.8294E-03
3.4700000E+01	-3.6956E-02	5.4840E-02
3.4720000E+01	-4.2350E-02	1.1253E-01
3.4740000E+01	-4.1600E-02	1.5890E-01
3.4760000E+01	-2.7609E-02	1.8610E-01
3.4780000E+01	-1.4872E-02	1.8948E-01
3.4800000E+01	4.2840E-03	1.6809E-01
3.4820000E+01	1.7850E-02	1.2556E-01
3.4840000E+01	2.2788E-02	6.8908E-02
3.4860000E+01	2.1277E-02	7.2709E-03
3.4880000E+01	1.7839E-02	-4.9380E-02
3.4900000E+01	1.1301E-02	-9.2009E-02
3.4920000E+01	9.1293E-03	-1.1346E-01
3.4940000E+01	2.9561E-03	-1.1013E-01
3.4960000E+01	-9.9563E-03	-8.2943E-02
3.4980000E+01	-2.4229E-02	-3.6461E-02
3.5000000E+01	-3.5210E-02	2.1376E-02
3.5020000E+01	-3.7136E-02	8.1195E-02
3.5040000E+01	-4.1505E-02	1.3231E-01
3.5060000E+01	-3.4083E-02	1.6711E-01
3.5080000E+01	-1.8516E-02	1.7914E-01
3.5100000E+01	-4.3432E-04	1.6633E-01
3.5120000E+01	1.5040E-02	1.3066E-01
3.5140000E+01	2.1148E-02	7.8056E-02
3.5160000E+01	2.0340E-02	1.7012E-02
3.5180000E+01	1.7556E-02	-4.2551E-02
3.5200000E+01	1.5049E-02	-9.1209E-02
3.5220000E+01	9.6428E-03	-1.2063E-01
3.5240000E+01	4.4169E-03	-1.2617E-01
3.5260000E+01	-4.1950E-03	-1.0708E-01
3.5280000E+01	-1.9628E-02	-6.6712E-02
3.5300000E+01	-2.9300E-02	-1.1640E-02
3.5320000E+01	-3.8569E-02	4.8599E-02
3.5340000E+01	-3.5449E-02	1.0385E-01
3.5360000E+01	-3.7850E-02	1.4513E-01
3.5380000E+01	-2.6054E-02	1.6568E-01
3.5400000E+01	-7.1944E-03	1.6164E-01
3.5420000E+01	9.1338E-03	1.3350E-01
3.5440000E+01	1.8720E-02	8.5963E-02
3.5460000E+01	2.1272E-02	2.6912E-02
3.5480000E+01	1.6848E-02	-3.4246E-02
3.5500000E+01	1.5052E-02	-8.7819E-02
3.5520000E+01	1.0380E-02	-1.2469E-01
3.5540000E+01	5.9684E-03	-1.3902E-01
3.5560000E+01	-1.6056E-03	-1.2852E-01
3.5580000E+01	-1.2490E-02	-9.5100E-02
3.5600000E+01	-2.7647E-02	-4.4144E-02
3.5620000E+01	-3.1251E-02	1.5220E-02
3.5640000E+01	-3.3917E-02	7.3559E-02
3.5660000E+01	-3.2375E-02	1.2082E-01
3.5680000E+01	-2.8396E-02	1.4930E-01
3.5700000E+01	-1.0985E-02	1.5400E-01
3.5720000E+01	4.6979E-03	1.3397E-01
3.5740000E+01	1.6492E-02	9.2472E-02
3.5760000E+01	1.8462E-02	3.6545E-02
3.5780000E+01	1.8616E-02	-2.5150E-02
3.5800000E+01	1.3880E-02	-8.2379E-02
3.5820000E+01	1.2160E-02	-1.2603E-01
3.5840000E+01	8.5305E-03	-1.4885E-01
3.5860000E+01	2.4000E-03	-1.4700E-01
3.5880000E+01	-9.6341E-03	-1.2114E-01
3.5900000E+01	-2.3291E-02	-7.5561E-02
3.5920000E+01	-2.8953E-02	-1.8033E-02
3.5940000E+01	-3.3557E-02	4.1718E-02
3.5960000E+01	-3.2101E-02	9.4155E-02
3.5980000E+01	-2.6394E-02	1.2987E-01
3.6000000E+01	-1.5886E-02	1.4331E-01
3.6020000E+01	-1.0168E-03	1.3172E-01
3.6040000E+01	1.1656E-02	9.7176E-02
3.6060000E+01	1.8688E-02	4.5414E-02
3.6080000E+01	1.7965E-02	-1.5284E-02
3.6100000E+01	1.5858E-02	-7.5395E-02
3.6120000E+01	1.0632E-02	-1.2467E-01
3.6140000E+01	8.6267E-03	-1.5548E-01
3.6160000E+01	4.5180E-03	-1.6257E-01
3.6180000E+01	-3.2622E-03	-1.4485E-01
3.6200000E+01	-1.7679E-02	-1.0554E-01
3.6220000E+01	-2.7594E-02	-5.1250E-02
3.6240000E+01	-3.4301E-02	8.9957E-03
3.6260000E+01	-3.8502E-02	6.5182E-02
3.6280000E+01	-2.8627E-02	1.0763E-01
3.6300000E+01	-2.1402E-02	1.2940E-01
3.6320000E+01	-7.8839E-03	1.2665E-01
3.6340000E+01	6.5954E-03	9.9804E-02
3.6360000E+01	1.7095E-02	5.3190E-02
3.6380000E+01	1.9857E-02	-5.3659E-03
3.6400000E+01	1.5486E-02	-6.6890E-02
3.6420000E+01	1.1881E-02	-1.2116E-01
3.6440000E+01	1.0230E-02	-1.5920E-01
3.6460000E+01	6.0105E-03	-1.7489E-01
3.6480000E+01	7.0475E-04	-1.6577E-01
3.6500000E+01	-1.0964E-02	-1.3349E-01
3.6520000E+01	-2.5456E-02	-8.3637E-02
3.6540000E+01	-3.3470E-02	-2.4207E-02
3.6560000E+01	-3.7328E-02	3.4399E-02
3.6580000E+01	-3.5046E-02	8.2899E-02
3.6600000E+01	-2.6095E-02	1.1243E-01
3.6620000E+01	-1.3985E-02	1.1856E-01
3.6640000E+01	1.1405E-03	9.9800E-02
3.6660000E+01	1.4673E-02	5.9398E-02
3.6680000E+01	1.8709E-02	4.0534E-03
3.6700000E+01	1.6506E-02	-5.7529E-02
3.6720000E+01	1.2701E-02	-1.1540E-01
3.6740000E+01	1.0294E-02	-1.6002E-01
3.6760000E+01	6.5240E-03	-1.8414E-01
3.6780000E+01	2.7202E-03	-1.8374E-01
3.6800000E+01	-6.9867E-03	-1.5930E-01
3.6820000E+01	-2.2610E-02	-1.1473E-01
3.6840000E+01	-2.8649E-02	-5.7691E-02
3.6860000E+01	-3.1432E-02	2.4354E-03
3.6880000E+01	-3.2109E-02	5.5405E-02
3.6900000E+01	-2.6128E-02	9.2398E-02
3.6920000E+01	-1.2496E-02	1.0714E-01
3.6940000E+01	-1.7266E-03	9.7118E-02
3.6960000E+01	1.1039E-02	6.3814E-02
3.6980000E+01	2.0250E-02	1.2788E-02
3.7000000E+01	1.7047E-02	-4.7719E-02
3.7020000E+01	1.3763E-02	-1.0813E-01
3.7040000E+01	1.1528E-02	-1.5839E-01
3.7060000E+01	7.2269E-03	-1.9029E-01
3.7080000E+01	3.8979E-03	-1.9883E-01
3.7100000E+01	-3.0133E-03	-1.8240E-01
3.7120000E+01	-1.5613E-02	-1.4427E-01
3.7140000E+01	-2.5299E-02	-9.0736E-02
3.7160000E+01	-2.8673E-02	-3.0615E-02
3.7180000E+01	-3.0930E-02	2.6110E-02
3.7200000E+01	-3.0456E-02	6.9712E-02
3.7220000E+01	-1.8581E-02	9.2796E-02
3.7240000E+01	-6.0578E-03	9.1528E-02
3.7260000E+01	8.6069E-03	6.5902E-02
3.7280000E+01	1.4647E-02	2.0359E-02
3.7300000E+01	1.7471E-02	-3.7876E-02
3.7320000E+01	1.4340E-02	-9.9519E-02
3.7340000E+01	1.2166E-02	-1.5444E-01
3.7360000E+01	8.3367E-03	-1.9347E-01
3.7380000E+01	5.1510E-03	-2.1061E-01
3.7400000E+01	1.2728E-04	-2.0287E-01
3.7420000E+01	-1.0925E-02	-1.7183E-01
3.7440000E+01	-2.0284E-02	-1.2282E-01
3.7460000E+01	-2.8272E-02	-6.3825E-02
3.7480000E+01	-2.8368E-02	-4.8589E-03
3.7500000E+01	-3.0903E-02	4.4337E-02
3.7520000E+01	-2.1949E-02	7.5283E-02
3.7540000E+01	-1.0244E-02	8.2847E-02
3.7560000E+01	2.3945E-03	6.5525E-02
3.7580000E+01	1.3820E-02	2.6348E-02
3.7600000E+01	1.7815E-02	-2.8409E-02
3.7620000E+01	1.4927E-02	-9.0026E-02
3.7640000E+01	1.2595E-02	-1.4843E-01
3.7660000E+01	9.3796E-03	-1.9400E-01
3.7680000E+01	7.5307E-03	-2.1941E-01
3.7700000E+01	1.9891E-03	-2.2051E-01
3.7720000E+01	-5.4278E-03	-1.9729E-01
3.7740000E+01	-1.9272E-02	-1.5368E-01
3.7760000E+01	-2.4724E-02	-9.7328E-02
3.7780000E+01	-2.9439E-02	-3.7070E-02
3.7800000E+01	-2.8753E-02	1.6635E-02
3.7820000E+01	-2.4317E-02	5.4852E-02
3.7840000E+01	-1.5553E-02	7.0957E-02
3.7860000E+01	-2.2663E-03	6.2374E-02
3.7880000E+01	1.0649E-02	3.0301E-02
3.7900000E+01	1.7026E-02	-1.9941E-02
3.7920000E+01	1.5125E-02	-8.0162E-02
3.7940000E+01	1.2618E-02	-1.4075E-01
3.7960000E+01	1.0007E-02	-1.9189E-01
3.7980000E+01	6.9652E-03	-2.2506E-01
3.8000000E+01	3.7294E-03	-2.3500E-01
3.8020000E+01	-1.9694E-03	-2.1995E-01
3.8040000E+01	-1.1918E-02	-1.8296E-01
3.8060000E+01	-2.2394E-02	-1.3005E-01
3.8080000E+01	-2.7354E-02	-7.0135E-02
3.8100000E+01	-3.3642E-02	-1.2890E-02
3.8120000E+01	-2.6165E-02	3.1684E-02
3.8140000E+01	-1.8860E-02	5.6034E-02
3.8160000E+01	-8.1738E-03	5.6298E-02
3.8180000E+01	3.4582E-03	3.2029E-02
3.8200000E+01	1.4452E-02	-1.2495E-02
3.8220000E+01	1.5864E-02	-7.0394E-02
3.8240000E+01	1.3780E-02	-1.3210E-01
3.8260000E+01	1.1675E-02	-1.8754E-01
3.8280000E+01	7.6095E-03	-2.2784E-01
3.8300000E+01	4.5581E-03	-2.4640E-01
3.8320000E+01	1.6921E-03	-2.4005E-01
3.8340000E+01	-8.0187E-03	-2.1018E-01
3.8360000E+01	-2.3278E-02	-1.6189E-01
3.8380000E+01	-3.1300E-02	-1.0336E-01
3.8400000E+01	-4.1889E-02	-4.3850E-02
3.8420000E+01	-3.3497E-02	5.9463E-03
3.8440000E+01	-2.8249E-02	3.8173E-02
3.8460000E+01	-1.2194E-02	4.6987E-02
3.8480000E+01	-5.4932E-04	3.1199E-02
3.8500000E+01	1.1875E-02	-6.8280E-03
3.8520000E+01	1.4398E-02	-6.0981E-02
3.8540000E+01	1.5027E-02	-1.2253E-01
3.8560000E+01	9.2076E-03	-1.8117E-01
3.8580000E+01	9.0435E-03	-2.2784E-01
3.8600000E+01	4.5031E-03	-2.5460E-01
3.8620000E+01	2.5972E-03	-2.5717E-01
3.8640000E+01	-3.6840E-03	-2.3515E-01
3.8660000E+01	-1.5787E-02	-1.9264E-01
3.8680000E+01	-2.4883E-02	-1.3664E-01
3.8700000E+01	-3.0962E-02	-7.6455E-02
3.8720000E+01	-3.7346E-02	-2.1975E-02
3.8740000E+01	-2.7041E-02	1.7196E-02
3.8760000E+01	-1.5839E-02	3.4726E-02
3.8780000E+01	-4.3725E-03	2.7537E-02
3.8800000E+01	8.0889E-03	-3.3711E-03
3.8820000E+01	1.4592E-02	-5.2678E-02
3.8840000E+01	1.5496E-02	-1.1274E-01
3.8860000E+01	1.1876E-02	-1.7351E-01
3.8880000E+01	8.6009E-03	-2.2537E-01
3.8900000E+01	6.8155E-03	-2.5974E-01
3.8920000E+01	3.5212E-03	-2.7111E-01
3.8940000E+01	-6.6977E-04	-2.5751E-01
3.8960000E+01	-1.1559E-02	-2.2144E-01
3.8980000E+01	-2.3829E-02	-1.6939E-01
3.9000000E+01	-3.0161E-02	-1.0948E-01
3.9020000E+01	-3.3730E-02	-5.2029E-02
3.9040000E+01	-3.0184E-02	-6.3934E-03
3.9060000E+01	-2.0977E-02	1.9338E-02
3.9080000E+01	-9.2817E-03	2.0914E-02
3.9100000E+01	3.5499E-03	-2.0612E-03
3.9120000E+01	1.3330E-02	-4.5511E-02
3.9140000E+01	1.3436E-02	-1.0274E-01
3.9160000E+01	1.1911E-02	-1.6449E-01
3.9180000E+01	1.0120E-02	-2.2061E-01
3.9200000E+01	7.2779E-03	-2.6210E-01
3.9220000E+01	4.5671E-03	-2.8191E-01
3.9240000E+01	1.1380E-03	-2.7711E-01
3.9260000E+01	-7.0189E-03	-2.4847E-01
3.9280000E+01	-1.8102E-02	-2.0109E-01
3.9300000E+01	-2.8157E-02	-1.4290E-01
3.9320000E+01	-3.0167E-02	-8.3499E-02
3.9340000E+01	-2.9120E-02	-3.2676E-02
3.9360000E+01	-2.3639E-02	8.5430E-04
3.9380000E+01	-1.3833E-02	1.1263E-02
3.9400000E+01	-3.3568E-04	-3.3625E-03
3.9420000E+01	1.1269E-02	-4.0301E-02
3.9440000E+01	1.3444E-02	-9.3636E-02
3.9460000E+01	1.3085E-02	-1.5492E-01
3.9480000E+01	9.5501E-03	-2.1410E-01
3.9500000E+01	7.5709E-03	-2.6159E-01
3.9520000E+01	4.7128E-03	-2.8965E-01
3.9540000E+01	2.3271E-03	-2.9369E-01
3.9560000E+01	-3.0302E-03	-2.7308E-01
3.9580000E+01	-1.2238E-02	-2.3154E-01
3.9600000E+01	-1.9301E-02	-1.7619E-01
3.9620000E+01	-2.8993E-02	-1.1589E-01
3.9640000E+01	-3.1769E-02	-6.0854E-02
3.9660000E+01	-2.9393E-02	-2.0399E-02
3.9680000E+01	-1.6970E-02	-1.6745E-03
3.9700000E+01	-6.1282E-03	-7.4025E-03
3.9720000E+01	5.3820E-03	-3.6930E-02
3.9740000E+01	1.2847E-02	-8.5389E-02
3.9760000E+01	1.2429E-02	-1.4509E-01
3.9780000E+01	1.0221E-02	-2.0612E-01
3.9800000E+01	9.4540E-03	-2.5884E-01
3.9820000E+01	4.8085E-03	-2.9430E-01
3.9840000E+01	2.7162E-03	-3.0710E-01
3.9860000E+01	7.6226E-05	-2.9500E-01
3.9880000E+01	-9.0304E-03	-2.6019E-01
3.9900000E+01	-2.2333E-02	-2.0858E-01
3.9920000E+01	-2.8210E-02	-1.4897E-01
3.9940000E+01	-2.6298E-02	-9.1166E-02
3.9960000E+01	-2.6074E-02	-4.4627E-02
3.9980000E+01	-2.1368E-02	-1.7535E-02
4.0000000E+01	-8.8148E-03	-1.4440E-02
4.0020000E+01	8.6138E-04	-3.6085E-02
4.0040000E+01	1.0888E-02	-7.8709E-02
4.0060000E+01	1.3374E-02	-1.3534E-01
4.0080000E+01	1.0653E-02	-1.9703E-01
4.0100000E+01	7.8385E-03	-2.5373E-01
4.0120000E+01	5.9024E-03	-2.9622E-01
4.0140000E+01	3.3482E-03	-3.1735E-01
4.0160000E+01	1.5003E-03	-3.1409E-01
4.0180000E+01	-4.1004E-03	-2.8675E-01
4.0200000E+01	-1.5667E-02	-2.4024E-01
4.0220000E+01	-2.7912E-02	-1.8233E-01
4.0240000E+01	-2.9415E-02	-1.2273E-01
4.0260000E+01	-2.6749E-02	-7.1225E-02
4.0280000E+01	-2.1752E-02	-3.6549E-02
4.0300000E+01	-1.3412E-02	-2.4689E-02
4.0320000E+01	-1.8525E-03	-3.7782E-02
4.0340000E+01	8.6014E-03	-7.3605E-02
4.0360000E+01	1.0660E-02	-1.2624E-01
4.0380000E+01	1.0296E-02	-1.8740E-01
4.0400000E+01	9.0396E-03	-2.4706E-01
4.0420000E+01	7.7890E-03	-2.9541E-01
4.0440000E+01	4.5785E-03	-3.2464E-01
4.0460000E+01	2.3400E-03	-3.2999E-01
4.0480000E+01	-1.1664E-03	-3.1084E-01
4.0500000E+01	-1.1240E-02	-2.7047E-01
4.0520000E+01	-2.0949E-02	-2.1550E-01
4.0540000E+01	-2.6761E-02	-1.5538E-01
4.0560000E+01	-3.0362E-02	-9.9837E-02
4.0580000E+01	-2.8798E-02	-5.8328E-02
4.0600000E+01	-1.5834E-02	-3.8038E-02
4.0620000E+01	-6.4588E-03	-4.2417E-02
4.0640000E+01	3.5559E-03	-7.0656E-02
4.0660000E+01	1.0865E-02	-1.1833E-01
4.0680000E+01	1.1259E-02	-1.7753E-01
4.0700000E+01	9.9868E-03	-2.3878E-01
4.0720000E+01	7.5674E-03	-2.9210E-01
4.0740000E+01	5.6938E-03	-3.2893E-01
4.0760000E+01	3.3889E-03	-3.4311E-01
4.0780000E+01	7.6621E-04	-3.3229E-01
4.0800000E+01	-6.4434E-03	-2.9870E-01
4.0820000E+01	-1.7840E-02	-2.4795E-01
4.0840000E+01	-3.3658E-02	-1.8835E-01
4.0860000E+01	-3.5174E-02	-1.3011E-01
4.0880000E+01	-3.4017E-02	-8.2850E-02
4.0900000E+01	-2.7747E-02	-5.4257E-02
4.0920000E+01	-1.1253E-02	-5.0084E-02
4.0940000E+01	-1.3776E-03	-7.0175E-02
