time /s	I /mA	E /V
1.0000000E-02	-1.3441E-02	-1.9996E-01
2.0000000E-02	1.5300E-03	-5.8030E-02
3.0000000E-02	-5.1850E-03	-1.0333E-01
4.0000000E-02	-2.0003E-02	-2.7491E-01
5.0000000E-02	-2.1458E-02	-3.4388E-01
6.0000000E-02	-4.5634E-03	-2.1764E-01
7.0000000E-02	7.6183E-03	-6.2745E-02
8.0000000E-02	1.1460E-03	-8.3675E-02
9.0000000E-02	-1.4215E-02	-2.5158E-01
1.0000000E-01	-1.8530E-02	-3.4258E-01
1.1000000E-01	-4.1156E-03	-2.3493E-01
1.2000000E-01	9.0102E-03	-7.0414E-02
1.3000000E-01	4.5388E-03	-6.6704E-02
1.4000000E-01	-1.0871E-02	-2.2724E-01
1.5000000E-01	-1.7292E-02	-3.3821E-01
1.6000000E-01	-4.7977E-03	-2.5131E-01
1.7000000E-01	9.2704E-03	-8.0397E-02
1.8000000E-01	7.0786E-03	-5.1727E-02
1.9000000E-01	-8.2658E-03	-2.0227E-01
2.0000000E-01	-1.6434E-02	-3.3091E-01
2.1000000E-01	-5.9370E-03	-2.6624E-01
2.2000000E-01	8.8864E-03	-9.2755E-02
2.3000000E-01	8.9857E-03	-4.0065E-02
2.4000000E-01	-5.8284E-03	-1.7658E-01
2.5000000E-01	-1.5638E-02	-3.2053E-01
2.6000000E-01	-7.2864E-03	-2.7958E-01
2.7000000E-01	8.0581E-03	-1.0704E-01
2.8000000E-01	1.0473E-02	-3.1093E-02
2.9000000E-01	-3.5397E-03	-1.5129E-01
3.0000000E-01	-1.4816E-02	-3.0721E-01
3.1000000E-01	-8.6175E-03	-2.9057E-01
3.2000000E-01	6.9391E-03	-1.2270E-01
3.3000000E-01	1.1534E-02	-2.5101E-02
3.4000000E-01	-1.3279E-03	-1.2632E-01
3.5000000E-01	-1.3855E-02	-2.9120E-01
3.6000000E-01	-9.8997E-03	-2.9960E-01
3.7000000E-01	5.6273E-03	-1.3934E-01
3.8000000E-01	1.2248E-02	-2.2420E-02
3.9000000E-01	8.1843E-04	-1.0265E-01
4.0000000E-01	-1.2721E-02	-2.7257E-01
4.1000000E-01	-1.1115E-02	-3.0589E-01
4.2000000E-01	4.0989E-03	-1.5699E-01
4.3000000E-01	1.2661E-02	-2.2767E-02
4.4000000E-01	2.8866E-03	-8.0337E-02
4.5000000E-01	-1.1469E-02	-2.5222E-01
4.6000000E-01	-1.2095E-02	-3.0919E-01
4.7000000E-01	2.4643E-03	-1.7465E-01
4.8000000E-01	1.2738E-02	-2.6118E-02
4.9000000E-01	4.8935E-03	-5.9727E-02
5.0000000E-01	-1.0019E-02	-2.2956E-01
5.1000000E-01	-1.2862E-02	-3.0957E-01
5.2000000E-01	7.4627E-04	-1.9201E-01
5.3000000E-01	1.2477E-02	-3.2088E-02
5.4000000E-01	6.7720E-03	-4.1069E-02
5.5000000E-01	-8.4811E-03	-2.0594E-01
5.6000000E-01	-1.3344E-02	-3.0685E-01
5.7000000E-01	-1.0020E-03	-2.0899E-01
5.8000000E-01	1.1925E-02	-4.1093E-02
5.9000000E-01	8.5285E-03	-2.5039E-02
6.0000000E-01	-6.7579E-03	-1.8090E-01
6.1000000E-01	-1.3596E-02	-3.0122E-01
6.2000000E-01	-2.7841E-03	-2.2462E-01
6.3000000E-01	1.1146E-02	-5.2080E-02
6.4000000E-01	9.9742E-03	-1.1745E-02
6.5000000E-01	-4.9874E-03	-1.5564E-01
6.6000000E-01	-1.3624E-02	-2.9222E-01
6.7000000E-01	-4.5601E-03	-2.3894E-01
6.8000000E-01	1.0102E-02	-6.5428E-02
6.9000000E-01	1.1263E-02	-1.1303E-03
7.0000000E-01	-3.0951E-03	-1.3029E-01
7.1000000E-01	-1.3332E-02	-2.8022E-01
7.2000000E-01	-6.2548E-03	-2.5126E-01
7.3000000E-01	8.8366E-03	-8.0388E-02
7.4000000E-01	1.2241E-02	6.2104E-03
7.5000000E-01	-1.1743E-03	-1.0501E-01
7.6000000E-01	-1.2833E-02	-2.6554E-01
7.7000000E-01	-7.8212E-03	-2.6124E-01
7.8000000E-01	7.3740E-03	-9.6733E-02
7.9000000E-01	1.2920E-02	1.0529E-02
8.0000000E-01	7.7609E-04	-8.0665E-02
8.1000000E-01	-1.2099E-02	-2.4820E-01
8.2000000E-01	-9.2793E-03	-2.6891E-01
8.3000000E-01	5.7889E-03	-1.1404E-01
8.4000000E-01	1.3329E-02	1.1894E-02
8.5000000E-01	2.6947E-03	-5.7406E-02
8.6000000E-01	-1.1148E-02	-2.2891E-01
8.7000000E-01	-1.0506E-02	-2.7389E-01
8.8000000E-01	4.1062E-03	-1.3168E-01
8.9000000E-01	1.3442E-02	1.0185E-02
9.0000000E-01	4.6284E-03	-3.5712E-02
9.1000000E-01	-9.9578E-03	-2.0724E-01
9.2000000E-01	-1.1537E-02	-2.7557E-01
9.3000000E-01	2.3221E-03	-1.4932E-01
9.4000000E-01	1.3230E-02	5.2196E-03
9.5000000E-01	6.4891E-03	-1.6055E-02
9.6000000E-01	-8.5952E-03	-1.8425E-01
9.7000000E-01	-1.2294E-02	-2.7454E-01
9.8000000E-01	5.3738E-04	-1.6633E-01
9.9000000E-01	1.2768E-02	-2.1420E-03
1.0000000E+00	8.1932E-03	1.2090E-03
1.0100000E+00	-7.0824E-03	-1.5995E-01
1.0200000E+00	-1.2805E-02	-2.7025E-01
1.0300000E+00	-1.3234E-03	-1.8265E-01
1.0400000E+00	1.2050E-02	-1.2107E-02
1.0500000E+00	9.7730E-03	1.5902E-02
1.0600000E+00	-5.3743E-03	-1.3459E-01
1.0700000E+00	-1.3004E-02	-2.6289E-01
1.0800000E+00	-3.1194E-03	-1.9765E-01
1.0900000E+00	1.1044E-02	-2.4419E-02
1.1000000E+00	1.1101E-02	2.7899E-02
1.1100000E+00	-3.6492E-03	-1.0928E-01
1.1200000E+00	-1.2980E-02	-2.5254E-01
1.1300000E+00	-4.9121E-03	-2.1128E-01
1.1400000E+00	9.8345E-03	-3.8777E-02
1.1500000E+00	1.2176E-02	3.6859E-02
1.1600000E+00	-1.7501E-03	-8.3651E-02
1.1700000E+00	-1.2679E-02	-2.3954E-01
1.1800000E+00	-6.5461E-03	-2.2228E-01
1.1900000E+00	8.4804E-03	-5.4408E-02
1.2000000E+00	1.3000E-02	4.2862E-02
1.2100000E+00	1.2636E-04	-5.8990E-02
1.2200000E+00	-1.2117E-02	-2.2355E-01
1.2300000E+00	-8.1118E-03	-2.3126E-01
1.2400000E+00	6.9300E-03	-7.1061E-02
1.2500000E+00	1.3459E-02	4.5524E-02
1.2600000E+00	2.0829E-03	-3.5033E-02
1.2700000E+00	-1.1285E-02	-2.0489E-01
1.2800000E+00	-9.5242E-03	-2.3757E-01
1.2900000E+00	5.3022E-03	-8.8375E-02
1.3000000E+00	1.3717E-02	4.5518E-02
1.3100000E+00	3.9349E-03	-1.2737E-02
1.3200000E+00	-1.0280E-02	-1.8458E-01
1.3300000E+00	-1.0697E-02	-2.4122E-01
1.3400000E+00	3.5588E-03	-1.0607E-01
1.3500000E+00	1.3641E-02	4.2186E-02
1.3600000E+00	5.7916E-03	7.9248E-03
1.3700000E+00	-9.0401E-03	-1.6223E-01
1.3800000E+00	-1.1607E-02	-2.4154E-01
1.3900000E+00	1.7562E-03	-1.2366E-01
1.4000000E+00	1.3271E-02	3.5868E-02
1.4100000E+00	7.5552E-03	2.6589E-02
1.4200000E+00	-7.6077E-03	-1.3826E-01
1.4300000E+00	-1.2271E-02	-2.3890E-01
1.4400000E+00	-1.2724E-04	-1.4067E-01
1.4500000E+00	1.2650E-02	2.7188E-02
1.4600000E+00	9.2427E-03	4.2873E-02
1.4700000E+00	-6.0288E-03	-1.1362E-01
1.4800000E+00	-1.2700E-02	-2.3321E-01
1.4900000E+00	-1.9367E-03	-1.5634E-01
1.5000000E+00	1.1825E-02	1.6203E-02
1.5100000E+00	1.0677E-02	5.6201E-02
1.5200000E+00	-4.3282E-03	-8.8296E-02
1.5300000E+00	-1.2781E-02	-2.2421E-01
1.5400000E+00	-3.7901E-03	-1.7063E-01
1.5500000E+00	1.0695E-02	2.8954E-03
1.5600000E+00	1.1911E-02	6.6849E-02
1.5700000E+00	-2.5048E-03	-6.2677E-02
1.5800000E+00	-1.2666E-02	-2.1256E-01
1.5900000E+00	-5.5300E-03	-1.8297E-01
1.6000000E+00	9.3868E-03	-1.2110E-02
1.6100000E+00	1.2833E-02	7.4134E-02
1.6200000E+00	-6.5005E-04	-3.7375E-02
1.6300000E+00	-1.2233E-02	-1.9794E-01
1.6400000E+00	-7.1838E-03	-1.9295E-01
1.6500000E+00	7.9619E-03	-2.8446E-02
1.6600000E+00	1.3475E-02	7.8529E-02
1.6700000E+00	1.2389E-03	-1.3048E-02
1.6800000E+00	-1.1582E-02	-1.8057E-01
1.6900000E+00	-8.6440E-03	-2.0061E-01
1.7000000E+00	6.2955E-03	-4.5420E-02
1.7100000E+00	1.3787E-02	7.9828E-02
1.7200000E+00	3.1714E-03	1.0261E-02
1.7300000E+00	-1.0683E-02	-1.6124E-01
1.7400000E+00	-9.9837E-03	-2.0562E-01
1.7500000E+00	4.6155E-03	-6.3064E-02
1.7600000E+00	1.3890E-02	7.8156E-02
1.7700000E+00	5.0465E-03	3.1926E-02
1.7800000E+00	-9.5622E-03	-1.3957E-01
1.7900000E+00	-1.1050E-02	-2.0758E-01
1.8000000E+00	2.8094E-03	-8.0683E-02
1.8100000E+00	1.3690E-02	7.3496E-02
1.8200000E+00	6.8468E-03	5.1581E-02
1.8300000E+00	-8.2099E-03	-1.1661E-01
1.8400000E+00	-1.1869E-02	-2.0657E-01
1.8500000E+00	9.6640E-04	-9.8028E-02
1.8600000E+00	1.3145E-02	6.6143E-02
1.8700000E+00	8.5601E-03	6.8911E-02
1.8800000E+00	-6.7090E-03	-9.2300E-02
1.8900000E+00	-1.2376E-02	-2.0259E-01
1.9000000E+00	-8.8187E-04	-1.1431E-01
1.9100000E+00	1.2434E-02	5.6183E-02
1.9200000E+00	1.0091E-02	8.3500E-02
1.9300000E+00	-5.0365E-03	-6.7011E-02
1.9400000E+00	-1.2669E-02	-1.9522E-01
1.9500000E+00	-2.6947E-03	-1.2930E-01
1.9600000E+00	1.1415E-02	4.3854E-02
1.9700000E+00	1.1460E-02	9.5805E-02
1.9800000E+00	-3.3194E-03	-4.1645E-02
1.9900000E+00	-1.2668E-02	-1.8489E-01
2.0000000E+00	-4.5413E-03	-1.4262E-01
2.0100000E+00	1.0189E-02	2.9854E-02
2.0200000E+00	1.2531E-02	1.0483E-01
2.0300000E+00	-1.4683E-03	-1.6339E-02
2.0400000E+00	-1.2383E-02	-1.7154E-01
2.0500000E+00	-6.2558E-03	-1.5426E-01
2.0600000E+00	8.8448E-03	1.4207E-02
2.0700000E+00	1.3296E-02	1.1081E-01
2.0800000E+00	4.1129E-04	8.6244E-03
2.0900000E+00	-1.1875E-02	-1.5589E-01
2.1000000E+00	-7.8161E-03	-1.6295E-01
2.1100000E+00	7.2560E-03	-2.7631E-03
2.1200000E+00	1.3833E-02	1.1380E-01
2.1300000E+00	2.2982E-03	3.2594E-02
2.1400000E+00	-1.1062E-02	-1.3724E-01
2.1500000E+00	-9.2836E-03	-1.6959E-01
2.1600000E+00	5.6143E-03	-2.0082E-02
2.1700000E+00	1.4010E-02	1.1346E-01
2.1800000E+00	4.1865E-03	5.4879E-02
2.1900000E+00	-1.0060E-02	-1.1693E-01
2.2000000E+00	-1.0442E-02	-1.7291E-01
2.2100000E+00	3.8219E-03	-3.7732E-02
2.2200000E+00	1.3916E-02	1.1014E-01
2.2300000E+00	5.9978E-03	7.5555E-02
2.2400000E+00	-8.8097E-03	-9.4631E-02
2.2500000E+00	-1.1389E-02	-1.7354E-01
2.2600000E+00	1.9950E-03	-5.5383E-02
2.2700000E+00	1.3550E-02	1.0416E-01
2.2800000E+00	7.7930E-03	9.4209E-02
2.2900000E+00	-7.3689E-03	-7.0619E-02
2.3000000E+00	-1.2072E-02	-1.7088E-01
2.3100000E+00	1.4422E-04	-7.2031E-02
2.3200000E+00	1.2930E-02	9.5472E-02
2.3300000E+00	9.4558E-03	1.1054E-01
2.3400000E+00	-5.8050E-03	-4.5965E-02
2.3500000E+00	-1.2488E-02	-1.6523E-01
2.3600000E+00	-1.7184E-03	-8.8006E-02
2.3700000E+00	1.2033E-02	8.4476E-02
2.3800000E+00	1.0891E-02	1.2384E-01
2.3900000E+00	-4.1083E-03	-2.0674E-02
2.4000000E+00	-1.2663E-02	-1.5656E-01
2.4100000E+00	-3.5685E-03	-1.0231E-01
2.4200000E+00	1.0921E-02	7.1173E-02
2.4300000E+00	1.2129E-02	1.3448E-01
2.4400000E+00	-2.3055E-03	4.9899E-03
2.4500000E+00	-1.2498E-02	-1.4458E-01
2.4600000E+00	-5.3284E-03	-1.1463E-01
2.4700000E+00	9.6083E-03	5.6194E-02
2.4800000E+00	1.3086E-02	1.4213E-01
2.4900000E+00	-4.5241E-04	2.9981E-02
2.5000000E+00	-1.2108E-02	-1.3022E-01
2.5100000E+00	-6.9932E-03	-1.2498E-01
2.5200000E+00	8.1859E-03	4.0212E-02
2.5300000E+00	1.3697E-02	1.4643E-01
2.5400000E+00	1.4001E-03	5.4584E-02
2.5500000E+00	-1.1429E-02	-1.1291E-01
2.5600000E+00	-8.5139E-03	-1.3261E-01
2.5700000E+00	6.5363E-03	2.2868E-02
2.5800000E+00	1.4065E-02	1.4811E-01
2.5900000E+00	3.2872E-03	7.7575E-02
2.6000000E+00	-1.0507E-02	-9.3572E-02
2.6100000E+00	-9.8344E-03	-1.3761E-01
2.6200000E+00	4.7961E-03	5.2340E-03
2.6300000E+00	1.4141E-02	1.4644E-01
2.6400000E+00	5.1528E-03	9.9540E-02
2.6500000E+00	-9.3986E-03	-7.2244E-02
2.6600000E+00	-1.0918E-02	-1.3958E-01
2.6700000E+00	2.9981E-03	-1.2408E-02
2.6800000E+00	1.3867E-02	1.4180E-01
2.6900000E+00	6.9845E-03	1.1917E-01
2.7000000E+00	-8.0292E-03	-4.8974E-02
2.7100000E+00	-1.1732E-02	-1.3858E-01
2.7200000E+00	1.1659E-03	-2.9734E-02
2.7300000E+00	1.3304E-02	1.3413E-01
2.7400000E+00	8.6793E-03	1.3650E-01
2.7500000E+00	-6.5044E-03	-2.4641E-02
2.7600000E+00	-1.2272E-02	-1.3460E-01
2.7700000E+00	-6.9265E-04	-4.6023E-02
2.7800000E+00	1.2569E-02	1.2450E-01
2.7900000E+00	1.0271E-02	1.5149E-01
2.8000000E+00	-4.8762E-03	3.2019E-04
2.8100000E+00	-1.2557E-02	-1.2724E-01
2.8200000E+00	-2.5288E-03	-6.0995E-02
2.8300000E+00	1.1542E-02	1.1213E-01
2.8400000E+00	1.1654E-02	1.6346E-01
2.8500000E+00	-3.1316E-03	2.5992E-02
2.8600000E+00	-1.2540E-02	-1.1692E-01
2.8700000E+00	-4.3249E-03	-7.4344E-02
2.8800000E+00	1.0336E-02	9.8157E-02
2.8900000E+00	1.2720E-02	1.7282E-01
2.9000000E+00	-1.3305E-03	5.1294E-02
2.9100000E+00	-1.2255E-02	-1.0393E-01
2.9200000E+00	-6.1049E-03	-8.5998E-02
2.9300000E+00	8.9491E-03	8.2482E-02
2.9400000E+00	1.3554E-02	1.7876E-01
2.9500000E+00	5.2035E-04	7.6231E-02
2.9600000E+00	-1.1752E-02	-8.7938E-02
2.9700000E+00	-7.6941E-03	-9.4966E-02
2.9800000E+00	7.4158E-03	6.5882E-02
2.9900000E+00	1.4058E-02	1.8178E-01
3.0000000E+00	2.3337E-03	9.9882E-02
3.0100000E+00	-1.0910E-02	-6.9600E-02
3.0200000E+00	-9.1068E-03	-1.0126E-01
3.0300000E+00	5.7418E-03	4.8190E-02
3.0400000E+00	1.4236E-02	1.8144E-01
3.0500000E+00	4.2277E-03	1.2254E-01
3.0600000E+00	-9.8852E-03	-4.9282E-02
3.0700000E+00	-1.0394E-02	-1.0497E-01
3.0800000E+00	4.0155E-03	3.0576E-02
3.0900000E+00	1.4081E-02	1.7845E-01
3.1000000E+00	6.0956E-03	1.4319E-01
3.1100000E+00	-8.6215E-03	-2.6982E-02
3.1200000E+00	-1.1286E-02	-1.0525E-01
3.1300000E+00	2.1446E-03	1.3230E-02
3.1400000E+00	1.3712E-02	1.7242E-01
3.1500000E+00	7.8911E-03	1.6184E-01
3.1600000E+00	-7.1954E-03	-3.3200E-03
3.1700000E+00	-1.2014E-02	-1.0291E-01
3.1800000E+00	3.9033E-04	-3.7693E-03
3.1900000E+00	1.3058E-02	1.6379E-01
3.2000000E+00	9.5688E-03	1.7814E-01
3.2100000E+00	-5.6732E-03	2.1631E-02
3.2200000E+00	-1.2367E-02	-9.7272E-02
3.2300000E+00	-1.5192E-03	-1.9367E-02
3.2400000E+00	1.2131E-02	1.5280E-01
3.2500000E+00	1.1078E-02	1.9180E-01
3.2600000E+00	-3.9438E-03	4.6950E-02
3.2700000E+00	-1.2508E-02	-8.8597E-02
3.2800000E+00	-3.3653E-03	-3.3679E-02
3.2900000E+00	1.0997E-02	1.3948E-01
3.3000000E+00	1.2387E-02	2.0246E-01
3.3100000E+00	-2.2234E-03	7.2285E-02
3.3200000E+00	-1.2360E-02	-7.6952E-02
3.3300000E+00	-5.1890E-03	-4.6345E-02
3.3400000E+00	9.7444E-03	1.2481E-01
3.3500000E+00	1.3326E-02	2.1009E-01
3.3600000E+00	-4.5241E-04	9.7589E-02
3.3700000E+00	-1.1976E-02	-6.2613E-02
3.3800000E+00	-6.8064E-03	-5.6674E-02
3.3900000E+00	8.2226E-03	1.0850E-01
3.4000000E+00	1.4024E-02	2.1477E-01
3.4100000E+00	1.3720E-03	1.2188E-01
3.4200000E+00	-1.1264E-02	-4.5295E-02
3.4300000E+00	-8.3677E-03	-6.4284E-02
3.4400000E+00	6.6400E-03	9.1185E-02
3.4500000E+00	1.4336E-02	2.1610E-01
3.4600000E+00	3.2695E-03	1.4521E-01
3.4700000E+00	-1.0328E-02	-2.5979E-02
3.4800000E+00	-9.7094E-03	-6.9282E-02
3.4900000E+00	4.9135E-03	7.3875E-02
3.5000000E+00	1.4376E-02	2.1444E-01
3.5100000E+00	5.1519E-03	1.6685E-01
3.5200000E+00	-9.1897E-03	-4.6287E-03
3.5300000E+00	-1.0829E-02	-7.1633E-02
3.5400000E+00	3.1673E-03	5.6236E-02
3.5500000E+00	1.4094E-02	2.0976E-01
3.5600000E+00	7.0236E-03	1.8683E-01
3.5700000E+00	-7.8993E-03	1.8674E-02
3.5800000E+00	-1.1624E-02	-7.0585E-02
3.5900000E+00	1.3336E-03	3.8940E-02
3.6000000E+00	1.3522E-02	2.0244E-01
3.6100000E+00	8.8309E-03	2.0411E-01
3.6200000E+00	-6.3849E-03	4.2639E-02
3.6300000E+00	-1.2133E-02	-6.6632E-02
3.6400000E+00	-5.4436E-04	2.2270E-02
3.6500000E+00	1.2746E-02	1.9279E-01
3.6600000E+00	1.0454E-02	2.1913E-01
3.6700000E+00	-4.8143E-03	6.7984E-02
3.6800000E+00	-1.2417E-02	-5.9278E-02
3.6900000E+00	-2.3435E-03	7.3075E-03
3.7000000E+00	1.1656E-02	1.8045E-01
3.7100000E+00	1.1925E-02	2.3145E-01
3.7200000E+00	-3.1528E-03	9.3248E-02
3.7300000E+00	-1.2368E-02	-4.9260E-02
3.7400000E+00	-4.1791E-03	-6.0691E-03
3.7500000E+00	1.0433E-02	1.6648E-01
3.7600000E+00	1.3092E-02	2.4043E-01
3.7700000E+00	-1.3109E-03	1.1892E-01
3.7800000E+00	-1.2110E-02	-3.6286E-02
3.7900000E+00	-5.9367E-03	-1.7664E-02
3.8000000E+00	8.9880E-03	1.5082E-01
3.8100000E+00	1.3956E-02	2.4674E-01
3.8200000E+00	4.2116E-04	1.4358E-01
3.8300000E+00	-1.1502E-02	-2.0296E-02
3.8400000E+00	-7.5467E-03	-2.6632E-02
3.8500000E+00	7.5135E-03	1.3418E-01
3.8600000E+00	1.4422E-02	2.4974E-01
3.8700000E+00	2.3058E-03	1.6752E-01
3.8800000E+00	-1.0759E-02	-1.9734E-03
3.8900000E+00	-8.9684E-03	-3.3008E-02
3.9000000E+00	5.8072E-03	1.1686E-01
3.9100000E+00	1.4604E-02	2.4973E-01
3.9200000E+00	4.1742E-03	1.9017E-01
3.9300000E+00	-9.7304E-03	1.8303E-02
3.9400000E+00	-1.0209E-02	-3.6635E-02
3.9500000E+00	4.0737E-03	9.9187E-02
3.9600000E+00	1.4396E-02	2.4641E-01
3.9700000E+00	6.1099E-03	2.1085E-01
3.9800000E+00	-8.5149E-03	4.0646E-02
3.9900000E+00	-1.1156E-02	-3.7331E-02
4.0000000E+00	2.2783E-03	8.1536E-02
4.0100000E+00	1.4034E-02	2.4079E-01
4.0200000E+00	7.9785E-03	2.2981E-01
4.0300000E+00	-7.1367E-03	6.4332E-02
4.0400000E+00	-1.1880E-02	-3.4930E-02
4.0500000E+00	4.5705E-04	6.4600E-02
4.0600000E+00	1.3265E-02	2.3208E-01
4.0700000E+00	9.8023E-03	2.4579E-01
4.0800000E+00	-5.6500E-03	8.8953E-02
4.0900000E+00	-1.2224E-02	-2.9249E-02
4.1000000E+00	-1.4070E-03	4.8965E-02
4.1100000E+00	1.2323E-02	2.2112E-01
4.1200000E+00	1.1439E-02	2.5944E-01
4.1300000E+00	-4.0003E-03	1.1425E-01
4.1400000E+00	-1.2342E-02	-2.0620E-02
4.1500000E+00	-3.2092E-03	3.4625E-02
4.1600000E+00	1.1137E-02	2.0781E-01
4.1700000E+00	1.2865E-02	2.7043E-01
4.1800000E+00	-2.3278E-03	1.3989E-01
4.1900000E+00	-1.2235E-02	-9.2876E-03
4.2000000E+00	-4.9902E-03	2.1929E-02
4.2100000E+00	9.8529E-03	1.9313E-01
4.2200000E+00	1.3877E-02	2.7806E-01
4.2300000E+00	-5.0491E-04	1.6520E-01
4.2400000E+00	-1.1802E-02	5.3888E-03
4.2500000E+00	-6.6618E-03	1.1662E-02
4.2600000E+00	8.3321E-03	1.7681E-01
4.2700000E+00	1.4553E-02	2.8275E-01
4.2800000E+00	1.3445E-03	1.8953E-01
4.2900000E+00	-1.1142E-02	2.2362E-02
4.3000000E+00	-8.1977E-03	4.0038E-03
4.3100000E+00	6.7057E-03	1.5984E-01
4.3200000E+00	1.4910E-02	2.8406E-01
4.3300000E+00	3.2270E-03	2.1284E-01
4.3400000E+00	-1.0293E-02	4.1661E-02
4.3500000E+00	-9.5899E-03	-1.3290E-03
4.3600000E+00	5.0258E-03	1.4217E-01
4.3700000E+00	1.4886E-02	2.8236E-01
4.3800000E+00	5.1548E-03	2.3447E-01
4.3900000E+00	-9.1561E-03	6.2965E-02
4.4000000E+00	-1.0621E-02	-3.3266E-03
4.4100000E+00	3.2460E-03	1.2451E-01
4.4200000E+00	1.4546E-02	2.7805E-01
4.4300000E+00	7.1043E-03	2.5449E-01
4.4400000E+00	-7.8813E-03	8.5957E-02
4.4500000E+00	-1.1483E-02	-2.6578E-03
4.4600000E+00	1.4400E-03	1.0719E-01
4.4700000E+00	1.3883E-02	2.7076E-01
4.4800000E+00	9.1541E-03	2.7215E-01
4.4900000E+00	-6.4866E-03	1.1031E-01
4.5000000E+00	-1.2013E-02	1.3521E-03
4.5100000E+00	-4.4667E-04	9.0903E-02
4.5200000E+00	1.3045E-02	2.6108E-01
4.5300000E+00	1.0909E-02	2.8711E-01
4.5400000E+00	-4.8884E-03	1.3526E-01
4.5500000E+00	-1.2306E-02	8.3725E-03
4.5600000E+00	-2.2287E-03	7.5574E-02
4.5700000E+00	1.1923E-02	2.4874E-01
4.5800000E+00	1.2524E-02	2.9908E-01
4.5900000E+00	-3.2168E-03	1.6090E-01
4.6000000E+00	-1.2276E-02	1.8700E-02
4.6100000E+00	-4.0477E-03	6.2274E-02
4.6200000E+00	1.0638E-02	2.3476E-01
4.6300000E+00	1.3781E-02	3.0844E-01
4.6400000E+00	-1.4391E-03	1.8623E-01
4.6500000E+00	-1.2041E-02	3.1670E-02
4.6600000E+00	-5.7799E-03	5.0620E-02
4.6700000E+00	9.2382E-03	2.1948E-01
4.6800000E+00	1.4703E-02	3.1473E-01
4.6900000E+00	3.3597E-04	2.1119E-01
4.7000000E+00	-1.1520E-02	4.7326E-02
4.7100000E+00	-7.4303E-03	4.1634E-02
4.7200000E+00	7.6215E-03	2.0245E-01
4.7300000E+00	1.5216E-02	3.1773E-01
4.7400000E+00	2.2508E-03	2.3516E-01
4.7500000E+00	-1.0772E-02	6.5675E-02
4.7600000E+00	-8.8743E-03	3.4990E-02
4.7700000E+00	5.9538E-03	1.8517E-01
4.7800000E+00	1.5349E-02	3.1771E-01
4.7900000E+00	4.2132E-03	2.5784E-01
4.8000000E+00	-9.8043E-03	8.5982E-02
4.8100000E+00	-1.0147E-02	3.1341E-02
4.8200000E+00	4.2057E-03	1.6750E-01
4.8300000E+00	1.5136E-02	3.1472E-01
4.8400000E+00	6.2492E-03	2.7846E-01
4.8500000E+00	-8.5823E-03	1.0828E-01
4.8600000E+00	-1.1106E-02	3.0663E-02
4.8700000E+00	2.3929E-03	1.4986E-01
4.8800000E+00	1.4595E-02	3.0874E-01
4.8900000E+00	8.3346E-03	2.9745E-01
4.9000000E+00	-7.2436E-03	1.3194E-01
4.9100000E+00	-1.1775E-02	3.2986E-02
4.9200000E+00	6.0924E-04	1.3326E-01
4.9300000E+00	1.3811E-02	3.0041E-01
4.9400000E+00	1.0328E-02	3.1378E-01
4.9500000E+00	-5.7637E-03	1.5659E-01
4.9600000E+00	-1.2190E-02	3.8349E-02
4.9700000E+00	-1.2540E-03	1.1721E-01
4.9800000E+00	1.2751E-02	2.8941E-01
4.9900000E+00	1.2188E-02	3.2743E-01
5.0000000E+00	-4.1711E-03	1.8190E-01
5.0100000E+00	-1.2362E-02	4.7014E-02
5.0200000E+00	-3.0758E-03	1.0293E-01
5.0300000E+00	1.1526E-02	2.7643E-01
5.0400000E+00	1.3762E-02	3.3807E-01
5.0500000E+00	-2.4370E-03	2.0754E-01
5.0600000E+00	-1.2247E-02	5.8670E-02
5.0700000E+00	-4.8839E-03	9.0255E-02
5.0800000E+00	1.0135E-02	2.6143E-01
5.0900000E+00	1.4962E-02	3.4606E-01
5.1000000E+00	-6.8066E-04	2.3255E-01
5.1100000E+00	-1.1902E-02	7.2999E-02
5.1200000E+00	-6.5987E-03	7.9958E-02
5.1300000E+00	8.6080E-03	2.4545E-01
5.1400000E+00	1.5728E-02	3.5071E-01
5.1500000E+00	1.2072E-03	2.5719E-01
5.1600000E+00	-1.1287E-02	8.9984E-02
5.1700000E+00	-8.1979E-03	7.1947E-02
5.1800000E+00	6.9687E-03	2.2813E-01
5.1900000E+00	1.6036E-02	3.5203E-01
5.2000000E+00	3.1775E-03	2.8051E-01
5.2100000E+00	-1.0451E-02	1.0930E-01
5.2200000E+00	-9.5560E-03	6.6989E-02
5.2300000E+00	5.2004E-03	2.1049E-01
5.2400000E+00	1.5978E-02	3.5073E-01
5.2500000E+00	5.2572E-03	3.0211E-01
5.2600000E+00	-9.3648E-03	1.3061E-01
5.2700000E+00	-1.0709E-02	6.4634E-02
5.2800000E+00	3.4303E-03	1.9285E-01
5.2900000E+00	1.5533E-02	3.4639E-01
5.3000000E+00	7.4398E-03	3.2210E-01
5.3100000E+00	-8.1147E-03	1.5361E-01
5.3200000E+00	-1.1545E-02	6.5308E-02
5.3300000E+00	1.5795E-03	1.7550E-01
5.3400000E+00	1.4737E-02	3.3905E-01
5.3500000E+00	9.6791E-03	3.3976E-01
5.3600000E+00	-6.6980E-03	1.7791E-01
5.3700000E+00	-1.2106E-02	6.9336E-02
5.3800000E+00	-2.3815E-04	1.5922E-01
5.3900000E+00	1.3692E-02	3.2940E-01
5.4000000E+00	1.1844E-02	3.5475E-01
5.4100000E+00	-5.1503E-03	2.0288E-01
5.4200000E+00	-1.2438E-02	7.6324E-02
5.4300000E+00	-2.1299E-03	1.4388E-01
5.4400000E+00	1.2459E-02	3.1706E-01
5.4500000E+00	1.3886E-02	3.6705E-01
5.4600000E+00	-3.4907E-03	2.2853E-01
5.4700000E+00	-1.2497E-02	8.6297E-02
5.4800000E+00	-3.9398E-03	1.3058E-01
5.4900000E+00	1.1082E-02	3.0342E-01
5.5000000E+00	1.5498E-02	3.7637E-01
5.5100000E+00	-1.7980E-03	2.5387E-01
5.5200000E+00	-1.2297E-02	9.9316E-02
5.5300000E+00	-5.7680E-03	1.1892E-01
5.5400000E+00	9.5585E-03	2.8775E-01
5.5500000E+00	1.6568E-02	3.8270E-01
5.5600000E+00	2.2470E-05	2.7883E-01
5.5700000E+00	-1.1908E-02	1.1495E-01
5.5800000E+00	-7.4448E-03	1.0993E-01
5.5900000E+00	7.9523E-03	2.7111E-01
5.6000000E+00	1.7156E-02	3.8570E-01
5.6100000E+00	1.9581E-03	3.0281E-01
5.6200000E+00	-1.1180E-02	1.3332E-01
5.6300000E+00	-9.0251E-03	1.0329E-01
5.6400000E+00	6.2278E-03	2.5381E-01
5.6500000E+00	1.7233E-02	3.8571E-01
5.6600000E+00	4.1269E-03	3.2546E-01
5.6700000E+00	-1.0258E-02	1.5359E-01
5.6800000E+00	-1.0352E-02	9.9297E-02
5.6900000E+00	4.4135E-03	2.3580E-01
5.7000000E+00	1.6891E-02	3.8304E-01
5.7100000E+00	6.4179E-03	3.4611E-01
5.7200000E+00	-9.1269E-03	1.7561E-01
5.7300000E+00	-1.1381E-02	9.8630E-02
5.7400000E+00	2.6017E-03	2.1851E-01
5.7500000E+00	1.6089E-02	3.7703E-01
5.7600000E+00	8.9572E-03	3.6513E-01
5.7700000E+00	-7.7638E-03	1.9925E-01
5.7800000E+00	-1.2104E-02	1.0098E-01
5.7900000E+00	7.2293E-04	2.0148E-01
5.8000000E+00	1.5000E-02	3.6869E-01
5.8100000E+00	1.1552E-02	3.8141E-01
5.8200000E+00	-6.3147E-03	2.2420E-01
5.8300000E+00	-1.2597E-02	1.0628E-01
5.8400000E+00	-1.1710E-03	1.8554E-01
5.8500000E+00	1.3624E-02	3.5773E-01
5.8600000E+00	1.4096E-02	3.9504E-01
5.8700000E+00	-4.7901E-03	2.4954E-01
5.8800000E+00	-1.2826E-02	1.1493E-01
5.8900000E+00	-3.0809E-03	1.7122E-01
5.9000000E+00	1.2164E-02	3.4471E-01
5.9100000E+00	1.6293E-02	4.0602E-01
5.9200000E+00	-3.1734E-03	2.7486E-01
5.9300000E+00	-1.2882E-02	1.2629E-01
5.9400000E+00	-4.9506E-03	1.5855E-01
5.9500000E+00	1.0572E-02	3.2970E-01
5.9600000E+00	1.7865E-02	4.1369E-01
5.9700000E+00	-1.3896E-03	3.0018E-01
5.9800000E+00	-1.2651E-02	1.4065E-01
5.9900000E+00	-6.8081E-03	1.4822E-01
6.0000000E+00	8.9863E-03	3.1380E-01
6.0100000E+00	1.8834E-02	4.1867E-01
6.0200000E+00	5.7984E-04	3.2484E-01
6.0300000E+00	-1.2169E-02	1.5759E-01
6.0400000E+00	-8.5720E-03	1.4027E-01
6.0500000E+00	7.2314E-03	2.9676E-01
6.0600000E+00	1.9180E-02	4.2036E-01
6.0700000E+00	2.7712E-03	3.4811E-01
6.0800000E+00	-1.1411E-02	1.7694E-01
6.0900000E+00	-1.0093E-02	1.3498E-01
6.1000000E+00	5.4068E-03	2.7913E-01
6.1100000E+00	1.8844E-02	4.1868E-01
6.1200000E+00	5.2781E-03	3.6976E-01
6.1300000E+00	-1.0433E-02	1.9824E-01
6.1400000E+00	-1.1363E-02	1.3261E-01
6.1500000E+00	3.4981E-03	2.6149E-01
6.1600000E+00	1.8040E-02	4.1435E-01
6.1700000E+00	8.0591E-03	3.8976E-01
6.1800000E+00	-9.2255E-03	2.2123E-01
6.1900000E+00	-1.2330E-02	1.3329E-01
6.2000000E+00	1.6277E-03	2.4416E-01
6.2100000E+00	1.6890E-02	4.0738E-01
6.2200000E+00	1.1107E-02	4.0739E-01
6.2300000E+00	-7.8437E-03	2.4520E-01
6.2400000E+00	-1.2938E-02	1.3730E-01
6.2500000E+00	-3.0607E-04	2.2751E-01
6.2600000E+00	1.5327E-02	3.9738E-01
6.2700000E+00	1.4216E-02	4.2237E-01
6.2800000E+00	-6.3410E-03	2.7054E-01
6.2900000E+00	-1.3367E-02	1.4427E-01
6.3000000E+00	-2.2509E-03	2.1252E-01
6.3100000E+00	1.3705E-02	3.8572E-01
6.3200000E+00	1.7024E-02	4.3468E-01
6.3300000E+00	-4.7504E-03	2.9586E-01
6.3400000E+00	-1.3577E-02	1.5431E-01
6.3500000E+00	-4.2726E-03	1.9886E-01
6.3600000E+00	1.1950E-02	3.7170E-01
6.3700000E+00	1.9370E-02	4.4434E-01
6.3800000E+00	-3.0000E-03	3.2149E-01
6.3900000E+00	-1.3637E-02	1.6696E-01
6.4000000E+00	-6.2441E-03	1.8725E-01
6.4100000E+00	1.0169E-02	3.5607E-01
6.4200000E+00	2.0694E-02	4.5067E-01
6.4300000E+00	-1.0741E-03	3.4614E-01
6.4400000E+00	-1.3412E-02	1.8262E-01
6.4500000E+00	-8.1983E-03	1.7788E-01
6.4600000E+00	8.2890E-03	3.3940E-01
6.4700000E+00	2.1276E-02	4.5370E-01
6.4800000E+00	1.3070E-03	3.7044E-01
6.4900000E+00	-1.2888E-02	2.0093E-01
6.5000000E+00	-9.9845E-03	1.7125E-01
6.5100000E+00	6.3676E-03	3.2211E-01
6.5200000E+00	2.1279E-02	4.5400E-01
6.5300000E+00	3.9989E-03	3.9310E-01
6.5400000E+00	-1.2098E-02	2.2126E-01
6.5500000E+00	-1.1452E-02	1.6756E-01
6.5600000E+00	4.3894E-03	3.0448E-01
6.5700000E+00	2.0543E-02	4.5101E-01
6.5800000E+00	6.9929E-03	4.1377E-01
6.5900000E+00	-1.0993E-02	2.4323E-01
6.6000000E+00	-1.2680E-02	1.6661E-01
6.6100000E+00	2.4449E-03	2.8680E-01
6.6200000E+00	1.9273E-02	4.4535E-01
6.6300000E+00	1.0340E-02	4.3273E-01
6.6400000E+00	-9.7125E-03	2.6689E-01
6.6500000E+00	-1.3515E-02	1.6896E-01
6.6600000E+00	4.0088E-04	2.6980E-01
6.6700000E+00	1.7583E-02	4.3670E-01
6.6800000E+00	1.3869E-02	4.4903E-01
6.6900000E+00	-8.2088E-03	2.9153E-01
6.7000000E+00	-1.4145E-02	1.7428E-01
6.7100000E+00	-1.5756E-03	2.5421E-01
6.7200000E+00	1.5766E-02	4.2602E-01
6.7300000E+00	1.7366E-02	4.6306E-01
6.7400000E+00	-6.6195E-03	3.1688E-01
6.7500000E+00	-1.4591E-02	1.8263E-01
6.7600000E+00	-3.6892E-03	2.3955E-01
6.7700000E+00	1.3873E-02	4.1304E-01
6.7800000E+00	2.0195E-02	4.7401E-01
6.7900000E+00	-4.7388E-03	3.4250E-01
6.8000000E+00	-1.4807E-02	1.9428E-01
6.8100000E+00	-5.7871E-03	2.2690E-01
6.8200000E+00	1.1859E-02	3.9840E-01
6.8300000E+00	2.1984E-02	4.8164E-01
6.8400000E+00	-2.6337E-03	3.6783E-01
6.8500000E+00	-1.4844E-02	2.0826E-01
6.8600000E+00	-7.8752E-03	2.1654E-01
6.8700000E+00	9.7281E-03	3.8207E-01
6.8800000E+00	2.3010E-02	4.8665E-01
6.8900000E+00	-1.4451E-04	3.9214E-01
6.9000000E+00	-1.4568E-02	2.2525E-01
6.9100000E+00	-9.8694E-03	2.0861E-01
6.9200000E+00	7.6602E-03	3.6507E-01
6.9300000E+00	2.3211E-02	4.8831E-01
6.9400000E+00	2.7098E-03	4.1579E-01
6.9500000E+00	-1.3939E-02	2.4456E-01
6.9600000E+00	-1.1645E-02	2.0324E-01
6.9700000E+00	5.4571E-03	3.4741E-01
6.9800000E+00	2.2642E-02	4.8699E-01
6.9900000E+00	5.7675E-03	4.3742E-01
7.0000000E+00	-1.2952E-02	2.6591E-01
7.0100000E+00	-1.3115E-02	2.0092E-01
7.0200000E+00	3.3215E-03	3.2977E-01
7.0300000E+00	2.1521E-02	4.8263E-01
7.0400000E+00	9.1979E-03	4.5739E-01
7.0500000E+00	-1.1673E-02	2.8856E-01
7.0600000E+00	-1.4177E-02	2.0158E-01
7.0700000E+00	1.2000E-03	3.1249E-01
7.0800000E+00	1.9843E-02	4.7532E-01
7.0900000E+00	1.2847E-02	4.7501E-01
7.1000000E+00	-1.0093E-02	3.1287E-01
7.1100000E+00	-1.4978E-02	2.0528E-01
7.1200000E+00	-8.7377E-04	2.9617E-01
7.1300000E+00	1.7970E-02	4.6569E-01
7.1400000E+00	1.6556E-02	4.9034E-01
7.1500000E+00	-8.3512E-03	3.3783E-01
7.1600000E+00	-1.5628E-02	2.1191E-01
7.1700000E+00	-3.0338E-03	2.8081E-01
7.1800000E+00	1.5996E-02	4.5402E-01
7.1900000E+00	1.9717E-02	5.0267E-01
7.2000000E+00	-6.2383E-03	3.6352E-01
7.2100000E+00	-1.5995E-02	2.2193E-01
7.2200000E+00	-5.2674E-03	2.6721E-01
7.2300000E+00	1.3848E-02	4.4001E-01
7.2400000E+00	2.2000E-02	5.1198E-01
7.2500000E+00	-3.9649E-03	3.8880E-01
7.2600000E+00	-1.6148E-02	2.3490E-01
7.2700000E+00	-7.5071E-03	2.5553E-01
7.2800000E+00	1.1700E-02	4.2436E-01
7.2900000E+00	2.3229E-02	5.1864E-01
7.3000000E+00	-1.3395E-03	4.1377E-01
7.3100000E+00	-1.6093E-02	2.5024E-01
7.3200000E+00	-9.6668E-03	2.4620E-01
7.3300000E+00	9.4110E-03	4.0802E-01
7.3400000E+00	2.3701E-02	5.2197E-01
7.3500000E+00	1.5493E-03	4.3778E-01
7.3600000E+00	-1.5545E-02	2.6857E-01
7.3700000E+00	-1.1660E-02	2.3957E-01
7.3800000E+00	7.0211E-03	3.9039E-01
7.3900000E+00	2.3433E-02	5.2198E-01
7.4000000E+00	4.6289E-03	4.6041E-01
7.4100000E+00	-1.4668E-02	2.8856E-01
7.4200000E+00	-1.3342E-02	2.3558E-01
7.4300000E+00	4.7098E-03	3.7278E-01
7.4400000E+00	2.2573E-02	5.1928E-01
7.4500000E+00	7.8473E-03	4.8138E-01
7.4600000E+00	-1.3305E-02	3.1089E-01
7.4700000E+00	-1.4651E-02	2.3492E-01
7.4800000E+00	2.4263E-03	3.5547E-01
7.4900000E+00	2.1142E-02	5.1333E-01
7.5000000E+00	1.1242E-02	5.0034E-01
7.5100000E+00	-1.1599E-02	3.3457E-01
7.5200000E+00	-1.5642E-02	2.3692E-01
7.5300000E+00	1.3677E-04	3.3845E-01
7.5400000E+00	1.9447E-02	5.0499E-01
7.5500000E+00	1.4787E-02	5.1704E-01
7.5600000E+00	-9.6002E-03	3.5916E-01
7.5700000E+00	-1.6379E-02	2.4225E-01
7.5800000E+00	-2.1493E-03	3.2246E-01
7.5900000E+00	1.7604E-02	4.9434E-01
7.6000000E+00	1.7954E-02	5.3064E-01
7.6100000E+00	-7.3204E-03	3.8451E-01
7.6200000E+00	-1.6881E-02	2.5058E-01
7.6300000E+00	-4.4954E-03	3.0785E-01
7.6400000E+00	1.5654E-02	4.8131E-01
7.6500000E+00	2.0491E-02	5.4162E-01
7.6600000E+00	-4.7796E-03	4.0980E-01
7.6700000E+00	-1.7154E-02	2.6193E-01
7.6800000E+00	-6.8004E-03	2.9519E-01
7.6900000E+00	1.3566E-02	4.6668E-01
7.7000000E+00	2.1970E-02	5.4965E-01
7.7100000E+00	-2.0919E-03	4.3515E-01
7.7200000E+00	-1.7080E-02	2.7622E-01
7.7300000E+00	-9.0498E-03	2.8484E-01
7.7400000E+00	1.1355E-02	4.5069E-01
7.7500000E+00	2.2762E-02	5.5462E-01
7.7600000E+00	7.3595E-04	4.5975E-01
7.7700000E+00	-1.6656E-02	2.9292E-01
7.7800000E+00	-1.1223E-02	2.7654E-01
7.7900000E+00	9.0091E-03	4.3338E-01
7.8000000E+00	2.2772E-02	5.5627E-01
7.8100000E+00	3.5907E-03	4.8304E-01
7.8200000E+00	-1.5730E-02	3.1222E-01
7.8300000E+00	-1.3077E-02	2.7122E-01
7.8400000E+00	6.5932E-03	4.1574E-01
7.8500000E+00	2.2248E-02	5.5495E-01
7.8600000E+00	6.5165E-03	5.0505E-01
7.8700000E+00	-1.4328E-02	3.3321E-01
7.8800000E+00	-1.4623E-02	2.6889E-01
7.8900000E+00	4.1559E-03	3.9809E-01
7.9000000E+00	2.1238E-02	5.5058E-01
7.9100000E+00	9.5652E-03	5.2502E-01
7.9200000E+00	-1.2495E-02	3.5619E-01
7.9300000E+00	-1.5812E-02	2.6957E-01
7.9400000E+00	1.6579E-03	3.8079E-01
7.9500000E+00	1.9864E-02	5.4360E-01
7.9600000E+00	1.2652E-02	5.4264E-01
7.9700000E+00	-1.0331E-02	3.8050E-01
7.9800000E+00	-1.6664E-02	2.7325E-01
7.9900000E+00	-7.2541E-04	3.6445E-01
8.0000000E+00	1.8230E-02	5.3396E-01
8.0100000E+00	1.5724E-02	5.5797E-01
8.0200000E+00	-7.8450E-03	4.0548E-01
8.0300000E+00	-1.7328E-02	2.7992E-01
8.0400000E+00	-3.1914E-03	3.4917E-01
8.0500000E+00	1.6518E-02	5.2227E-01
8.0600000E+00	1.8408E-02	5.7062E-01
8.0700000E+00	-5.2817E-03	4.3082E-01
8.0800000E+00	-1.7612E-02	2.8991E-01
8.0900000E+00	-5.6373E-03	3.3549E-01
8.1000000E+00	1.4662E-02	5.0833E-01
8.1100000E+00	2.0275E-02	5.7993E-01
8.1200000E+00	-2.5589E-03	4.5643E-01
8.1300000E+00	-1.7573E-02	3.0258E-01
8.1400000E+00	-8.0029E-03	3.2385E-01
8.1500000E+00	1.2737E-02	4.9298E-01
8.1600000E+00	2.1374E-02	5.8657E-01
8.1700000E+00	1.2599E-05	4.8143E-01
8.1800000E+00	-1.7098E-02	3.1824E-01
8.1900000E+00	-1.0267E-02	3.1455E-01
8.2000000E+00	1.0665E-02	4.7632E-01
8.2100000E+00	2.1794E-02	5.8988E-01
8.2200000E+00	2.5620E-03	5.0541E-01
8.2300000E+00	-1.6170E-02	3.3622E-01
8.2400000E+00	-1.2296E-02	3.0790E-01
8.2500000E+00	8.4613E-03	4.5905E-01
8.2600000E+00	2.1571E-02	5.8989E-01
8.2700000E+00	5.1836E-03	5.2804E-01
8.2800000E+00	-1.4713E-02	3.5619E-01
8.2900000E+00	-1.4076E-02	3.0391E-01
8.3000000E+00	6.1581E-03	4.4139E-01
8.3100000E+00	2.0887E-02	5.8724E-01
8.3200000E+00	7.9186E-03	5.4902E-01
8.3300000E+00	-1.2811E-02	3.7858E-01
8.3400000E+00	-1.5498E-02	3.0287E-01
8.3500000E+00	3.6700E-03	4.2375E-01
8.3600000E+00	1.9779E-02	5.8158E-01
8.3700000E+00	1.0783E-02	5.6799E-01
8.3800000E+00	-1.0573E-02	4.0184E-01
8.3900000E+00	-1.6535E-02	3.0492E-01
8.4000000E+00	1.1555E-03	4.0677E-01
8.4100000E+00	1.8367E-02	5.7326E-01
8.4200000E+00	1.3781E-02	5.8463E-01
8.4300000E+00	-8.1339E-03	4.2651E-01
8.4400000E+00	-1.7234E-02	3.1024E-01
8.4500000E+00	-1.3931E-03	3.9075E-01
8.4600000E+00	1.6834E-02	5.6256E-01
8.4700000E+00	1.6561E-02	5.9856E-01
8.4800000E+00	-5.6333E-03	4.5179E-01
8.4900000E+00	-1.7604E-02	3.1858E-01
8.5000000E+00	-3.9644E-03	3.7613E-01
8.5100000E+00	1.5128E-02	5.4963E-01
8.5200000E+00	1.8857E-02	6.0959E-01
8.5300000E+00	-3.2076E-03	4.7744E-01
8.5400000E+00	-1.7555E-02	3.2991E-01
8.5500000E+00	-6.4535E-03	3.6351E-01
8.5600000E+00	1.3368E-02	5.3496E-01
8.5700000E+00	2.0322E-02	6.1756E-01
8.5800000E+00	-8.6371E-04	5.0274E-01
8.5900000E+00	-1.7101E-02	3.4394E-01
8.6000000E+00	-8.8538E-03	3.5283E-01
8.6100000E+00	1.1550E-02	5.1897E-01
8.6200000E+00	2.1226E-02	6.2257E-01
8.6300000E+00	1.4747E-03	5.2739E-01
8.6400000E+00	-1.6152E-02	3.6057E-01
8.6500000E+00	-1.1096E-02	3.4488E-01
8.6600000E+00	9.6886E-03	5.0201E-01
8.6700000E+00	2.1393E-02	6.2423E-01
8.6800000E+00	3.8701E-03	5.5071E-01
8.6900000E+00	-1.4703E-02	3.7987E-01
8.7000000E+00	-1.3093E-02	3.3955E-01
8.7100000E+00	7.6226E-03	4.8435E-01
8.7200000E+00	2.1039E-02	6.2323E-01
8.7300000E+00	6.4678E-03	5.7273E-01
8.7400000E+00	-1.2875E-02	4.0085E-01
8.7500000E+00	-1.4805E-02	3.3692E-01
8.7600000E+00	5.4265E-03	4.6666E-01
8.7700000E+00	2.0088E-02	6.1889E-01
8.7800000E+00	9.2544E-03	5.9267E-01
8.7900000E+00	-1.0708E-02	4.2384E-01
8.8000000E+00	-1.5970E-02	3.3758E-01
8.8100000E+00	3.0396E-03	4.4940E-01
8.8200000E+00	1.8830E-02	6.1191E-01
8.8300000E+00	1.2233E-02	6.1063E-01
8.8400000E+00	-8.4288E-03	4.4782E-01
8.8500000E+00	-1.6816E-02	3.4128E-01
8.8600000E+00	6.0060E-04	4.3276E-01
8.8700000E+00	1.7262E-02	6.0225E-01
8.8800000E+00	1.5260E-02	6.2593E-01
8.8900000E+00	-6.1598E-03	4.7315E-01
8.9000000E+00	-1.7239E-02	3.4792E-01
8.9100000E+00	-1.9542E-03	4.1742E-01
8.9200000E+00	1.5660E-02	5.9061E-01
8.9300000E+00	1.7936E-02	6.3823E-01
8.9400000E+00	-4.0037E-03	4.9846E-01
8.9500000E+00	-1.7283E-02	3.5758E-01
8.9600000E+00	-4.5236E-03	4.0378E-01
8.9700000E+00	1.3883E-02	5.7661E-01
8.9800000E+00	2.0083E-02	6.4790E-01
8.9900000E+00	-1.9524E-03	5.2373E-01
9.0000000E+00	-1.6837E-02	3.7023E-01
9.0100000E+00	-7.0231E-03	3.9217E-01
9.0200000E+00	1.2126E-02	5.6128E-01
9.0300000E+00	2.1391E-02	6.5455E-01
9.0400000E+00	1.8911E-04	5.4874E-01
9.0500000E+00	-1.5979E-02	3.8587E-01
9.0600000E+00	-9.4890E-03	3.8287E-01
9.0700000E+00	1.0310E-02	5.4463E-01
9.0800000E+00	2.2040E-02	6.5788E-01
9.0900000E+00	2.5536E-03	5.7302E-01
9.1000000E+00	-1.4643E-02	4.0386E-01
9.1100000E+00	-1.1786E-02	3.7586E-01
9.1200000E+00	8.4188E-03	5.2729E-01
9.1300000E+00	2.1964E-02	6.5820E-01
9.1400000E+00	5.0629E-03	5.9568E-01
9.1500000E+00	-1.2962E-02	4.2386E-01
9.1600000E+00	-1.3723E-02	3.7188E-01
9.1700000E+00	6.4973E-03	5.0966E-01
9.1800000E+00	2.1252E-02	6.5555E-01
9.1900000E+00	7.8927E-03	6.1664E-01
9.2000000E+00	-1.1015E-02	4.4585E-01
9.2100000E+00	-1.5140E-02	3.7089E-01
9.2200000E+00	4.3733E-03	4.9204E-01
9.2300000E+00	1.9996E-02	6.4988E-01
9.2400000E+00	1.0987E-02	6.3562E-01
9.2500000E+00	-8.9923E-03	4.6947E-01
9.2600000E+00	-1.6146E-02	3.7289E-01
9.2700000E+00	2.1242E-03	4.7504E-01
9.2800000E+00	1.8417E-02	6.4155E-01
9.2900000E+00	1.4304E-02	6.5227E-01
9.3000000E+00	-7.0395E-03	4.9413E-01
9.3100000E+00	-1.6723E-02	3.7824E-01
9.3200000E+00	-2.1907E-04	4.5908E-01
9.3300000E+00	1.6703E-02	6.3093E-01
9.3400000E+00	1.7540E-02	6.6625E-01
9.3500000E+00	-5.1388E-03	5.1942E-01
9.3600000E+00	-1.6820E-02	3.8622E-01
9.3700000E+00	-2.6307E-03	4.4446E-01
9.3800000E+00	1.4878E-02	6.1793E-01
9.3900000E+00	2.0358E-02	6.7726E-01
9.4000000E+00	-3.1432E-03	5.4509E-01
9.4100000E+00	-1.6515E-02	3.9756E-01
9.4200000E+00	-5.1896E-03	4.3178E-01
9.4300000E+00	1.2992E-02	6.0325E-01
9.4400000E+00	2.2393E-02	6.8559E-01
9.4500000E+00	-1.1281E-03	5.7039E-01
9.4600000E+00	-1.5862E-02	4.1158E-01
9.4700000E+00	-7.7595E-03	4.2113E-01
9.4800000E+00	1.1123E-02	5.8728E-01
9.4900000E+00	2.3659E-02	6.9060E-01
9.5000000E+00	1.1592E-03	5.9471E-01
9.5100000E+00	-1.4829E-02	4.2822E-01
9.5200000E+00	-1.0198E-02	4.1314E-01
9.5300000E+00	9.1886E-03	5.7031E-01
9.5400000E+00	2.4034E-02	6.9254E-01
9.5500000E+00	3.7049E-03	6.1837E-01
9.5600000E+00	-1.3397E-02	4.4753E-01
9.5700000E+00	-1.2476E-02	4.0752E-01
9.5800000E+00	7.2507E-03	5.5266E-01
9.5900000E+00	2.3518E-02	6.9124E-01
9.6000000E+00	6.6308E-03	6.4032E-01
9.6100000E+00	-1.1799E-02	4.6849E-01
9.6200000E+00	-1.4195E-02	4.0520E-01
9.6300000E+00	5.2098E-03	5.3502E-01
9.6400000E+00	2.2430E-02	6.8727E-01
9.6500000E+00	9.9823E-03	6.6033E-01
9.6600000E+00	-1.0036E-02	4.9149E-01
9.6700000E+00	-1.5443E-02	4.0554E-01
9.6800000E+00	3.1655E-03	5.1767E-01
9.6900000E+00	2.0706E-02	6.8020E-01
9.7000000E+00	1.3701E-02	6.7828E-01
9.7100000E+00	-8.3469E-03	5.1548E-01
9.7200000E+00	-1.6176E-02	4.0918E-01
9.7300000E+00	9.5390E-04	5.0104E-01
9.7400000E+00	1.8704E-02	6.7054E-01
9.7500000E+00	1.7610E-02	6.9359E-01
9.7600000E+00	-6.5502E-03	5.4044E-01
9.7700000E+00	-1.6495E-02	4.1589E-01
9.7800000E+00	-1.2936E-03	4.8573E-01
9.7900000E+00	1.6654E-02	6.5890E-01
9.8000000E+00	2.1406E-02	7.0625E-01
9.8100000E+00	-4.6836E-03	5.6611E-01
9.8200000E+00	-1.6494E-02	4.2556E-01
9.8300000E+00	-3.7245E-03	4.7211E-01
9.8400000E+00	1.4533E-02	6.4490E-01
9.8500000E+00	2.4429E-02	7.1590E-01
9.8600000E+00	-2.6597E-03	5.9141E-01
9.8700000E+00	-1.6111E-02	4.3822E-01
9.8800000E+00	-6.2579E-03	4.6046E-01
9.8900000E+00	1.2433E-02	6.2961E-01
9.9000000E+00	2.6429E-02	7.2222E-01
9.9100000E+00	-3.7969E-04	6.1637E-01
9.9200000E+00	-1.5408E-02	4.5353E-01
9.9300000E+00	-8.8576E-03	4.5077E-01
9.9400000E+00	1.0412E-02	6.1327E-01
9.9500000E+00	2.7559E-02	7.2589E-01
9.9600000E+00	2.2936E-03	6.4067E-01
9.9700000E+00	-1.4451E-02	4.7152E-01
9.9800000E+00	-1.1291E-02	4.4416E-01
9.9900000E+00	8.2745E-03	5.9562E-01
1.0000000E+01	2.7483E-02	7.2623E-01
1.0010000E+01	5.3944E-03	6.6335E-01
1.0020000E+01	-1.3208E-02	4.9150E-01
1.0030000E+01	-1.3370E-02	4.4017E-01
1.0040000E+01	6.1686E-03	5.7798E-01
1.0050000E+01	2.6435E-02	7.2355E-01
1.0060000E+01	9.0183E-03	6.8433E-01
1.0070000E+01	-1.1763E-02	5.1345E-01
1.0080000E+01	-1.5017E-02	4.3885E-01
1.0090000E+01	4.1033E-03	5.6067E-01
1.0100000E+01	2.4611E-02	7.1824E-01
1.0110000E+01	1.3272E-02	7.0333E-01
1.0120000E+01	-1.0143E-02	5.3715E-01
1.0130000E+01	-1.6064E-02	4.4082E-01
1.0140000E+01	1.8891E-03	5.4368E-01
1.0150000E+01	2.2310E-02	7.0988E-01
1.0160000E+01	1.7982E-02	7.1994E-01
1.0170000E+01	-8.3917E-03	5.6181E-01
1.0180000E+01	-1.6710E-02	4.4586E-01
1.0190000E+01	-3.2603E-04	5.2743E-01
1.0200000E+01	1.9727E-02	6.9919E-01
1.0210000E+01	2.3092E-02	7.3427E-01
1.0220000E+01	-6.5222E-03	5.8710E-01
1.0230000E+01	-1.6984E-02	4.5418E-01
1.0240000E+01	-2.6997E-03	5.1308E-01
1.0250000E+01	1.7023E-02	6.8559E-01
1.0260000E+01	2.6625E-02	7.4286E-01
1.0270000E+01	-4.7062E-03	6.0869E-01
1.0280000E+01	-1.7464E-02	4.5983E-01
1.0290000E+01	-5.6777E-03	4.9311E-01
1.0300000E+01	1.3832E-02	6.6325E-01
1.0310000E+01	2.7320E-02	7.4321E-01
1.0320000E+01	-2.4919E-03	6.2606E-01
1.0330000E+01	-1.7205E-02	4.6620E-01
1.0340000E+01	-8.5200E-03	4.7478E-01
1.0350000E+01	1.1125E-02	6.3925E-01
1.0360000E+01	2.7075E-02	7.4051E-01
1.0370000E+01	1.0522E-05	6.4269E-01
1.0380000E+01	-1.6366E-02	4.7485E-01
1.0390000E+01	-1.1267E-02	4.5848E-01
1.0400000E+01	8.7704E-03	6.1462E-01
1.0410000E+01	2.5842E-02	7.3453E-01
1.0420000E+01	2.7942E-03	6.5865E-01
1.0430000E+01	-1.5046E-02	4.8619E-01
1.0440000E+01	-1.3788E-02	4.4516E-01
1.0450000E+01	6.4662E-03	5.8930E-01
1.0460000E+01	2.4038E-02	7.2589E-01
1.0470000E+01	5.7008E-03	6.7266E-01
1.0480000E+01	-1.3421E-02	4.9953E-01
1.0490000E+01	-1.5776E-02	4.3484E-01
1.0500000E+01	4.2550E-03	5.6367E-01
1.0510000E+01	2.1816E-02	7.1386E-01
1.0520000E+01	8.8738E-03	6.8499E-01
1.0530000E+01	-1.1579E-02	5.1450E-01
1.0540000E+01	-1.7102E-02	4.2751E-01
1.0550000E+01	2.0919E-03	5.3835E-01
1.0560000E+01	1.9443E-02	6.9920E-01
1.0570000E+01	1.2071E-02	6.9531E-01
1.0580000E+01	-9.7172E-03	5.3082E-01
1.0590000E+01	-1.7874E-02	4.2320E-01
1.0600000E+01	-8.3562E-05	5.1405E-01
1.0610000E+01	1.7123E-02	6.8188E-01
1.0620000E+01	1.4949E-02	7.0263E-01
1.0630000E+01	-7.7261E-03	5.4777E-01
1.0640000E+01	-1.8262E-02	4.2188E-01
1.0650000E+01	-2.3885E-03	4.9108E-01
1.0660000E+01	1.4906E-02	6.6221E-01
1.0670000E+01	1.7493E-02	7.0757E-01
1.0680000E+01	-5.7064E-03	5.6542E-01
1.0690000E+01	-1.8124E-02	4.2387E-01
1.0700000E+01	-4.9292E-03	4.6942E-01
1.0710000E+01	1.2822E-02	6.4090E-01
1.0720000E+01	1.9097E-02	7.0961E-01
1.0730000E+01	-3.6179E-03	5.8310E-01
1.0740000E+01	-1.7588E-02	4.2857E-01
1.0750000E+01	-7.6328E-03	4.4980E-01
1.0760000E+01	1.0782E-02	6.1761E-01
1.0770000E+01	1.9820E-02	7.0823E-01
1.0780000E+01	-1.3968E-03	6.0039E-01
1.0790000E+01	-1.6624E-02	4.3621E-01
1.0800000E+01	-1.0365E-02	4.3247E-01
1.0810000E+01	8.8145E-03	5.9329E-01
1.0820000E+01	1.9870E-02	7.0388E-01
1.0830000E+01	9.1700E-04	6.1669E-01
1.0840000E+01	-1.5320E-02	4.4621E-01
1.0850000E+01	-1.2898E-02	4.1784E-01
1.0860000E+01	6.9205E-03	5.6798E-01
1.0870000E+01	1.9360E-02	6.9654E-01
1.0880000E+01	3.3735E-03	6.3168E-01
1.0890000E+01	-1.3741E-02	4.5852E-01
1.0900000E+01	-1.5053E-02	4.0590E-01
1.0910000E+01	4.9803E-03	5.4266E-01
1.0920000E+01	1.8391E-02	6.8622E-01
1.0930000E+01	5.9603E-03	6.4500E-01
1.0940000E+01	-1.1999E-02	4.7251E-01
1.0950000E+01	-1.6649E-02	3.9687E-01
1.0960000E+01	3.0010E-03	5.1738E-01
1.0970000E+01	1.7100E-02	6.7290E-01
1.0980000E+01	8.5795E-03	6.5630E-01
1.0990000E+01	-1.0155E-02	4.8813E-01
1.1000000E+01	-1.7678E-02	3.9088E-01
1.1010000E+01	8.8007E-04	4.9238E-01
1.1020000E+01	1.5709E-02	6.5690E-01
1.1030000E+01	1.1112E-02	6.6528E-01
1.1040000E+01	-8.2270E-03	5.0516E-01
1.1050000E+01	-1.8222E-02	3.8825E-01
1.1060000E+01	-1.4156E-03	4.6844E-01
1.1070000E+01	1.4174E-02	6.3857E-01
1.1080000E+01	1.3316E-02	6.7127E-01
1.1090000E+01	-6.2982E-03	5.2244E-01
1.1100000E+01	-1.8327E-02	3.8857E-01
1.1110000E+01	-3.9832E-03	4.4609E-01
1.1120000E+01	1.2571E-02	6.1794E-01
1.1130000E+01	1.5179E-02	6.7491E-01
1.1140000E+01	-4.3647E-03	5.4010E-01
1.1150000E+01	-1.8013E-02	3.9158E-01
1.1160000E+01	-6.6252E-03	4.2546E-01
1.1170000E+01	1.1004E-02	5.9561E-01
1.1180000E+01	1.6265E-02	6.7524E-01
1.1190000E+01	-2.3193E-03	5.5773E-01
1.1200000E+01	-1.7253E-02	3.9792E-01
1.1210000E+01	-9.3583E-03	4.0682E-01
1.1220000E+01	9.3582E-03	5.7195E-01
1.1230000E+01	1.6835E-02	6.7255E-01
1.1240000E+01	-2.3681E-04	5.7440E-01
1.1250000E+01	-1.6162E-02	4.0655E-01
1.1260000E+01	-1.1891E-02	3.9086E-01
1.1270000E+01	7.6765E-03	5.4698E-01
1.1280000E+01	1.6935E-02	6.6690E-01
1.1290000E+01	1.8879E-03	5.9002E-01
1.1300000E+01	-1.4705E-02	4.1788E-01
1.1310000E+01	-1.4134E-02	3.7753E-01
1.1320000E+01	5.8808E-03	5.2169E-01
1.1330000E+01	1.6629E-02	6.5792E-01
1.1340000E+01	4.1977E-03	6.0434E-01
1.1350000E+01	-1.2980E-02	4.3117E-01
1.1360000E+01	-1.6011E-02	3.6688E-01
1.1370000E+01	3.9653E-03	4.9606E-01
1.1380000E+01	1.5992E-02	6.4623E-01
1.1390000E+01	6.5085E-03	6.1664E-01
1.1400000E+01	-1.1100E-02	4.4618E-01
1.1410000E+01	-1.7281E-02	3.5956E-01
1.1420000E+01	1.7971E-03	4.7107E-01
1.1430000E+01	1.5072E-02	6.3157E-01
1.1440000E+01	8.8037E-03	6.2698E-01
1.1450000E+01	-9.1797E-03	4.6218E-01
1.1460000E+01	-1.8075E-02	3.5526E-01
1.1470000E+01	-5.4484E-04	4.4644E-01
1.1480000E+01	1.4024E-02	6.1426E-01
1.1490000E+01	1.0973E-02	6.3460E-01
1.1500000E+01	-7.2315E-03	4.7946E-01
1.1510000E+01	-1.8413E-02	3.5389E-01
1.1520000E+01	-3.1207E-03	4.2342E-01
1.1530000E+01	1.2770E-02	5.9459E-01
1.1540000E+01	1.2798E-02	6.3926E-01
1.1550000E+01	-5.2409E-03	4.9715E-01
1.1560000E+01	-1.8385E-02	3.5558E-01
1.1570000E+01	-5.7292E-03	4.0180E-01
1.1580000E+01	1.1478E-02	5.7323E-01
1.1590000E+01	1.4205E-02	6.4125E-01
1.1600000E+01	-3.2458E-03	5.1475E-01
1.1610000E+01	-1.7881E-02	3.6024E-01
1.1620000E+01	-8.3753E-03	3.8214E-01
1.1630000E+01	1.0022E-02	5.4996E-01
1.1640000E+01	1.5052E-02	6.4021E-01
1.1650000E+01	-1.2194E-03	5.3205E-01
1.1660000E+01	-1.7010E-02	3.6789E-01
1.1670000E+01	-1.0865E-02	3.6486E-01
1.1680000E+01	8.4625E-03	5.2564E-01
1.1690000E+01	1.5516E-02	6.3622E-01
1.1700000E+01	7.9475E-04	5.4838E-01
1.1710000E+01	-1.5828E-02	3.7791E-01
1.1720000E+01	-1.3198E-02	3.4988E-01
1.1730000E+01	6.7556E-03	5.0069E-01
1.1740000E+01	1.5629E-02	6.2891E-01
1.1750000E+01	2.9191E-03	5.6336E-01
1.1760000E+01	-1.4304E-02	3.9021E-01
1.1770000E+01	-1.5146E-02	3.3789E-01
1.1780000E+01	4.8170E-03	4.7501E-01
1.1790000E+01	1.5395E-02	6.1856E-01
1.1800000E+01	5.0867E-03	5.7667E-01
1.1810000E+01	-1.2573E-02	4.0422E-01
1.1820000E+01	-1.6668E-02	3.2892E-01
1.1830000E+01	2.6207E-03	4.4971E-01
1.1840000E+01	1.4880E-02	6.0524E-01
1.1850000E+01	7.2299E-03	5.8798E-01
1.1860000E+01	-1.0631E-02	4.1987E-01
1.1870000E+01	-1.7672E-02	3.2291E-01
1.1880000E+01	1.8372E-04	4.2475E-01
1.1890000E+01	1.4116E-02	5.8923E-01
1.1900000E+01	9.3726E-03	5.9697E-01
1.1910000E+01	-8.5922E-03	4.3654E-01
1.1920000E+01	-1.8290E-02	3.1993E-01
1.1930000E+01	-2.3005E-03	4.0110E-01
1.1940000E+01	1.3212E-02	5.7090E-01
1.1950000E+01	1.1293E-02	6.0328E-01
1.1960000E+01	-6.4985E-03	4.5417E-01
1.1970000E+01	-1.8478E-02	3.2027E-01
1.1980000E+01	-4.8937E-03	3.7847E-01
1.1990000E+01	1.2049E-02	5.5027E-01
1.2000000E+01	1.2866E-02	6.0659E-01
1.2010000E+01	-4.4206E-03	4.7179E-01
1.2020000E+01	-1.8227E-02	3.2362E-01
1.2030000E+01	-7.4088E-03	3.5782E-01
1.2040000E+01	1.0763E-02	5.2797E-01
1.2050000E+01	1.4032E-02	6.0726E-01
1.2060000E+01	-2.3740E-03	4.8910E-01
1.2070000E+01	-1.7648E-02	3.2961E-01
1.2080000E+01	-9.8632E-03	3.3919E-01
1.2090000E+01	9.2637E-03	5.0432E-01
1.2100000E+01	1.4711E-02	6.0459E-01
1.2110000E+01	-3.2245E-04	5.0606E-01
1.2120000E+01	-1.6657E-02	3.3827E-01
1.2130000E+01	-1.2168E-02	3.2321E-01
1.2140000E+01	7.5348E-03	4.7937E-01
1.2150000E+01	1.5123E-02	5.9890E-01
1.2160000E+01	1.7494E-03	5.2175E-01
1.2170000E+01	-1.5417E-02	3.4960E-01
1.2180000E+01	-1.4234E-02	3.0955E-01
1.2190000E+01	5.5416E-03	4.5405E-01
1.2200000E+01	1.5164E-02	5.8989E-01
1.2210000E+01	3.8705E-03	5.3603E-01
1.2220000E+01	-1.3905E-02	3.6257E-01
1.2230000E+01	-1.5858E-02	2.9924E-01
1.2240000E+01	3.3641E-03	4.2876E-01
1.2250000E+01	1.4915E-02	5.7823E-01
1.2260000E+01	6.0038E-03	5.4837E-01
1.2270000E+01	-1.2172E-02	3.7757E-01
1.2280000E+01	-1.7143E-02	2.9160E-01
1.2290000E+01	9.0698E-04	4.0344E-01
1.2300000E+01	1.4439E-02	5.6358E-01
1.2310000E+01	8.1165E-03	5.5865E-01
1.2320000E+01	-1.0222E-02	3.9385E-01
1.2330000E+01	-1.7934E-02	2.8726E-01
1.2340000E+01	-1.4811E-03	3.7911E-01
1.2350000E+01	1.3673E-02	5.4659E-01
1.2360000E+01	1.0108E-02	5.6627E-01
1.2370000E+01	-8.1533E-03	4.1116E-01
1.2380000E+01	-1.8305E-02	2.8592E-01
1.2390000E+01	-3.9540E-03	3.5582E-01
1.2400000E+01	1.2736E-02	5.2692E-01
1.2410000E+01	1.1882E-02	5.7128E-01
1.2420000E+01	-5.9969E-03	4.2880E-01
1.2430000E+01	-1.8292E-02	2.8760E-01
1.2440000E+01	-6.3180E-03	3.3418E-01
1.2450000E+01	1.1486E-02	5.0563E-01
1.2460000E+01	1.3322E-02	5.7325E-01
1.2470000E+01	-3.8084E-03	4.4647E-01
1.2480000E+01	-1.7960E-02	2.9228E-01
1.2490000E+01	-8.7287E-03	3.1454E-01
1.2500000E+01	9.9817E-03	4.8264E-01
1.2510000E+01	1.4225E-02	5.7223E-01
1.2520000E+01	-1.6502E-03	4.6346E-01
1.2530000E+01	-1.7189E-02	2.9961E-01
1.2540000E+01	-1.1076E-02	2.9688E-01
1.2550000E+01	8.1992E-03	4.5836E-01
1.2560000E+01	1.4886E-02	5.6823E-01
1.2570000E+01	4.4890E-04	4.7975E-01
1.2580000E+01	-1.6151E-02	3.0957E-01
1.2590000E+01	-1.3205E-02	2.8226E-01
1.2600000E+01	6.1297E-03	4.3304E-01
1.2610000E+01	1.5154E-02	5.6091E-01
1.2620000E+01	2.6470E-03	4.9504E-01
1.2630000E+01	-1.4867E-02	3.2158E-01
1.2640000E+01	-1.5054E-02	2.7024E-01
1.2650000E+01	3.9001E-03	4.0772E-01
1.2660000E+01	1.5153E-02	5.5059E-01
1.2670000E+01	4.8169E-03	5.0838E-01
1.2680000E+01	-1.3297E-02	3.3589E-01
1.2690000E+01	-1.6512E-02	2.6094E-01
1.2700000E+01	1.6266E-03	3.8210E-01
1.2710000E+01	1.4854E-02	5.3760E-01
1.2720000E+01	6.9883E-03	5.1968E-01
1.2730000E+01	-1.1558E-02	3.5158E-01
1.2740000E+01	-1.7466E-02	2.5493E-01
1.2750000E+01	-5.5895E-04	3.5745E-01
1.2760000E+01	1.4246E-02	5.2163E-01
1.2770000E+01	9.1329E-03	5.2865E-01
1.2780000E+01	-9.6770E-03	3.6820E-01
1.2790000E+01	-1.7998E-02	2.5195E-01
1.2800000E+01	-2.8199E-03	3.3347E-01
1.2810000E+01	1.3318E-02	5.0328E-01
1.2820000E+01	1.1050E-02	5.3497E-01
1.2830000E+01	-7.6619E-03	3.8551E-01
1.2840000E+01	-1.8217E-02	2.5229E-01
1.2850000E+01	-5.1395E-03	3.1084E-01
1.2860000E+01	1.2079E-02	4.8264E-01
1.2870000E+01	1.2776E-02	5.3862E-01
1.2880000E+01	-5.5076E-03	4.0318E-01
1.2890000E+01	-1.7985E-02	2.5527E-01
1.2900000E+01	-7.4892E-03	2.9020E-01
1.2910000E+01	1.0555E-02	4.6033E-01
1.2920000E+01	1.4036E-02	5.3928E-01
1.2930000E+01	-3.2844E-03	4.2081E-01
1.2940000E+01	-1.7459E-02	2.6127E-01
1.2950000E+01	-9.7976E-03	2.7155E-01
1.2960000E+01	8.7429E-03	4.3668E-01
1.2970000E+01	1.4756E-02	5.3658E-01
1.2980000E+01	-1.0477E-03	4.3780E-01
1.2990000E+01	-1.6550E-02	2.7028E-01
1.3000000E+01	-1.2067E-02	2.5524E-01
1.3010000E+01	6.6831E-03	4.1207E-01
1.3020000E+01	1.5225E-02	5.3097E-01
1.3030000E+01	1.2285E-03	4.5341E-01
1.3040000E+01	-1.5385E-02	2.8124E-01
1.3050000E+01	-1.4025E-02	2.4193E-01
1.3060000E+01	4.6114E-03	3.8672E-01
1.3070000E+01	1.5396E-02	5.2224E-01
1.3080000E+01	3.4929E-03	4.6772E-01
1.3090000E+01	-1.4019E-02	2.9425E-01
1.3100000E+01	-1.5693E-02	2.3127E-01
1.3110000E+01	2.5083E-03	3.6108E-01
1.3120000E+01	1.5185E-02	5.1062E-01
1.3130000E+01	5.7265E-03	4.8003E-01
1.3140000E+01	-1.2440E-02	3.0925E-01
1.3150000E+01	-1.6827E-02	2.2364E-01
1.3160000E+01	3.7003E-04	3.3579E-01
1.3170000E+01	1.4603E-02	4.9596E-01
1.3180000E+01	7.9748E-03	4.9038E-01
1.3190000E+01	-1.0682E-02	3.2555E-01
1.3200000E+01	-1.7531E-02	2.1928E-01
1.3210000E+01	-1.7403E-03	3.1150E-01
1.3220000E+01	1.3688E-02	4.7898E-01
1.3230000E+01	1.0161E-02	4.9801E-01
1.3240000E+01	-8.8160E-03	3.4255E-01
1.3250000E+01	-1.7889E-02	2.1764E-01
1.3260000E+01	-3.9254E-03	2.8815E-01
1.3270000E+01	1.2439E-02	4.5929E-01
1.3280000E+01	1.2095E-02	5.0298E-01
1.3290000E+01	-6.8274E-03	3.6017E-01
1.3300000E+01	-1.7801E-02	2.1930E-01
1.3310000E+01	-6.1682E-03	2.6651E-01
1.3320000E+01	1.0984E-02	4.3800E-01
1.3330000E+01	1.3669E-02	5.0530E-01
1.3340000E+01	-4.7812E-03	3.7786E-01
1.3350000E+01	-1.7408E-02	2.2397E-01
1.3360000E+01	-8.4897E-03	2.4689E-01
1.3370000E+01	9.2063E-03	4.1500E-01
1.3380000E+01	1.4597E-02	5.0425E-01
1.3390000E+01	-2.5943E-03	3.9515E-01
1.3400000E+01	-1.6699E-02	2.3129E-01
1.3410000E+01	-1.0768E-02	2.2921E-01
1.3420000E+01	7.3051E-03	3.9071E-01
1.3430000E+01	1.5196E-02	5.0025E-01
1.3440000E+01	-3.8178E-04	4.1144E-01
1.3450000E+01	-1.5669E-02	2.4129E-01
1.3460000E+01	-1.2878E-02	2.1425E-01
1.3470000E+01	5.3973E-03	3.6577E-01
1.3480000E+01	1.5449E-02	4.9293E-01
1.3490000E+01	1.9583E-03	4.2674E-01
1.3500000E+01	-1.4437E-02	2.5325E-01
1.3510000E+01	-1.4672E-02	2.0226E-01
1.3520000E+01	3.4400E-03	3.4009E-01
1.3530000E+01	1.5319E-02	4.8294E-01
1.3540000E+01	4.3028E-03	4.4007E-01
1.3550000E+01	-1.2910E-02	2.6757E-01
1.3560000E+01	-1.6067E-02	1.9294E-01
1.3570000E+01	1.4686E-03	3.1478E-01
1.3580000E+01	1.4761E-02	4.6964E-01
1.3590000E+01	6.6449E-03	4.5137E-01
1.3600000E+01	-1.1288E-02	2.8289E-01
1.3610000E+01	-1.6905E-02	1.8699E-01
1.3620000E+01	-5.9142E-04	2.8981E-01
1.3630000E+01	1.3938E-02	4.5396E-01
1.3640000E+01	8.9456E-03	4.6034E-01
1.3650000E+01	-9.4966E-03	2.9987E-01
1.3660000E+01	-1.7401E-02	1.8398E-01
1.3670000E+01	-2.6581E-03	2.6587E-01
1.3680000E+01	1.2652E-02	4.3562E-01
1.3690000E+01	1.1114E-02	4.6700E-01
1.3700000E+01	-7.6686E-03	3.1721E-01
1.3710000E+01	-1.7524E-02	1.8398E-01
1.3720000E+01	-4.8933E-03	2.4320E-01
1.3730000E+01	1.1249E-02	4.1535E-01
1.3740000E+01	1.2858E-02	4.7068E-01
1.3750000E+01	-5.7290E-03	3.3485E-01
1.3760000E+01	-1.7264E-02	1.8729E-01
1.3770000E+01	-7.1611E-03	2.2256E-01
1.3780000E+01	9.6581E-03	3.9302E-01
1.3790000E+01	1.4109E-02	4.7098E-01
1.3800000E+01	-3.7197E-03	3.5249E-01
1.3810000E+01	-1.6613E-02	1.9330E-01
1.3820000E+01	-9.4083E-03	2.0392E-01
1.3830000E+01	7.9900E-03	3.6904E-01
1.3840000E+01	1.4788E-02	4.6864E-01
1.3850000E+01	-1.6230E-03	3.6912E-01
1.3860000E+01	-1.5729E-02	2.0195E-01
1.3870000E+01	-1.1565E-02	1.8755E-01
1.3880000E+01	6.2543E-03	3.4440E-01
1.3890000E+01	1.5111E-02	4.6296E-01
1.3900000E+01	5.8158E-04	3.8511E-01
1.3910000E+01	-1.4576E-02	2.1294E-01
1.3920000E+01	-1.3530E-02	1.7391E-01
1.3930000E+01	4.4267E-03	3.1914E-01
1.3940000E+01	1.5058E-02	4.5432E-01
1.3950000E+01	2.8518E-03	3.9941E-01
1.3960000E+01	-1.3230E-02	2.2595E-01
1.3970000E+01	-1.5075E-02	1.6329E-01
1.3980000E+01	2.5231E-03	2.9344E-01
1.3990000E+01	1.4623E-02	4.4263E-01
1.4000000E+01	5.1085E-03	4.1173E-01
1.4010000E+01	-1.1659E-02	2.4090E-01
1.4020000E+01	-1.6157E-02	1.5562E-01
1.4030000E+01	5.8898E-04	2.6848E-01
1.4040000E+01	1.3840E-02	4.2832E-01
1.4050000E+01	7.4909E-03	4.2205E-01
1.4060000E+01	-9.9861E-03	2.5691E-01
1.4070000E+01	-1.6840E-02	1.5096E-01
1.4080000E+01	-1.4896E-03	2.4383E-01
1.4090000E+01	1.2842E-02	4.1136E-01
1.4100000E+01	9.6886E-03	4.3000E-01
1.4110000E+01	-8.1329E-03	2.7422E-01
1.4120000E+01	-1.7070E-02	1.4964E-01
1.4130000E+01	-3.5983E-03	2.2051E-01
1.4140000E+01	1.1572E-02	3.9206E-01
1.4150000E+01	1.1584E-02	4.3501E-01
1.4160000E+01	-6.3322E-03	2.9184E-01
1.4170000E+01	-1.6981E-02	1.5130E-01
1.4180000E+01	-5.8323E-03	1.9889E-01
1.4190000E+01	1.0176E-02	3.7037E-01
1.4200000E+01	1.3000E-02	4.3701E-01
1.4210000E+01	-4.3780E-03	3.0950E-01
1.4220000E+01	-1.6553E-02	1.5563E-01
1.4230000E+01	-8.0055E-03	1.7923E-01
1.4240000E+01	8.6941E-03	3.4739E-01
1.4250000E+01	1.3892E-02	4.3632E-01
1.4260000E+01	-2.4135E-03	3.2685E-01
1.4270000E+01	-1.5786E-02	1.6295E-01
1.4280000E+01	-1.0247E-02	1.6160E-01
1.4290000E+01	7.1212E-03	3.2309E-01
1.4300000E+01	1.4376E-02	4.3232E-01
1.4310000E+01	-4.0733E-04	3.4317E-01
1.4320000E+01	-1.4780E-02	1.7296E-01
1.4330000E+01	-1.2274E-02	1.4659E-01
1.4340000E+01	5.4117E-03	2.9810E-01
1.4350000E+01	1.4488E-02	4.2533E-01
1.4360000E+01	1.7010E-03	3.5813E-01
1.4370000E+01	-1.3485E-02	1.8495E-01
1.4380000E+01	-1.4013E-02	1.3430E-01
1.4390000E+01	3.5861E-03	2.7245E-01
1.4400000E+01	1.4236E-02	4.1499E-01
1.4410000E+01	3.9144E-03	3.7178E-01
1.4420000E+01	-1.2016E-02	1.9893E-01
1.4430000E+01	-1.5287E-02	1.2529E-01
1.4440000E+01	1.6698E-03	2.4713E-01
1.4450000E+01	1.3704E-02	4.0197E-01
1.4460000E+01	6.0594E-03	3.8311E-01
1.4470000E+01	-1.0386E-02	2.1458E-01
1.4480000E+01	-1.6160E-02	1.1897E-01
1.4490000E+01	-3.4672E-04	2.2216E-01
1.4500000E+01	1.2896E-02	3.8635E-01
1.4510000E+01	8.2272E-03	3.9239E-01
1.4520000E+01	-8.6930E-03	2.3125E-01
1.4530000E+01	-1.6620E-02	1.1597E-01
1.4540000E+01	-2.4323E-03	1.9821E-01
1.4550000E+01	1.1901E-02	3.6807E-01
1.4560000E+01	1.0082E-02	3.9874E-01
1.4570000E+01	-6.8669E-03	2.4889E-01
1.4580000E+01	-1.6741E-02	1.1596E-01
1.4590000E+01	-4.5656E-03	1.7587E-01
1.4600000E+01	1.0745E-02	3.4775E-01
1.4610000E+01	1.1658E-02	4.0236E-01
1.4620000E+01	-5.0646E-03	2.6654E-01
1.4630000E+01	-1.6481E-02	1.1899E-01
1.4640000E+01	-6.8045E-03	1.5491E-01
1.4650000E+01	9.4183E-03	3.2539E-01
1.4660000E+01	1.2773E-02	4.0300E-01
1.4670000E+01	-3.1405E-03	2.8384E-01
1.4680000E+01	-1.5880E-02	1.2498E-01
1.4690000E+01	-8.9807E-03	1.3628E-01
1.4700000E+01	7.9604E-03	3.0176E-01
1.4710000E+01	1.3450E-02	4.0069E-01
1.4720000E+01	-1.1840E-03	3.0083E-01
1.4730000E+01	-1.4971E-02	1.3364E-01
1.4740000E+01	-1.1101E-02	1.1994E-01
1.4750000E+01	6.3289E-03	2.7678E-01
1.4760000E+01	1.3789E-02	3.9503E-01
1.4770000E+01	8.5605E-04	3.1684E-01
1.4780000E+01	-1.3835E-02	1.4460E-01
1.4790000E+01	-1.2968E-02	1.0628E-01
1.4800000E+01	4.5290E-03	2.5149E-01
1.4810000E+01	1.3870E-02	3.8669E-01
1.4820000E+01	2.8908E-03	3.3114E-01
1.4830000E+01	-1.2493E-02	1.5762E-01
1.4840000E+01	-1.4482E-02	9.5642E-02
1.4850000E+01	2.7213E-03	2.2617E-01
1.4860000E+01	1.3540E-02	3.7508E-01
1.4870000E+01	4.9511E-03	3.4347E-01
1.4880000E+01	-1.0962E-02	1.7261E-01
1.4890000E+01	-1.5575E-02	8.7633E-02
1.4900000E+01	7.1823E-04	2.0086E-01
1.4910000E+01	1.3037E-02	3.6073E-01
1.4920000E+01	6.9511E-03	3.5374E-01
1.4930000E+01	-9.3665E-03	1.8860E-01
1.4940000E+01	-1.6237E-02	8.2981E-02
1.4950000E+01	-1.3042E-03	1.7653E-01
1.4960000E+01	1.2252E-02	3.4372E-01
1.4970000E+01	8.8508E-03	3.6170E-01
1.4980000E+01	-7.6458E-03	2.0555E-01
1.4990000E+01	-1.6518E-02	8.1637E-02
1.5000000E+01	-3.4611E-03	1.5320E-01
1.5010000E+01	1.1261E-02	3.2443E-01
1.5020000E+01	1.0442E-02	3.6675E-01
1.5030000E+01	-5.8419E-03	2.2323E-01
1.5040000E+01	-1.6456E-02	8.2980E-02
1.5050000E+01	-5.6717E-03	1.3123E-01
1.5060000E+01	1.0050E-02	3.0273E-01
1.5070000E+01	1.1813E-02	3.6907E-01
1.5080000E+01	-3.9627E-03	2.4088E-01
1.5090000E+01	-1.6007E-02	8.7660E-02
1.5100000E+01	-7.8178E-03	1.1160E-01
1.5110000E+01	8.6764E-03	2.7979E-01
1.5120000E+01	1.2708E-02	3.6839E-01
1.5130000E+01	-2.0561E-03	2.5819E-01
1.5140000E+01	-1.5270E-02	9.4995E-02
1.5150000E+01	-1.0005E-02	9.3938E-02
1.5160000E+01	7.1296E-03	2.5581E-01
1.5170000E+01	1.3248E-02	3.6441E-01
1.5180000E+01	-8.3151E-05	2.7486E-01
1.5190000E+01	-1.4305E-02	1.0462E-01
1.5200000E+01	-1.1956E-02	7.8966E-02
1.5210000E+01	5.4316E-03	2.3048E-01
1.5220000E+01	1.3538E-02	3.5740E-01
1.5230000E+01	1.9150E-03	2.8979E-01
1.5240000E+01	-1.3063E-02	1.1661E-01
1.5250000E+01	-1.3631E-02	6.6641E-02
1.5260000E+01	3.6077E-03	2.0519E-01
1.5270000E+01	1.3531E-02	3.4738E-01
1.5280000E+01	3.9287E-03	3.0346E-01
1.5290000E+01	-1.1671E-02	1.3061E-01
1.5300000E+01	-1.4981E-02	5.7293E-02
1.5310000E+01	1.6734E-03	1.7951E-01
1.5320000E+01	1.3159E-02	3.3441E-01
1.5330000E+01	5.9155E-03	3.1478E-01
1.5340000E+01	-1.0095E-02	1.4626E-01
1.5350000E+01	-1.5818E-02	5.0971E-02
1.5360000E+01	-3.5339E-04	1.5488E-01
1.5370000E+01	1.2540E-02	3.1839E-01
1.5380000E+01	7.8001E-03	3.2408E-01
1.5390000E+01	-8.4472E-03	1.6293E-01
1.5400000E+01	-1.6288E-02	4.8009E-02
1.5410000E+01	-2.4541E-03	1.3091E-01
1.5420000E+01	1.1762E-02	3.0044E-01
1.5430000E+01	9.5476E-03	3.3075E-01
1.5440000E+01	-6.6887E-03	1.8023E-01
1.5450000E+01	-1.6405E-02	4.8009E-02
1.5460000E+01	-4.6279E-03	1.0824E-01
1.5470000E+01	1.0680E-02	2.8008E-01
1.5480000E+01	1.0984E-02	3.3445E-01
1.5490000E+01	-4.8899E-03	1.9789E-01
1.5500000E+01	-1.6127E-02	5.1018E-02
1.5510000E+01	-6.7970E-03	8.7227E-02
1.5520000E+01	9.3508E-03	2.5776E-01
1.5530000E+01	1.2069E-02	3.3508E-01
1.5540000E+01	-2.9775E-03	2.1556E-01
1.5550000E+01	-1.5609E-02	5.6654E-02
1.5560000E+01	-8.9210E-03	6.8616E-02
1.5570000E+01	7.8876E-03	2.3414E-01
1.5580000E+01	1.2823E-02	3.3273E-01
1.5590000E+01	-1.0395E-03	2.3257E-01
1.5600000E+01	-1.4736E-02	6.5347E-02
1.5610000E+01	-1.0960E-02	5.2320E-02
1.5620000E+01	6.2084E-03	2.0949E-01
1.5630000E+01	1.3259E-02	3.2739E-01
1.5640000E+01	8.8776E-04	2.4819E-01
1.5650000E+01	-1.3622E-02	7.6338E-02
1.5660000E+01	-1.2829E-02	3.8336E-02
1.5670000E+01	4.4765E-03	1.8422E-01
1.5680000E+01	1.3430E-02	3.1873E-01
1.5690000E+01	2.9487E-03	2.6286E-01
1.5700000E+01	-1.2336E-02	8.9334E-02
1.5710000E+01	-1.4265E-02	2.7661E-02
1.5720000E+01	2.5108E-03	1.5851E-01
1.5730000E+01	1.3260E-02	3.0709E-01
1.5740000E+01	4.8853E-03	2.7515E-01
1.5750000E+01	-1.0894E-02	1.0397E-01
1.5760000E+01	-1.5323E-02	1.9663E-02
1.5770000E+01	5.4164E-04	1.3323E-01
1.5780000E+01	1.2830E-02	2.9273E-01
1.5790000E+01	6.8420E-03	2.8575E-01
1.5800000E+01	-9.2676E-03	1.2029E-01
1.5810000E+01	-1.6003E-02	1.5035E-02
1.5820000E+01	-1.4824E-03	1.0889E-01
1.5830000E+01	1.2139E-02	2.7607E-01
1.5840000E+01	8.5744E-03	2.9342E-01
1.5850000E+01	-7.5844E-03	1.3728E-01
1.5860000E+01	-1.6298E-02	1.3674E-02
1.5870000E+01	-3.5849E-03	8.5581E-02
1.5880000E+01	1.1127E-02	2.5677E-01
1.5890000E+01	1.0141E-02	2.9879E-01
1.5900000E+01	-5.7972E-03	1.5494E-01
1.5910000E+01	-1.6263E-02	1.5009E-02
1.5920000E+01	-5.7927E-03	6.3566E-02
1.5930000E+01	9.9875E-03	2.3548E-01
1.5940000E+01	1.1495E-02	3.0109E-01
1.5950000E+01	-3.9640E-03	1.7255E-01
1.5960000E+01	-1.5848E-02	1.9348E-02
1.5970000E+01	-7.8791E-03	4.3978E-02
1.5980000E+01	8.5701E-03	2.1245E-01
1.5990000E+01	1.2373E-02	3.0041E-01
1.6000000E+01	-2.0270E-03	1.8987E-01
1.6010000E+01	-1.5137E-02	2.6655E-02
1.6020000E+01	-9.9832E-03	2.6307E-02
1.6030000E+01	6.9669E-03	1.8814E-01
1.6040000E+01	1.2965E-02	2.9641E-01
1.6050000E+01	-9.4317E-05	2.0621E-01
1.6060000E+01	-1.4170E-02	3.6334E-02
1.6070000E+01	-1.1851E-02	1.1010E-02
1.6080000E+01	5.2835E-03	1.6318E-01
1.6090000E+01	1.3284E-02	2.8942E-01
1.6100000E+01	1.8749E-03	2.2151E-01
1.6110000E+01	-1.2996E-02	4.8335E-02
1.6120000E+01	-1.3547E-02	-1.3044E-03
1.6130000E+01	3.4071E-03	1.3749E-01
1.6140000E+01	1.3287E-02	2.7942E-01
1.6150000E+01	3.8580E-03	2.3516E-01
1.6160000E+01	-1.1624E-02	6.2314E-02
1.6170000E+01	-1.4821E-02	-1.0654E-02
1.6180000E+01	1.4795E-03	1.1219E-01
1.6190000E+01	1.3000E-02	2.6641E-01
1.6200000E+01	5.7861E-03	2.4647E-01
1.6210000E+01	-1.0099E-02	7.7642E-02
1.6220000E+01	-1.5639E-02	-1.6994E-02
1.6230000E+01	-5.9201E-04	8.7229E-02
1.6240000E+01	1.2429E-02	2.5076E-01
1.6250000E+01	7.6298E-03	2.5581E-01
1.6260000E+01	-8.4644E-03	9.4625E-02
1.6270000E+01	-1.6138E-02	-1.9967E-02
1.6280000E+01	-2.6466E-03	6.3262E-02
1.6290000E+01	1.1625E-02	2.3281E-01
1.6300000E+01	9.3505E-03	2.6243E-01
1.6310000E+01	-6.7433E-03	1.1190E-01
1.6320000E+01	-1.6290E-02	-2.0309E-02
1.6330000E+01	-4.7863E-03	4.0599E-02
1.6340000E+01	1.0567E-02	2.1246E-01
1.6350000E+01	1.0718E-02	2.6609E-01
1.6360000E+01	-4.9286E-03	1.2960E-01
1.6370000E+01	-1.6057E-02	-1.7299E-02
1.6380000E+01	-6.8928E-03	1.9619E-02
1.6390000E+01	9.1874E-03	1.9013E-01
1.6400000E+01	1.1863E-02	2.6711E-01
1.6410000E+01	-3.0294E-03	1.4726E-01
1.6420000E+01	-1.5495E-02	-1.1316E-02
1.6430000E+01	-8.9843E-03	9.8821E-04
1.6440000E+01	7.6845E-03	1.6648E-01
1.6450000E+01	1.2581E-02	2.6477E-01
1.6460000E+01	-1.1246E-03	1.6390E-01
1.6470000E+01	-1.4703E-02	-2.9777E-03
1.6480000E+01	-1.0957E-02	-1.5682E-02
1.6490000E+01	6.0321E-03	1.4185E-01
1.6500000E+01	1.3103E-02	2.5946E-01
1.6510000E+01	8.1300E-04	1.7989E-01
1.6520000E+01	-1.3604E-02	8.0262E-03
1.6530000E+01	-1.2702E-02	-2.9316E-02
1.6540000E+01	4.2224E-03	1.1654E-01
1.6550000E+01	1.3261E-02	2.5074E-01
1.6560000E+01	2.8153E-03	1.9420E-01
1.6570000E+01	-1.2307E-02	2.1004E-02
1.6580000E+01	-1.4177E-02	-4.0290E-02
1.6590000E+01	2.3335E-03	9.1206E-02
1.6600000E+01	1.3071E-02	2.3943E-01
1.6610000E+01	4.7559E-03	2.0687E-01
1.6620000E+01	-1.0920E-02	3.5636E-02
1.6630000E+01	-1.5208E-02	-4.7961E-02
1.6640000E+01	3.3159E-04	6.5909E-02
1.6650000E+01	1.2664E-02	2.2509E-01
1.6660000E+01	6.6523E-03	2.1750E-01
1.6670000E+01	-9.3485E-03	5.1682E-02
1.6680000E+01	-1.5902E-02	-5.2978E-02
1.6690000E+01	-1.6776E-03	4.1283E-02
1.6700000E+01	1.1932E-02	2.0813E-01
1.6710000E+01	8.4468E-03	2.2551E-01
1.6720000E+01	-7.6271E-03	6.8960E-02
1.6730000E+01	-1.6219E-02	-5.4622E-02
1.6740000E+01	-3.8012E-03	1.7933E-02
1.6750000E+01	1.0958E-02	1.8912E-01
1.6760000E+01	9.9667E-03	2.3047E-01
1.6770000E+01	-5.8008E-03	8.6626E-02
1.6780000E+01	-1.6169E-02	-5.3272E-02
1.6790000E+01	-5.9284E-03	-4.0632E-03
1.6800000E+01	9.7390E-03	1.6781E-01
1.6810000E+01	1.1270E-02	2.3314E-01
1.6820000E+01	-3.9903E-03	1.0427E-01
1.6830000E+01	-1.5783E-02	-4.8603E-02
1.6840000E+01	-8.0493E-03	-2.3997E-02
1.6850000E+01	8.3735E-03	1.4484E-01
1.6860000E+01	1.2161E-02	2.3245E-01
1.6870000E+01	-2.1097E-03	1.2157E-01
1.6880000E+01	-1.5112E-02	-4.1617E-02
1.6890000E+01	-1.0048E-02	-4.1640E-02
1.6900000E+01	6.7610E-03	1.2053E-01
1.6910000E+01	1.2728E-02	2.2841E-01
1.6920000E+01	-1.6864E-04	1.3790E-01
1.6930000E+01	-1.4194E-02	-3.1970E-02
1.6940000E+01	-1.1850E-02	-5.6679E-02
1.6950000E+01	5.0353E-03	9.5549E-02
1.6960000E+01	1.3045E-02	2.2144E-01
1.6970000E+01	1.7878E-03	1.5320E-01
1.6980000E+01	-1.3022E-02	-1.9971E-02
1.6990000E+01	-1.3439E-02	-6.8960E-02
1.7000000E+01	3.1378E-03	6.9906E-02
1.7010000E+01	1.3094E-02	2.1178E-01
1.7020000E+01	3.7459E-03	1.6692E-01
1.7030000E+01	-1.1701E-02	-6.0124E-03
1.7040000E+01	-1.4716E-02	-7.8646E-02
1.7050000E+01	1.2468E-03	4.4562E-02
1.7060000E+01	1.2792E-02	1.9879E-01
1.7070000E+01	5.5790E-03	1.7819E-01
1.7080000E+01	-1.0210E-02	9.3394E-03
1.7090000E+01	-1.5519E-02	-8.4942E-02
1.7100000E+01	-7.8608E-04	1.9604E-02
1.7110000E+01	1.2194E-02	1.8314E-01
1.7120000E+01	7.5110E-03	1.8751E-01
1.7130000E+01	-8.5105E-03	2.5994E-02
1.7140000E+01	-1.6021E-02	-8.7939E-02
1.7150000E+01	-2.8498E-03	-4.3857E-03
1.7160000E+01	1.1361E-02	1.6515E-01
1.7170000E+01	9.0728E-03	1.9418E-01
1.7180000E+01	-6.7989E-03	4.3326E-02
1.7190000E+01	-1.6170E-02	-8.8262E-02
1.7200000E+01	-4.9676E-03	-2.7021E-02
1.7210000E+01	1.0298E-02	1.4484E-01
1.7220000E+01	1.0468E-02	1.9814E-01
1.7230000E+01	-5.0127E-03	6.0978E-02
1.7240000E+01	-1.5984E-02	-8.5290E-02
1.7250000E+01	-7.0269E-03	-4.8009E-02
1.7260000E+01	8.9419E-03	1.2252E-01
1.7270000E+01	1.1601E-02	1.9914E-01
1.7280000E+01	-3.1148E-03	7.8598E-02
1.7290000E+01	-1.5483E-02	-7.9606E-02
1.7300000E+01	-9.0775E-03	-6.7024E-02
1.7310000E+01	7.4675E-03	9.9200E-02
1.7320000E+01	1.2311E-02	1.9679E-01
1.7330000E+01	-1.1681E-03	9.5584E-02
1.7340000E+01	-1.4731E-02	-7.1270E-02
1.7350000E+01	-1.0932E-02	-8.3338E-02
1.7360000E+01	5.8081E-03	7.4520E-02
1.7370000E+01	1.2811E-02	1.9147E-01
1.7380000E+01	7.4579E-04	1.1157E-01
1.7390000E+01	-1.3671E-02	-6.0282E-02
1.7400000E+01	-1.2630E-02	-9.6961E-02
1.7410000E+01	3.9906E-03	4.8911E-02
1.7420000E+01	1.2979E-02	1.8313E-01
1.7430000E+01	2.6901E-03	1.2588E-01
1.7440000E+01	-1.2421E-02	-4.7288E-02
1.7450000E+01	-1.4033E-02	-1.0794E-01
1.7460000E+01	2.1056E-03	2.3579E-02
1.7470000E+01	1.2836E-02	1.7183E-01
1.7480000E+01	4.6081E-03	1.3853E-01
1.7490000E+01	-1.1003E-02	-3.2611E-02
1.7500000E+01	-1.5075E-02	-1.1593E-01
1.7510000E+01	1.2662E-04	-1.7627E-03
1.7520000E+01	1.2376E-02	1.5749E-01
1.7530000E+01	6.4637E-03	1.4918E-01
1.7540000E+01	-9.4540E-03	-1.6667E-02
1.7550000E+01	-1.5742E-02	-1.2096E-01
1.7560000E+01	-1.9376E-03	-2.6359E-02
1.7570000E+01	1.1668E-02	1.4047E-01
1.7580000E+01	8.1883E-03	1.5717E-01
1.7590000E+01	-7.7506E-03	3.0349E-04
1.7600000E+01	-1.6086E-02	-1.2262E-01
1.7610000E+01	-3.9773E-03	-4.9710E-02
1.7620000E+01	1.0755E-02	1.2152E-01
1.7630000E+01	9.7004E-03	1.6251E-01
1.7640000E+01	-5.9624E-03	1.7985E-02
1.7650000E+01	-1.6055E-02	-1.2129E-01
1.7660000E+01	-6.0596E-03	-7.1668E-02
1.7670000E+01	9.5239E-03	1.0019E-01
1.7680000E+01	1.0950E-02	1.6479E-01
1.7690000E+01	-4.0897E-03	3.5616E-02
1.7700000E+01	-1.5740E-02	-1.1693E-01
1.7710000E+01	-8.0841E-03	-9.1684E-02
1.7720000E+01	8.1148E-03	7.7208E-02
1.7730000E+01	1.1850E-02	1.6412E-01
1.7740000E+01	-2.1827E-03	5.2949E-02
1.7750000E+01	-1.5119E-02	-1.0995E-01
1.7760000E+01	-1.0006E-02	-1.0934E-01
1.7770000E+01	6.5640E-03	5.3195E-02
1.7780000E+01	1.2428E-02	1.6046E-01
1.7790000E+01	-2.5043E-04	6.9582E-02
1.7800000E+01	-1.4247E-02	-1.0027E-01
1.7810000E+01	-1.1762E-02	-1.2430E-01
1.7820000E+01	4.7935E-03	2.7907E-02
1.7830000E+01	1.2781E-02	1.5382E-01
1.7840000E+01	1.6721E-03	8.4900E-02
1.7850000E+01	-1.3114E-02	-8.8273E-02
1.7860000E+01	-1.3300E-02	-1.3696E-01
1.7870000E+01	2.9680E-03	2.5924E-03
1.7880000E+01	1.2779E-02	1.4381E-01
1.7890000E+01	3.6199E-03	9.8551E-02
1.7900000E+01	-1.1777E-02	-7.4294E-02
1.7910000E+01	-1.4475E-02	-1.4627E-01
1.7920000E+01	1.0268E-03	-2.2725E-02
1.7930000E+01	1.2518E-02	1.3116E-01
1.7940000E+01	5.4872E-03	1.1018E-01
1.7950000E+01	-1.0312E-02	-5.8945E-02
1.7960000E+01	-1.5323E-02	-1.5291E-01
1.7970000E+01	-9.3374E-04	-4.7679E-02
1.7980000E+01	1.1944E-02	1.1551E-01
1.7990000E+01	7.2798E-03	1.1954E-01
1.8000000E+01	-8.6673E-03	-4.2306E-02
1.8010000E+01	-1.5830E-02	-1.5625E-01
1.8020000E+01	-3.0074E-03	-7.2002E-02
1.8030000E+01	1.1154E-02	9.7517E-02
1.8040000E+01	8.8361E-03	1.2620E-01
1.8050000E+01	-6.9535E-03	-2.4993E-02
1.8060000E+01	-1.5988E-02	-1.5625E-01
1.8070000E+01	-5.0601E-03	-9.4680E-02
1.8080000E+01	1.0038E-02	7.7205E-02
1.8090000E+01	1.0205E-02	1.3018E-01
1.8100000E+01	-5.0996E-03	-7.3295E-03
1.8110000E+01	-1.5842E-02	-1.5355E-01
1.8120000E+01	-7.0581E-03	-1.1569E-01
1.8130000E+01	8.7745E-03	5.5208E-02
1.8140000E+01	1.1268E-02	1.3080E-01
1.8150000E+01	-3.2164E-03	1.0302E-02
1.8160000E+01	-1.5386E-02	-1.4791E-01
1.8170000E+01	-9.0104E-03	-1.3465E-01
1.8180000E+01	7.2397E-03	3.1579E-02
1.8190000E+01	1.2056E-02	1.2884E-01
1.8200000E+01	-1.2892E-03	2.7288E-02
1.8210000E+01	-1.4673E-02	-1.3960E-01
1.8220000E+01	-1.0767E-02	-1.5091E-01
1.8230000E+01	5.6291E-03	6.9146E-03
1.8240000E+01	1.2549E-02	1.2348E-01
1.8250000E+01	6.6873E-04	4.3271E-02
1.8260000E+01	-1.3687E-02	-1.2858E-01
1.8270000E+01	-1.2427E-02	-1.6495E-01
1.8280000E+01	3.7963E-03	-1.8402E-02
1.8290000E+01	1.2662E-02	1.1517E-01
1.8300000E+01	2.5669E-03	5.7609E-02
1.8310000E+01	-1.2484E-02	-1.1593E-01
1.8320000E+01	-1.3754E-02	-1.7592E-01
1.8330000E+01	1.9298E-03	-4.4065E-02
1.8340000E+01	1.2568E-02	1.0383E-01
1.8350000E+01	4.4693E-03	7.0274E-02
1.8360000E+01	-1.1061E-02	-1.0093E-01
1.8370000E+01	-1.4755E-02	-1.8390E-01
1.8380000E+01	-3.0023E-05	-6.9385E-02
1.8390000E+01	1.2144E-02	8.9813E-02
1.8400000E+01	6.2709E-03	8.0895E-02
1.8410000E+01	-9.5398E-03	-8.4928E-02
1.8420000E+01	-1.5409E-02	-1.8887E-01
1.8430000E+01	-1.9917E-03	-9.3650E-02
1.8440000E+01	1.1434E-02	7.2834E-02
1.8450000E+01	7.9629E-03	8.8873E-02
1.8460000E+01	-7.8677E-03	-6.7976E-02
1.8470000E+01	-1.5753E-02	-1.9057E-01
1.8480000E+01	-4.0158E-03	-1.1732E-01
1.8490000E+01	1.0493E-02	5.3892E-02
1.8500000E+01	9.4180E-03	9.4173E-02
1.8510000E+01	-6.0667E-03	-5.0332E-02
1.8520000E+01	-1.5770E-02	-1.8922E-01
1.8530000E+01	-6.0363E-03	-1.3934E-01
1.8540000E+01	9.3207E-03	3.2498E-02
1.8550000E+01	1.0646E-02	9.6850E-02
1.8560000E+01	-4.2026E-03	-3.2675E-02
1.8570000E+01	-1.5492E-02	-1.8521E-01
1.8580000E+01	-7.9784E-03	-1.5929E-01
1.8590000E+01	7.9047E-03	9.5350E-03
1.8600000E+01	1.1572E-02	9.6153E-02
1.8610000E+01	-2.2798E-03	-1.5331E-02
1.8620000E+01	-1.4947E-02	-1.7822E-01
1.8630000E+01	-9.8376E-03	-1.7692E-01
1.8640000E+01	6.3464E-03	-1.4401E-02
1.8650000E+01	1.2149E-02	9.2479E-02
1.8660000E+01	-3.7144E-04	1.2806E-03
1.8670000E+01	-1.4109E-02	-1.6856E-01
1.8680000E+01	-1.1527E-02	-1.9226E-01
1.8690000E+01	4.6353E-03	-3.9419E-02
1.8700000E+01	1.2461E-02	8.5834E-02
1.8710000E+01	1.5518E-03	1.6261E-02
1.8720000E+01	-1.3024E-02	-1.5660E-01
1.8730000E+01	-1.2909E-02	-2.0457E-01
1.8740000E+01	2.8118E-03	-6.5100E-02
1.8750000E+01	1.2507E-02	7.6185E-02
1.8760000E+01	3.4974E-03	3.0253E-02
1.8770000E+01	-1.1764E-02	-1.4290E-01
1.8780000E+01	-1.4091E-02	-2.1422E-01
1.8790000E+01	8.7860E-04	-9.0392E-02
1.8800000E+01	1.2215E-02	6.3162E-02
1.8810000E+01	5.3135E-03	4.1910E-02
1.8820000E+01	-1.0288E-02	-1.2723E-01
1.8830000E+01	-1.4927E-02	-2.2087E-01
1.8840000E+01	-1.0465E-03	-1.1532E-01
1.8850000E+01	1.1688E-02	4.7860E-02
1.8860000E+01	7.0654E-03	5.1218E-02
1.8870000E+01	-8.7284E-03	-1.1094E-01
1.8880000E+01	-1.5396E-02	-2.2425E-01
1.8890000E+01	-3.0203E-03	-1.3931E-01
1.8900000E+01	1.0875E-02	2.9878E-02
1.8910000E+01	8.5972E-03	5.7882E-02
1.8920000E+01	-6.9767E-03	-9.3306E-02
1.8930000E+01	-1.5625E-02	-2.2454E-01
1.8940000E+01	-5.0129E-03	-1.6231E-01
1.8950000E+01	9.7888E-03	9.5512E-03
1.8960000E+01	9.9335E-03	6.1864E-02
1.8970000E+01	-5.1977E-03	-7.5637E-02
1.8980000E+01	-1.5461E-02	-2.2156E-01
1.8990000E+01	-6.9483E-03	-1.8330E-01
1.9000000E+01	8.5109E-03	-1.2441E-02
1.9010000E+01	1.0983E-02	6.2858E-02
1.9020000E+01	-3.3078E-03	-5.8332E-02
1.9030000E+01	-1.5087E-02	-2.1621E-01
1.9040000E+01	-8.8022E-03	-2.0230E-01
1.9050000E+01	7.0187E-03	-3.6079E-02
1.9060000E+01	1.1740E-02	6.0846E-02
1.9070000E+01	-1.3871E-03	-4.1357E-02
1.9080000E+01	-1.4389E-02	-2.0783E-01
1.9090000E+01	-1.0534E-02	-2.1890E-01
1.9100000E+01	5.4105E-03	-6.0740E-02
1.9110000E+01	1.2182E-02	5.5539E-02
1.9120000E+01	5.2131E-04	-2.5367E-02
1.9130000E+01	-1.3465E-02	-1.9691E-01
1.9140000E+01	-1.2030E-02	-2.3256E-01
1.9150000E+01	3.6314E-03	-8.6075E-02
1.9160000E+01	1.2398E-02	4.7524E-02
1.9170000E+01	2.4384E-03	-1.0724E-02
1.9180000E+01	-1.2316E-02	-1.8423E-01
1.9190000E+01	-1.3337E-02	-2.4391E-01
1.9200000E+01	1.8222E-03	-1.1133E-01
1.9210000E+01	1.2258E-02	3.6222E-02
1.9220000E+01	4.3181E-03	1.9085E-03
1.9230000E+01	-1.0979E-02	-1.6957E-01
1.9240000E+01	-1.4278E-02	-2.5189E-01
1.9250000E+01	-8.3474E-05	-1.3669E-01
1.9260000E+01	1.1816E-02	2.1842E-02
1.9270000E+01	6.0980E-03	1.2591E-02
1.9280000E+01	-9.4642E-03	-1.5323E-01
1.9290000E+01	-1.4925E-02	-2.5685E-01
1.9300000E+01	-2.0124E-03	-1.6133E-01
1.9310000E+01	1.1172E-02	5.2134E-03
1.9320000E+01	7.7638E-03	2.0892E-02
1.9330000E+01	-7.8136E-03	-1.3629E-01
1.9340000E+01	-1.5274E-02	-2.5854E-01
1.9350000E+01	-3.9783E-03	-1.8494E-01
1.9360000E+01	1.0237E-02	-1.3782E-02
1.9370000E+01	9.1865E-03	2.6200E-02
1.9380000E+01	-6.0519E-03	-1.1894E-01
1.9390000E+01	-1.5278E-02	-2.5753E-01
1.9400000E+01	-5.9224E-03	-2.0660E-01
1.9410000E+01	9.0337E-03	-3.5128E-02
1.9420000E+01	1.0334E-02	2.8892E-02
1.9430000E+01	-4.2476E-03	-1.0097E-01
1.9440000E+01	-1.5057E-02	-2.5321E-01
1.9450000E+01	-7.7835E-03	-2.2695E-01
1.9460000E+01	7.7184E-03	-5.7771E-02
1.9470000E+01	1.1256E-02	2.8210E-02
1.9480000E+01	-2.3283E-03	-8.3681E-02
1.9490000E+01	-1.4520E-02	-2.4621E-01
1.9500000E+01	-9.5548E-03	-2.4460E-01
1.9510000E+01	6.1652E-03	-8.2054E-02
1.9520000E+01	1.1844E-02	2.4552E-02
1.9530000E+01	-4.7307E-04	-6.7356E-02
1.9540000E+01	-1.3754E-02	-2.3689E-01
1.9550000E+01	-1.1120E-02	-2.5992E-01
1.9560000E+01	4.5089E-03	-1.0704E-01
1.9570000E+01	1.2207E-02	1.7848E-02
1.9580000E+01	1.4649E-03	-5.2016E-02
1.9590000E+01	-1.2715E-02	-2.2489E-01
1.9600000E+01	-1.2454E-02	-2.7257E-01
1.9610000E+01	2.6980E-03	-1.3238E-01
1.9620000E+01	1.2238E-02	8.1934E-03
1.9630000E+01	3.3566E-03	-3.8403E-02
1.9640000E+01	-1.1468E-02	-2.1123E-01
1.9650000E+01	-1.3599E-02	-2.8221E-01
1.9660000E+01	8.5301E-04	-1.5800E-01
1.9670000E+01	1.1921E-02	-4.4825E-03
1.9680000E+01	5.1851E-03	-2.6393E-02
1.9690000E+01	-1.0156E-02	-1.9590E-01
1.9700000E+01	-1.4351E-02	-2.8888E-01
1.9710000E+01	-1.0415E-03	-1.8299E-01
1.9720000E+01	1.1465E-02	-1.9796E-02
1.9730000E+01	6.8045E-03	-1.7066E-02
1.9740000E+01	-8.5775E-03	-1.7925E-01
1.9750000E+01	-1.4848E-02	-2.9220E-01
1.9760000E+01	-2.9777E-03	-2.0696E-01
1.9770000E+01	1.0592E-02	-3.7775E-02
1.9780000E+01	8.3478E-03	-1.0072E-02
1.9790000E+01	-6.9302E-03	-1.6193E-01
1.9800000E+01	-1.5040E-02	-2.9254E-01
1.9810000E+01	-4.9255E-03	-2.2994E-01
1.9820000E+01	9.5449E-03	-5.8097E-02
1.9830000E+01	9.6490E-03	-6.1347E-03
1.9840000E+01	-5.1088E-03	-1.4432E-01
1.9850000E+01	-1.4966E-02	-2.8986E-01
1.9860000E+01	-6.7531E-03	-2.5097E-01
1.9870000E+01	8.3221E-03	-8.0078E-02
1.9880000E+01	1.0707E-02	-5.0916E-03
1.9890000E+01	-3.2470E-03	-1.2665E-01
1.9900000E+01	-1.4575E-02	-2.8422E-01
1.9910000E+01	-8.4834E-03	-2.6991E-01
1.9920000E+01	6.8585E-03	-1.0373E-01
1.9930000E+01	1.1388E-02	-7.1212E-03
1.9940000E+01	-1.3485E-03	-1.0967E-01
1.9950000E+01	-1.3960E-02	-2.7587E-01
1.9960000E+01	-1.0139E-02	-2.8657E-01
1.9970000E+01	5.2838E-03	-1.2805E-01
1.9980000E+01	1.1867E-02	-1.2113E-02
1.9990000E+01	5.0262E-04	-9.3654E-02
2.0000000E+01	-1.3043E-02	-2.6518E-01
2.0010000E+01	-1.1641E-02	-3.0056E-01
2.0020000E+01	3.5794E-03	-1.5334E-01
2.0030000E+01	1.2058E-02	-2.0467E-02
2.0040000E+01	2.3988E-03	-7.9044E-02
2.0050000E+01	-1.1976E-02	-2.5256E-01
2.0060000E+01	-1.2852E-02	-3.1155E-01
2.0070000E+01	1.7336E-03	-1.7902E-01
2.0080000E+01	1.1936E-02	-3.1750E-02
2.0090000E+01	4.1674E-03	-6.6356E-02
2.0100000E+01	-1.0686E-02	-2.3787E-01
2.0110000E+01	-1.3805E-02	-3.1988E-01
2.0120000E+01	-1.3114E-04	-2.0433E-01
2.0130000E+01	1.1492E-02	-4.5758E-02
2.0140000E+01	5.9174E-03	-5.5735E-02
2.0150000E+01	-9.2477E-03	-2.2190E-01
2.0160000E+01	-1.4435E-02	-3.2490E-01
2.0170000E+01	-2.0050E-03	-2.2896E-01
2.0180000E+01	1.0876E-02	-6.2450E-02
2.0190000E+01	7.5391E-03	-4.7404E-02
2.0200000E+01	-7.6911E-03	-2.0494E-01
2.0210000E+01	-1.4783E-02	-3.2688E-01
2.0220000E+01	-3.8849E-03	-2.5227E-01
2.0230000E+01	9.9450E-03	-8.1400E-02
2.0240000E+01	8.8758E-03	-4.2085E-02
2.0250000E+01	-5.9530E-03	-1.8726E-01
2.0260000E+01	-1.4812E-02	-3.2551E-01
2.0270000E+01	-5.7656E-03	-2.7425E-01
2.0280000E+01	8.7979E-03	-1.0274E-01
2.0290000E+01	1.0026E-02	-3.9453E-02
2.0300000E+01	-4.1556E-03	-1.6962E-01
2.0310000E+01	-1.4632E-02	-3.2151E-01
2.0320000E+01	-7.5770E-03	-2.9457E-01
2.0330000E+01	7.4602E-03	-1.2537E-01
2.0340000E+01	1.0911E-02	-3.9777E-02
2.0350000E+01	-2.2965E-03	-1.5228E-01
2.0360000E+01	-1.4112E-02	-3.1452E-01
2.0370000E+01	-9.2383E-03	-3.1221E-01
2.0380000E+01	5.9362E-03	-1.4969E-01
2.0390000E+01	1.1476E-02	-4.3450E-02
2.0400000E+01	-4.4957E-04	-1.3565E-01
2.0410000E+01	-1.3386E-02	-3.0518E-01
2.0420000E+01	-1.0810E-02	-3.2789E-01
2.0430000E+01	4.3079E-03	-1.7469E-01
2.0440000E+01	1.1812E-02	-4.9771E-02
2.0450000E+01	1.4112E-03	-1.2032E-01
2.0460000E+01	-1.2405E-02	-2.9320E-01
2.0470000E+01	-1.2127E-02	-3.4018E-01
2.0480000E+01	2.5710E-03	-1.9998E-01
