time /s	I /mA	E /V
1.0000000E-02	-5.7683E-03	-1.0003E-01
2.0000000E-02	-1.7739E-03	-7.2045E-02
3.0000000E-02	4.7998E-04	-4.4747E-02
4.0000000E-02	1.9544E-03	-1.9754E-02
5.0000000E-02	2.8637E-03	2.8919E-03
6.0000000E-02	3.3884E-03	2.2232E-02
7.0000000E-02	3.4675E-03	3.7530E-02
8.0000000E-02	3.3120E-03	4.8220E-02
9.0000000E-02	2.8042E-03	5.3906E-02
1.0000000E-01	2.0965E-03	5.4545E-02
1.1000000E-01	1.2233E-03	5.0229E-02
1.2000000E-01	1.8656E-04	4.1247E-02
1.3000000E-01	-9.7791E-04	2.7249E-02
1.4000000E-01	-2.1015E-03	9.5560E-03
1.5000000E-01	-3.3351E-03	-1.1724E-02
1.6000000E-01	-4.5916E-03	-3.5703E-02
1.7000000E-01	-5.7873E-03	-6.1666E-02
1.8000000E-01	-6.8360E-03	-8.8343E-02
1.9000000E-01	-7.8551E-03	-1.1533E-01
2.0000000E-01	-8.7616E-03	-1.4131E-01
2.1000000E-01	-9.4408E-03	-1.6564E-01
2.2000000E-01	-9.9423E-03	-1.8730E-01
2.3000000E-01	-1.0076E-02	-2.0564E-01
2.4000000E-01	-9.8029E-03	-2.1961E-01
2.5000000E-01	-9.2377E-03	-2.2962E-01
2.6000000E-01	-8.2674E-03	-2.3430E-01
2.7000000E-01	-7.0368E-03	-2.3431E-01
2.8000000E-01	-5.4824E-03	-2.2896E-01
2.9000000E-01	-3.8911E-03	-2.1899E-01
3.0000000E-01	-2.1700E-03	-2.0433E-01
3.1000000E-01	-4.6168E-04	-1.8566E-01
3.2000000E-01	1.1844E-03	-1.6336E-01
3.3000000E-01	2.6785E-03	-1.3839E-01
3.4000000E-01	4.0446E-03	-1.1141E-01
3.5000000E-01	5.2495E-03	-8.3430E-02
3.6000000E-01	6.2608E-03	-5.5423E-02
3.7000000E-01	7.0161E-03	-2.8100E-02
3.8000000E-01	7.5158E-03	-2.4600E-03
3.9000000E-01	7.7017E-03	2.0507E-02
4.0000000E-01	7.6357E-03	4.0202E-02
4.1000000E-01	7.2285E-03	5.5841E-02
4.2000000E-01	6.6148E-03	6.7191E-02
4.3000000E-01	5.7543E-03	7.3535E-02
4.4000000E-01	4.7534E-03	7.4855E-02
4.5000000E-01	3.4766E-03	7.0856E-02
4.6000000E-01	2.2629E-03	6.2546E-02
4.7000000E-01	9.1206E-04	4.9190E-02
4.8000000E-01	-4.5115E-04	3.1943E-02
4.9000000E-01	-1.8656E-03	1.0916E-02
5.0000000E-01	-3.1358E-03	-1.2726E-02
5.1000000E-01	-4.3818E-03	-3.8350E-02
5.2000000E-01	-5.5696E-03	-6.5356E-02
5.3000000E-01	-6.5821E-03	-9.2322E-02
5.4000000E-01	-7.3739E-03	-1.1831E-01
5.5000000E-01	-8.0260E-03	-1.4297E-01
5.6000000E-01	-8.4352E-03	-1.6500E-01
5.7000000E-01	-8.6048E-03	-1.8362E-01
5.8000000E-01	-8.3940E-03	-1.9829E-01
5.9000000E-01	-7.8840E-03	-2.0860E-01
6.0000000E-01	-7.0872E-03	-2.1398E-01
6.1000000E-01	-6.0244E-03	-2.1463E-01
6.2000000E-01	-4.6558E-03	-2.0999E-01
6.3000000E-01	-3.1643E-03	-2.0032E-01
6.4000000E-01	-1.6146E-03	-1.8631E-01
6.5000000E-01	-2.1135E-05	-1.6803E-01
6.6000000E-01	1.5858E-03	-1.4599E-01
6.7000000E-01	2.9731E-03	-1.2139E-01
6.8000000E-01	4.4016E-03	-9.4744E-02
6.9000000E-01	5.5873E-03	-6.6745E-02
7.0000000E-01	6.6093E-03	-3.8416E-02
7.1000000E-01	7.3071E-03	-1.1110E-02
7.2000000E-01	7.7894E-03	1.4539E-02
7.3000000E-01	8.0084E-03	3.7855E-02
7.4000000E-01	7.9576E-03	5.8172E-02
7.5000000E-01	7.5985E-03	7.4192E-02
7.6000000E-01	7.0022E-03	8.5835E-02
7.7000000E-01	6.2157E-03	9.2846E-02
7.8000000E-01	5.2016E-03	9.4846E-02
7.9000000E-01	4.0006E-03	9.1869E-02
8.0000000E-01	2.6941E-03	8.3508E-02
8.1000000E-01	1.3668E-03	7.0857E-02
8.2000000E-01	2.7551E-05	5.3921E-02
8.3000000E-01	-1.3797E-03	3.3571E-02
8.4000000E-01	-2.7186E-03	9.9376E-03
8.5000000E-01	-3.9920E-03	-1.5392E-02
8.6000000E-01	-5.1464E-03	-4.2024E-02
8.7000000E-01	-6.1282E-03	-6.9003E-02
8.8000000E-01	-6.9716E-03	-9.5316E-02
8.9000000E-01	-7.6013E-03	-1.1997E-01
9.0000000E-01	-7.9850E-03	-1.4230E-01
9.1000000E-01	-8.1497E-03	-1.6164E-01
9.2000000E-01	-7.9708E-03	-1.7698E-01
9.3000000E-01	-7.5039E-03	-1.8764E-01
9.4000000E-01	-6.6985E-03	-1.9365E-01
9.5000000E-01	-5.6341E-03	-1.9468E-01
9.6000000E-01	-4.3420E-03	-1.9065E-01
9.7000000E-01	-2.9769E-03	-1.8166E-01
9.8000000E-01	-1.4292E-03	-1.6804E-01
9.9000000E-01	5.6837E-05	-1.5032E-01
1.0000000E+00	1.6164E-03	-1.2870E-01
1.0100000E+00	3.0360E-03	-1.0440E-01
1.0200000E+00	4.4103E-03	-7.7747E-02
1.0300000E+00	5.5657E-03	-5.0073E-02
1.0400000E+00	6.5911E-03	-2.1805E-02
1.0500000E+00	7.3665E-03	5.8512E-03
1.0600000E+00	7.8447E-03	3.1881E-02
1.0700000E+00	8.0829E-03	5.5506E-02
1.0800000E+00	8.0290E-03	7.5842E-02
1.0900000E+00	7.7826E-03	9.2472E-02
1.1000000E+00	7.2549E-03	1.0484E-01
1.1100000E+00	6.5018E-03	1.1253E-01
1.1200000E+00	5.5353E-03	1.1483E-01
1.1300000E+00	4.2847E-03	1.1218E-01
1.1400000E+00	3.0198E-03	1.0486E-01
1.1500000E+00	1.6429E-03	9.2510E-02
1.1600000E+00	2.6718E-04	7.6220E-02
1.1700000E+00	-1.1315E-03	5.5899E-02
1.1800000E+00	-2.3791E-03	3.2910E-02
1.1900000E+00	-3.6607E-03	7.5927E-03
1.2000000E+00	-4.8151E-03	-1.9062E-02
1.2100000E+00	-5.8128E-03	-4.6014E-02
1.2200000E+00	-6.6363E-03	-7.2368E-02
1.2300000E+00	-7.3054E-03	-9.7334E-02
1.2400000E+00	-7.7199E-03	-1.2001E-01
1.2500000E+00	-7.8556E-03	-1.3966E-01
1.2600000E+00	-7.6784E-03	-1.5528E-01
1.2700000E+00	-7.2384E-03	-1.6664E-01
1.2800000E+00	-6.4751E-03	-1.7330E-01
1.2900000E+00	-5.5230E-03	-1.7497E-01
1.3000000E+00	-4.3180E-03	-1.7165E-01
1.3100000E+00	-2.8919E-03	-1.6301E-01
1.3200000E+00	-1.4453E-03	-1.4998E-01
1.3300000E+00	4.3509E-05	-1.3268E-01
1.3400000E+00	1.5797E-03	-1.1133E-01
1.3500000E+00	2.9696E-03	-8.7392E-02
1.3600000E+00	4.3546E-03	-6.1088E-02
1.3700000E+00	5.5304E-03	-3.3091E-02
1.3800000E+00	6.4935E-03	-5.1417E-03
1.3900000E+00	7.2894E-03	2.2532E-02
1.4000000E+00	7.8194E-03	4.8863E-02
1.4100000E+00	8.1113E-03	7.2842E-02
1.4200000E+00	8.1324E-03	9.3822E-02
1.4300000E+00	7.8889E-03	1.1084E-01
1.4400000E+00	7.4243E-03	1.2350E-01
1.4500000E+00	6.7737E-03	1.3184E-01
1.4600000E+00	5.7695E-03	1.3482E-01
1.4700000E+00	4.5463E-03	1.3284E-01
1.4800000E+00	3.2428E-03	1.2585E-01
1.4900000E+00	1.8854E-03	1.1419E-01
1.5000000E+00	4.5828E-04	9.8189E-02
1.5100000E+00	-9.2006E-04	7.8522E-02
1.5200000E+00	-2.2219E-03	5.5553E-02
1.5300000E+00	-3.4502E-03	3.0578E-02
1.5400000E+00	-4.5327E-03	4.2379E-03
1.5500000E+00	-5.6134E-03	-2.2719E-02
1.5600000E+00	-6.4415E-03	-4.9358E-02
1.5700000E+00	-7.1238E-03	-7.4660E-02
1.5800000E+00	-7.4740E-03	-9.7654E-02
1.5900000E+00	-7.6296E-03	-1.1732E-01
1.6000000E+00	-7.4896E-03	-1.3366E-01
1.6100000E+00	-7.1041E-03	-1.4565E-01
1.6200000E+00	-6.3814E-03	-1.5263E-01
1.6300000E+00	-5.4304E-03	-1.5498E-01
1.6400000E+00	-4.2635E-03	-1.5235E-01
1.6500000E+00	-2.9260E-03	-1.4437E-01
1.6600000E+00	-1.4991E-03	-1.3168E-01
1.6700000E+00	-3.0371E-05	-1.1472E-01
1.6800000E+00	1.4616E-03	-9.4033E-02
1.6900000E+00	2.8792E-03	-7.0427E-02
1.7000000E+00	4.2928E-03	-4.4095E-02
1.7100000E+00	5.4304E-03	-1.6439E-02
1.7200000E+00	6.4193E-03	1.1516E-02
1.7300000E+00	7.2342E-03	3.9537E-02
1.7400000E+00	7.7842E-03	6.5841E-02
1.7500000E+00	8.0417E-03	9.0170E-02
1.7600000E+00	8.1552E-03	1.1150E-01
1.7700000E+00	8.0373E-03	1.2919E-01
1.7800000E+00	7.6311E-03	1.4249E-01
1.7900000E+00	6.9772E-03	1.5121E-01
1.8000000E+00	6.0682E-03	1.5485E-01
1.8100000E+00	4.8490E-03	1.5350E-01
1.8200000E+00	3.5015E-03	1.4685E-01
1.8300000E+00	2.0830E-03	1.3581E-01
1.8400000E+00	6.3008E-04	1.2018E-01
1.8500000E+00	-7.5833E-04	1.0086E-01
1.8600000E+00	-2.0254E-03	7.8572E-02
1.8700000E+00	-3.2362E-03	5.3573E-02
1.8800000E+00	-4.3646E-03	2.7244E-02
1.8900000E+00	-5.4435E-03	2.7358E-04
1.9000000E+00	-6.2480E-03	-2.6363E-02
1.9100000E+00	-6.9018E-03	-5.1702E-02
1.9200000E+00	-7.3188E-03	-7.5033E-02
1.9300000E+00	-7.5341E-03	-9.5353E-02
1.9400000E+00	-7.3815E-03	-1.1199E-01
1.9500000E+00	-7.0002E-03	-1.2434E-01
1.9600000E+00	-6.3511E-03	-1.3231E-01
1.9700000E+00	-5.4307E-03	-1.3500E-01
1.9800000E+00	-4.2570E-03	-1.3267E-01
1.9900000E+00	-2.9509E-03	-1.2537E-01
2.0000000E+00	-1.5199E-03	-1.1339E-01
2.0100000E+00	-1.0023E-04	-9.7034E-02
2.0200000E+00	1.3205E-03	-7.6742E-02
2.0300000E+00	2.8080E-03	-5.3123E-02
2.0400000E+00	4.1652E-03	-2.7439E-02
2.0500000E+00	5.3602E-03	2.1210E-04
2.0600000E+00	6.3756E-03	2.8190E-02
2.0700000E+00	7.1736E-03	5.6176E-02
2.0800000E+00	7.6900E-03	8.2828E-02
2.0900000E+00	8.0872E-03	1.0751E-01
2.1000000E+00	8.2199E-03	1.2918E-01
2.1100000E+00	8.1615E-03	1.4716E-01
2.1200000E+00	7.9030E-03	1.6117E-01
2.1300000E+00	7.3059E-03	1.7017E-01
2.1400000E+00	6.4131E-03	1.7451E-01
2.1500000E+00	5.2255E-03	1.7380E-01
2.1600000E+00	3.7728E-03	1.6783E-01
2.1700000E+00	2.2809E-03	1.5750E-01
2.1800000E+00	7.8835E-04	1.4217E-01
2.1900000E+00	-5.8129E-04	1.2353E-01
2.2000000E+00	-1.9462E-03	1.0118E-01
2.2100000E+00	-3.1205E-03	7.6541E-02
2.2200000E+00	-4.2036E-03	5.0276E-02
2.2300000E+00	-5.2389E-03	2.3249E-02
2.2400000E+00	-6.0980E-03	-3.4195E-03
2.2500000E+00	-6.7835E-03	-2.9062E-02
2.2600000E+00	-7.1788E-03	-5.2378E-02
2.2700000E+00	-7.3916E-03	-7.3025E-02
2.2800000E+00	-7.2458E-03	-9.0361E-02
2.2900000E+00	-6.9671E-03	-1.0335E-01
2.3000000E+00	-6.2814E-03	-1.1166E-01
2.3100000E+00	-5.4382E-03	-1.1502E-01
2.3200000E+00	-4.3114E-03	-1.1335E-01
2.3300000E+00	-3.0891E-03	-1.0671E-01
2.3400000E+00	-1.6007E-03	-9.5034E-02
2.3500000E+00	-1.9421E-04	-7.9029E-02
2.3600000E+00	1.2706E-03	-5.9415E-02
2.3700000E+00	2.7307E-03	-3.6105E-02
2.3800000E+00	4.0907E-03	-1.0448E-02
2.3900000E+00	5.2509E-03	1.6853E-02
2.4000000E+00	6.2741E-03	4.5184E-02
2.4100000E+00	7.0425E-03	7.2827E-02
2.4200000E+00	7.7045E-03	9.9837E-02
2.4300000E+00	8.1159E-03	1.2483E-01
2.4400000E+00	8.3535E-03	1.4684E-01
2.4500000E+00	8.3218E-03	1.6516E-01
2.4600000E+00	8.2528E-03	1.7983E-01
2.4700000E+00	7.7097E-03	1.8948E-01
2.4800000E+00	6.8281E-03	1.9418E-01
2.4900000E+00	5.5946E-03	1.9415E-01
2.5000000E+00	4.0637E-03	1.8881E-01
2.5100000E+00	2.4624E-03	1.7878E-01
2.5200000E+00	9.3224E-04	1.6420E-01
2.5300000E+00	-5.0813E-04	1.4582E-01
2.5400000E+00	-1.8132E-03	1.2386E-01
2.5500000E+00	-3.1070E-03	9.9535E-02
2.5600000E+00	-4.1443E-03	7.3542E-02
2.5700000E+00	-5.1323E-03	4.6568E-02
2.5800000E+00	-6.0495E-03	1.9564E-02
2.5900000E+00	-6.6820E-03	-6.0795E-03
2.6000000E+00	-7.1137E-03	-2.9724E-02
2.6100000E+00	-7.4027E-03	-5.1048E-02
2.6200000E+00	-7.1999E-03	-6.8355E-02
2.6300000E+00	-6.9346E-03	-8.2022E-02
2.6400000E+00	-6.3146E-03	-9.1014E-02
2.6500000E+00	-5.4374E-03	-9.4705E-02
2.6600000E+00	-4.3614E-03	-9.3680E-02
2.6700000E+00	-3.0999E-03	-8.7733E-02
2.6800000E+00	-1.7391E-03	-7.6709E-02
2.6900000E+00	-3.2646E-04	-6.1422E-02
2.7000000E+00	1.2198E-03	-4.1735E-02
2.7100000E+00	2.5462E-03	-1.9079E-02
2.7200000E+00	3.9683E-03	6.5512E-03
2.7300000E+00	5.0596E-03	3.3518E-02
2.7400000E+00	6.1707E-03	6.1850E-02
2.7500000E+00	6.9847E-03	8.9845E-02
2.7600000E+00	7.6731E-03	1.1683E-01
2.7700000E+00	8.1615E-03	1.4185E-01
2.7800000E+00	8.5627E-03	1.6450E-01
2.7900000E+00	8.6510E-03	1.8316E-01
2.8000000E+00	8.6681E-03	1.9814E-01
2.8100000E+00	8.2504E-03	2.0850E-01
2.8200000E+00	7.3694E-03	2.1412E-01
2.8300000E+00	6.0138E-03	2.1447E-01
2.8400000E+00	4.4910E-03	2.0980E-01
2.8500000E+00	2.7218E-03	2.0013E-01
2.8600000E+00	1.1445E-03	1.8616E-01
2.8700000E+00	-4.0075E-04	1.6818E-01
2.8800000E+00	-1.8297E-03	1.4649E-01
2.8900000E+00	-3.0370E-03	1.2251E-01
2.9000000E+00	-4.1489E-03	9.6512E-02
2.9100000E+00	-5.1569E-03	6.9564E-02
2.9200000E+00	-5.9105E-03	4.2906E-02
2.9300000E+00	-6.5873E-03	1.6934E-02
2.9400000E+00	-7.0491E-03	-7.0602E-03
2.9500000E+00	-7.3525E-03	-2.8718E-02
2.9600000E+00	-7.2204E-03	-4.6717E-02
2.9700000E+00	-6.9808E-03	-6.0696E-02
2.9800000E+00	-6.3244E-03	-7.0045E-02
2.9900000E+00	-5.5215E-03	-7.4685E-02
3.0000000E+00	-4.4176E-03	-7.4051E-02
3.0100000E+00	-3.2522E-03	-6.8727E-02
3.0200000E+00	-1.8267E-03	-5.8369E-02
3.0300000E+00	-4.6892E-04	-4.3414E-02
3.0400000E+00	1.0744E-03	-2.4425E-02
3.0500000E+00	2.4789E-03	-1.7771E-03
3.0600000E+00	3.7980E-03	2.3537E-02
3.0700000E+00	5.0049E-03	5.0539E-02
3.0800000E+00	6.0929E-03	7.8513E-02
3.0900000E+00	6.8594E-03	1.0649E-01
3.1000000E+00	7.6973E-03	1.3384E-01
3.1100000E+00	8.2100E-03	1.5916E-01
3.1200000E+00	8.7289E-03	1.8182E-01
3.1300000E+00	9.0335E-03	2.0113E-01
3.1400000E+00	9.2131E-03	2.1682E-01
3.1500000E+00	8.8112E-03	2.2748E-01
3.1600000E+00	7.8921E-03	2.3350E-01
3.1700000E+00	6.4679E-03	2.3445E-01
3.1800000E+00	4.9364E-03	2.3046E-01
3.1900000E+00	3.0170E-03	2.2145E-01
3.2000000E+00	1.3576E-03	2.0815E-01
3.2100000E+00	-3.4737E-04	1.9049E-01
3.2200000E+00	-1.7795E-03	1.6918E-01
3.2300000E+00	-3.0692E-03	1.4551E-01
3.2400000E+00	-4.2099E-03	1.1952E-01
3.2500000E+00	-5.1749E-03	9.2854E-02
3.2600000E+00	-5.9008E-03	6.5910E-02
3.2700000E+00	-6.6838E-03	3.9912E-02
3.2800000E+00	-7.0347E-03	1.5605E-02
3.2900000E+00	-7.3024E-03	-6.3905E-03
3.3000000E+00	-7.2482E-03	-2.4705E-02
3.3100000E+00	-7.0183E-03	-3.9386E-02
3.3200000E+00	-6.4095E-03	-4.9377E-02
3.3300000E+00	-5.6041E-03	-5.4363E-02
3.3400000E+00	-4.5394E-03	-5.4370E-02
3.3500000E+00	-3.3765E-03	-4.9741E-02
3.3600000E+00	-1.9633E-03	-3.9715E-02
3.3700000E+00	-6.1662E-04	-2.5403E-02
3.3800000E+00	9.2547E-04	-6.7170E-03
3.3900000E+00	2.3229E-03	1.5569E-02
3.4000000E+00	3.6373E-03	4.0181E-02
3.4100000E+00	4.8527E-03	6.7165E-02
3.4200000E+00	5.9359E-03	9.5170E-02
3.4300000E+00	6.8576E-03	1.2318E-01
3.4400000E+00	7.7249E-03	1.5048E-01
3.4500000E+00	8.3791E-03	1.7616E-01
3.4600000E+00	9.0542E-03	1.9948E-01
3.4700000E+00	9.4048E-03	2.1915E-01
3.4800000E+00	9.6407E-03	2.3513E-01
3.4900000E+00	9.1331E-03	2.4643E-01
3.5000000E+00	8.2295E-03	2.5311E-01
3.5100000E+00	6.8372E-03	2.5478E-01
3.5200000E+00	5.1766E-03	2.5117E-01
3.5300000E+00	3.4142E-03	2.4283E-01
3.5400000E+00	1.5196E-03	2.2981E-01
3.5500000E+00	-2.4514E-04	2.1246E-01
3.5600000E+00	-1.8015E-03	1.9182E-01
3.5700000E+00	-3.1166E-03	1.6817E-01
3.5800000E+00	-4.2352E-03	1.4286E-01
3.5900000E+00	-5.2436E-03	1.1586E-01
3.6000000E+00	-6.0480E-03	8.8871E-02
3.6100000E+00	-6.6696E-03	6.2853E-02
3.6200000E+00	-7.1020E-03	3.8229E-02
3.6300000E+00	-7.3235E-03	1.5917E-02
3.6400000E+00	-7.2514E-03	-2.7203E-03
3.6500000E+00	-7.0227E-03	-1.7715E-02
3.6600000E+00	-6.4806E-03	-2.8381E-02
3.6700000E+00	-5.7100E-03	-3.4051E-02
3.6800000E+00	-4.6590E-03	-3.4728E-02
3.6900000E+00	-3.4939E-03	-3.0401E-02
3.7000000E+00	-2.1581E-03	-2.1060E-02
3.7100000E+00	-7.6343E-04	-7.0730E-03
3.7200000E+00	6.9351E-04	1.0902E-02
3.7300000E+00	2.1108E-03	3.2544E-02
3.7400000E+00	3.4758E-03	5.7179E-02
3.7500000E+00	4.6522E-03	8.3866E-02
3.7600000E+00	5.8774E-03	1.1183E-01
3.7700000E+00	6.8332E-03	1.3985E-01
3.7800000E+00	7.7905E-03	1.6746E-01
3.7900000E+00	8.6182E-03	1.9349E-01
3.8000000E+00	9.3925E-03	2.1682E-01
3.8100000E+00	9.8611E-03	2.3714E-01
3.8200000E+00	9.9374E-03	2.5346E-01
3.8300000E+00	9.4056E-03	2.6547E-01
3.8400000E+00	8.5114E-03	2.7276E-01
3.8500000E+00	7.1734E-03	2.7475E-01
3.8600000E+00	5.5660E-03	2.7178E-01
3.8700000E+00	3.7509E-03	2.6412E-01
3.8800000E+00	1.8719E-03	2.5144E-01
3.8900000E+00	-1.3809E-06	2.3478E-01
3.9000000E+00	-1.6492E-03	2.1447E-01
3.9100000E+00	-3.1453E-03	1.9117E-01
3.9200000E+00	-4.3383E-03	1.6586E-01
3.9300000E+00	-5.3775E-03	1.3920E-01
3.9400000E+00	-6.1202E-03	1.1217E-01
3.9500000E+00	-6.7013E-03	8.5904E-02
3.9600000E+00	-7.1746E-03	6.0882E-02
3.9700000E+00	-7.4117E-03	3.8553E-02
3.9800000E+00	-7.3848E-03	1.9243E-02
3.9900000E+00	-7.1686E-03	3.5845E-03
4.0000000E+00	-6.6042E-03	-7.4251E-03
4.0100000E+00	-5.8582E-03	-1.3706E-02
4.0200000E+00	-4.8370E-03	-1.5044E-02
4.0300000E+00	-3.6651E-03	-1.1072E-02
4.0400000E+00	-2.3019E-03	-2.4055E-03
4.0500000E+00	-8.9489E-04	1.0884E-02
4.0600000E+00	5.3357E-04	2.8551E-02
4.0700000E+00	1.8946E-03	4.9863E-02
4.0800000E+00	3.3270E-03	7.4174E-02
4.0900000E+00	4.5839E-03	1.0085E-01
4.1000000E+00	5.7254E-03	1.2855E-01
4.1100000E+00	6.9037E-03	1.5681E-01
4.1200000E+00	8.0046E-03	1.8450E-01
4.1300000E+00	8.8794E-03	2.1049E-01
4.1400000E+00	9.7530E-03	2.3414E-01
4.1500000E+00	1.0079E-02	2.5480E-01
4.1600000E+00	1.0097E-02	2.7176E-01
4.1700000E+00	9.6486E-03	2.8445E-01
4.1800000E+00	8.7728E-03	2.9212E-01
4.1900000E+00	7.5061E-03	2.9478E-01
4.2000000E+00	5.9933E-03	2.9246E-01
4.2100000E+00	4.1162E-03	2.8509E-01
4.2200000E+00	2.2606E-03	2.7312E-01
4.2300000E+00	4.1677E-04	2.5714E-01
4.2400000E+00	-1.3778E-03	2.3715E-01
4.2500000E+00	-3.0529E-03	2.1413E-01
4.2600000E+00	-4.4251E-03	1.8885E-01
4.2700000E+00	-5.5366E-03	1.6219E-01
4.2800000E+00	-6.2856E-03	1.3519E-01
4.2900000E+00	-6.9412E-03	1.0884E-01
4.3000000E+00	-7.3189E-03	8.3518E-02
4.3100000E+00	-7.6113E-03	6.0879E-02
4.3200000E+00	-7.5132E-03	4.1246E-02
4.3300000E+00	-7.1724E-03	2.5243E-02
4.3400000E+00	-6.7391E-03	1.3582E-02
4.3500000E+00	-5.9230E-03	6.9407E-03
4.3600000E+00	-4.9674E-03	4.9348E-03
4.3700000E+00	-3.8397E-03	8.2500E-03
4.3800000E+00	-2.4776E-03	1.6233E-02
4.3900000E+00	-1.0858E-03	2.9254E-02
4.4000000E+00	2.9161E-04	4.6266E-02
4.4100000E+00	1.7675E-03	6.7183E-02
4.4200000E+00	3.1342E-03	9.1186E-02
4.4300000E+00	4.4598E-03	1.1750E-01
4.4400000E+00	5.7559E-03	1.4519E-01
4.4500000E+00	6.8959E-03	1.7348E-01
4.4600000E+00	8.1167E-03	2.0112E-01
4.4700000E+00	9.1944E-03	2.2746E-01
4.4800000E+00	1.0027E-02	2.5145E-01
4.4900000E+00	1.0244E-02	2.7276E-01
4.5000000E+00	1.0288E-02	2.9010E-01
4.5100000E+00	9.8370E-03	3.0310E-01
4.5200000E+00	9.0755E-03	3.1145E-01
4.5300000E+00	7.8058E-03	3.1474E-01
4.5400000E+00	6.3232E-03	3.1306E-01
4.5500000E+00	4.5398E-03	3.0641E-01
4.5600000E+00	2.5956E-03	2.9478E-01
4.5700000E+00	6.4601E-04	2.7910E-01
4.5800000E+00	-1.1737E-03	2.5946E-01
4.5900000E+00	-2.9288E-03	2.3682E-01
4.6000000E+00	-4.4401E-03	2.1180E-01
4.6100000E+00	-5.5845E-03	1.8551E-01
4.6200000E+00	-6.4685E-03	1.5852E-01
4.6300000E+00	-7.1030E-03	1.3186E-01
4.6400000E+00	-7.5697E-03	1.0653E-01
4.6500000E+00	-7.7417E-03	8.3550E-02
4.6600000E+00	-7.6404E-03	6.3218E-02
4.6700000E+00	-7.4226E-03	4.6876E-02
4.6800000E+00	-6.8417E-03	3.4891E-02
4.6900000E+00	-6.1519E-03	2.7221E-02
4.7000000E+00	-5.1311E-03	2.4923E-02
4.7100000E+00	-3.9744E-03	2.7545E-02
4.7200000E+00	-2.7391E-03	3.4897E-02
4.7300000E+00	-1.3062E-03	4.7578E-02
4.7400000E+00	1.6660E-04	6.4221E-02
4.7500000E+00	1.5235E-03	8.4518E-02
4.7600000E+00	3.0379E-03	1.0853E-01
4.7700000E+00	4.3712E-03	1.3453E-01
4.7800000E+00	5.7640E-03	1.6218E-01
4.7900000E+00	6.9576E-03	1.9014E-01
4.8000000E+00	8.2886E-03	2.1780E-01
4.8100000E+00	9.3981E-03	2.4445E-01
4.8200000E+00	9.9854E-03	2.6875E-01
4.8300000E+00	1.0403E-02	2.9043E-01
4.8400000E+00	1.0415E-02	3.0809E-01
4.8500000E+00	1.0139E-02	3.2174E-01
4.8600000E+00	9.2803E-03	3.3077E-01
4.8700000E+00	8.1287E-03	3.3474E-01
4.8800000E+00	6.5917E-03	3.3343E-01
4.8900000E+00	4.8554E-03	3.2742E-01
4.9000000E+00	2.9626E-03	3.1645E-01
4.9100000E+00	9.5596E-04	3.0108E-01
4.9200000E+00	-8.9936E-04	2.8177E-01
4.9300000E+00	-2.8270E-03	2.5948E-01
4.9400000E+00	-4.3600E-03	2.3480E-01
4.9500000E+00	-5.7094E-03	2.0850E-01
4.9600000E+00	-6.6989E-03	1.8147E-01
4.9700000E+00	-7.3463E-03	1.5485E-01
4.9800000E+00	-7.7301E-03	1.2920E-01
4.9900000E+00	-7.8854E-03	1.0588E-01
5.0000000E+00	-7.8643E-03	8.5536E-02
5.0100000E+00	-7.6008E-03	6.8522E-02
5.0200000E+00	-7.0464E-03	5.5869E-02
5.0300000E+00	-6.3163E-03	4.7926E-02
5.0400000E+00	-5.3172E-03	4.4901E-02
5.0500000E+00	-4.1886E-03	4.6929E-02
5.0600000E+00	-2.8857E-03	5.3909E-02
5.0700000E+00	-1.5034E-03	6.5858E-02
5.0800000E+00	-8.5577E-05	8.1885E-02
5.0900000E+00	1.4008E-03	1.0220E-01
5.1000000E+00	2.8610E-03	1.2552E-01
5.1100000E+00	4.2540E-03	1.5117E-01
5.1200000E+00	5.7121E-03	1.7881E-01
5.1300000E+00	7.2013E-03	2.0683E-01
5.1400000E+00	8.5870E-03	2.3481E-01
5.1500000E+00	9.5359E-03	2.6145E-01
5.1600000E+00	1.0099E-02	2.8610E-01
5.1700000E+00	1.0541E-02	3.0810E-01
5.1800000E+00	1.0653E-02	3.2642E-01
5.1900000E+00	1.0236E-02	3.4043E-01
5.2000000E+00	9.4465E-03	3.4977E-01
5.2100000E+00	8.4048E-03	3.5441E-01
5.2200000E+00	6.9287E-03	3.5374E-01
5.2300000E+00	5.1784E-03	3.4841E-01
5.2400000E+00	3.2578E-03	3.3775E-01
5.2500000E+00	1.3345E-03	3.2309E-01
5.2600000E+00	-5.9859E-04	3.0445E-01
5.2700000E+00	-2.5725E-03	2.8245E-01
5.2800000E+00	-4.2683E-03	2.5778E-01
5.2900000E+00	-5.7526E-03	2.3148E-01
5.3000000E+00	-6.7816E-03	2.0449E-01
5.3100000E+00	-7.5154E-03	1.7783E-01
5.3200000E+00	-7.9685E-03	1.5219E-01
5.3300000E+00	-8.1835E-03	1.2854E-01
5.3400000E+00	-8.0419E-03	1.0752E-01
5.3500000E+00	-7.7721E-03	9.0205E-02
5.3600000E+00	-7.2349E-03	7.7230E-02
5.3700000E+00	-6.5293E-03	6.8534E-02
5.3800000E+00	-5.5629E-03	6.4889E-02
5.3900000E+00	-4.3715E-03	6.6535E-02
5.4000000E+00	-3.1162E-03	7.2880E-02
5.4100000E+00	-1.7111E-03	8.4223E-02
5.4200000E+00	-2.6794E-04	9.9858E-02
5.4300000E+00	1.2390E-03	1.1953E-01
5.4400000E+00	2.6632E-03	1.4252E-01
5.4500000E+00	4.2595E-03	1.6815E-01
5.4600000E+00	5.7684E-03	1.9548E-01
5.4700000E+00	7.2842E-03	2.2349E-01
5.4800000E+00	8.6131E-03	2.5147E-01
5.4900000E+00	9.5444E-03	2.7843E-01
5.5000000E+00	1.0262E-02	3.0341E-01
5.5100000E+00	1.0734E-02	3.2576E-01
5.5200000E+00	1.0675E-02	3.4442E-01
5.5300000E+00	1.0530E-02	3.5907E-01
5.5400000E+00	9.8363E-03	3.6911E-01
5.5500000E+00	8.6980E-03	3.7407E-01
5.5600000E+00	7.2379E-03	3.7407E-01
5.5700000E+00	5.5756E-03	3.6909E-01
5.5800000E+00	3.6433E-03	3.5940E-01
5.5900000E+00	1.6987E-03	3.4509E-01
5.6000000E+00	-3.0340E-04	3.2676E-01
5.6100000E+00	-2.3299E-03	3.0511E-01
5.6200000E+00	-4.0796E-03	2.8077E-01
5.6300000E+00	-5.5741E-03	2.5478E-01
5.6400000E+00	-6.7877E-03	2.2781E-01
5.6500000E+00	-7.6105E-03	2.0083E-01
5.6600000E+00	-8.1168E-03	1.7513E-01
5.6700000E+00	-8.3723E-03	1.5117E-01
5.6800000E+00	-8.3043E-03	1.2986E-01
5.6900000E+00	-7.9833E-03	1.1217E-01
5.7000000E+00	-7.4668E-03	9.8523E-02
5.7100000E+00	-6.7364E-03	8.9196E-02
5.7200000E+00	-5.7497E-03	8.5199E-02
5.7300000E+00	-4.6694E-03	8.5874E-02
5.7400000E+00	-3.3454E-03	9.1838E-02
5.7500000E+00	-1.9503E-03	1.0254E-01
5.7600000E+00	-4.6527E-04	1.1786E-01
5.7700000E+00	1.0995E-03	1.3719E-01
5.7800000E+00	2.5745E-03	1.5985E-01
5.7900000E+00	4.2269E-03	1.8515E-01
5.8000000E+00	5.8361E-03	2.1216E-01
5.8100000E+00	7.4440E-03	2.4014E-01
5.8200000E+00	8.7219E-03	2.6844E-01
5.8300000E+00	9.6386E-03	2.9546E-01
5.8400000E+00	1.0380E-02	3.2077E-01
5.8500000E+00	1.0777E-02	3.4310E-01
5.8600000E+00	1.0949E-02	3.6240E-01
5.8700000E+00	1.0805E-02	3.7739E-01
5.8800000E+00	1.0254E-02	3.8806E-01
5.8900000E+00	9.2894E-03	3.9372E-01
5.9000000E+00	7.8184E-03	3.9438E-01
5.9100000E+00	6.0604E-03	3.9007E-01
5.9200000E+00	4.0536E-03	3.8074E-01
5.9300000E+00	1.9660E-03	3.6672E-01
5.9400000E+00	4.6135E-05	3.4908E-01
5.9500000E+00	-1.9578E-03	3.2778E-01
5.9600000E+00	-3.9026E-03	3.0377E-01
5.9700000E+00	-5.5727E-03	2.7775E-01
5.9800000E+00	-6.8203E-03	2.5077E-01
5.9900000E+00	-7.7070E-03	2.2412E-01
6.0000000E+00	-8.3174E-03	1.9812E-01
6.0100000E+00	-8.5156E-03	1.7382E-01
6.0200000E+00	-8.5444E-03	1.5216E-01
6.0300000E+00	-8.2355E-03	1.3419E-01
6.0400000E+00	-7.6942E-03	1.1985E-01
6.0500000E+00	-6.9519E-03	1.1019E-01
6.0600000E+00	-6.0325E-03	1.0520E-01
6.0700000E+00	-4.8185E-03	1.0554E-01
6.0800000E+00	-3.6013E-03	1.1082E-01
6.0900000E+00	-2.1304E-03	1.2120E-01
6.1000000E+00	-6.6756E-04	1.3584E-01
6.1100000E+00	9.2176E-04	1.5451E-01
6.1200000E+00	2.5230E-03	1.7684E-01
6.1300000E+00	4.2569E-03	2.0215E-01
6.1400000E+00	5.9848E-03	2.2915E-01
6.1500000E+00	7.5070E-03	2.5711E-01
6.1600000E+00	8.6936E-03	2.8508E-01
6.1700000E+00	9.7050E-03	3.1244E-01
6.1800000E+00	1.0504E-02	3.3770E-01
6.1900000E+00	1.0960E-02	3.6074E-01
6.2000000E+00	1.1289E-02	3.8038E-01
6.2100000E+00	1.1282E-02	3.9603E-01
6.2200000E+00	1.0895E-02	4.0706E-01
6.2300000E+00	9.9697E-03	4.1339E-01
6.2400000E+00	8.5431E-03	4.1469E-01
6.2500000E+00	6.5503E-03	4.1069E-01
6.2600000E+00	4.4668E-03	4.0202E-01
6.2700000E+00	2.3451E-03	3.8872E-01
6.2800000E+00	2.6365E-04	3.7139E-01
6.2900000E+00	-1.7257E-03	3.5041E-01
6.3000000E+00	-3.7137E-03	3.2645E-01
6.3100000E+00	-5.4822E-03	3.0076E-01
6.3200000E+00	-6.8877E-03	2.7412E-01
6.3300000E+00	-7.8169E-03	2.4713E-01
6.3400000E+00	-8.4348E-03	2.2117E-01
6.3500000E+00	-8.7579E-03	1.9648E-01
6.3600000E+00	-8.7561E-03	1.7450E-01
6.3700000E+00	-8.5251E-03	1.5583E-01
6.3800000E+00	-7.9521E-03	1.4117E-01
6.3900000E+00	-7.2618E-03	1.3115E-01
6.4000000E+00	-6.3042E-03	1.2553E-01
6.4100000E+00	-5.0828E-03	1.2521E-01
6.4200000E+00	-3.8119E-03	1.2983E-01
6.4300000E+00	-2.3527E-03	1.3951E-01
6.4400000E+00	-8.2640E-04	1.5387E-01
6.4500000E+00	7.8190E-04	1.7214E-01
6.4600000E+00	2.4305E-03	1.9415E-01
6.4700000E+00	4.2680E-03	2.1882E-01
6.4800000E+00	6.0170E-03	2.4579E-01
6.4900000E+00	7.4930E-03	2.7378E-01
6.5000000E+00	8.7498E-03	3.0176E-01
6.5100000E+00	9.8161E-03	3.2910E-01
6.5200000E+00	1.0700E-02	3.5508E-01
6.5300000E+00	1.1184E-02	3.7805E-01
6.5400000E+00	1.1739E-02	3.9838E-01
6.5500000E+00	1.1955E-02	4.1439E-01
6.5600000E+00	1.1787E-02	4.2601E-01
6.5700000E+00	1.0815E-02	4.3269E-01
6.5800000E+00	9.2896E-03	4.3469E-01
6.5900000E+00	7.1825E-03	4.3137E-01
6.6000000E+00	4.8850E-03	4.2338E-01
6.6100000E+00	2.6149E-03	4.1040E-01
6.6200000E+00	4.8555E-04	3.9340E-01
6.6300000E+00	-1.5393E-03	3.7275E-01
6.6400000E+00	-3.4426E-03	3.4941E-01
6.6500000E+00	-5.3475E-03	3.2377E-01
6.6600000E+00	-6.9706E-03	2.9712E-01
6.6700000E+00	-8.0355E-03	2.7010E-01
6.6800000E+00	-8.7733E-03	2.4378E-01
6.6900000E+00	-9.0080E-03	2.1916E-01
6.7000000E+00	-9.1011E-03	1.9680E-01
6.7100000E+00	-8.7335E-03	1.7783E-01
6.7200000E+00	-8.2330E-03	1.6284E-01
6.7300000E+00	-7.4950E-03	1.5184E-01
6.7400000E+00	-6.5331E-03	1.4619E-01
6.7500000E+00	-5.3822E-03	1.4514E-01
6.7600000E+00	-4.0528E-03	1.4915E-01
6.7700000E+00	-2.5564E-03	1.5819E-01
6.7800000E+00	-1.0366E-03	1.7183E-01
6.7900000E+00	6.4981E-04	1.8983E-01
6.8000000E+00	2.3454E-03	2.1147E-01
6.8100000E+00	4.2312E-03	2.3580E-01
6.8200000E+00	5.9039E-03	2.6243E-01
6.8300000E+00	7.4928E-03	2.9044E-01
6.8400000E+00	8.9013E-03	3.1846E-01
6.8500000E+00	9.9637E-03	3.4610E-01
6.8600000E+00	1.0716E-02	3.7206E-01
6.8700000E+00	1.1504E-02	3.9571E-01
6.8800000E+00	1.2238E-02	4.1606E-01
6.8900000E+00	1.2832E-02	4.3271E-01
6.9000000E+00	1.2690E-02	4.4502E-01
6.9100000E+00	1.1637E-02	4.5236E-01
6.9200000E+00	9.9013E-03	4.5470E-01
6.9300000E+00	7.6874E-03	4.5203E-01
6.9400000E+00	5.2128E-03	4.4434E-01
6.9500000E+00	2.8838E-03	4.3202E-01
6.9600000E+00	5.9656E-04	4.1576E-01
6.9700000E+00	-1.4453E-03	3.9541E-01
6.9800000E+00	-3.2499E-03	3.7241E-01
6.9900000E+00	-5.0565E-03	3.4708E-01
7.0000000E+00	-6.7516E-03	3.2044E-01
7.0100000E+00	-8.1593E-03	2.9342E-01
7.0200000E+00	-9.0015E-03	2.6676E-01
7.0300000E+00	-9.3097E-03	2.4214E-01
7.0400000E+00	-9.3693E-03	2.1949E-01
7.0500000E+00	-9.0347E-03	1.9983E-01
7.0600000E+00	-8.5946E-03	1.8419E-01
7.0700000E+00	-7.8332E-03	1.7287E-01
7.0800000E+00	-6.8294E-03	1.6650E-01
7.0900000E+00	-5.6468E-03	1.6483E-01
7.1000000E+00	-4.2958E-03	1.6853E-01
7.1100000E+00	-2.8662E-03	1.7683E-01
7.1200000E+00	-1.2357E-03	1.9016E-01
7.1300000E+00	5.1134E-04	2.0748E-01
7.1400000E+00	2.3397E-03	2.2881E-01
7.1500000E+00	4.2287E-03	2.5280E-01
7.1600000E+00	5.9607E-03	2.7946E-01
7.1700000E+00	7.5214E-03	3.0710E-01
7.1800000E+00	8.8131E-03	3.3508E-01
7.1900000E+00	9.8513E-03	3.6273E-01
7.2000000E+00	1.0884E-02	3.8904E-01
7.2100000E+00	1.1965E-02	4.1304E-01
7.2200000E+00	1.2903E-02	4.3371E-01
7.2300000E+00	1.3583E-02	4.5102E-01
7.2400000E+00	1.3355E-02	4.6369E-01
7.2500000E+00	1.2349E-02	4.7168E-01
7.2600000E+00	1.0442E-02	4.7468E-01
7.2700000E+00	8.1519E-03	4.7269E-01
7.2800000E+00	5.6180E-03	4.6570E-01
7.2900000E+00	2.9875E-03	4.5369E-01
7.3000000E+00	7.2238E-04	4.3772E-01
7.3100000E+00	-1.3566E-03	4.1808E-01
7.3200000E+00	-3.1982E-03	3.9508E-01
7.3300000E+00	-4.8650E-03	3.7008E-01
7.3400000E+00	-6.5018E-03	3.4342E-01
7.3500000E+00	-7.9772E-03	3.1644E-01
7.3600000E+00	-9.0458E-03	2.9009E-01
7.3700000E+00	-9.6736E-03	2.6481E-01
7.3800000E+00	-9.7243E-03	2.4179E-01
7.3900000E+00	-9.4192E-03	2.2216E-01
7.4000000E+00	-8.9632E-03	2.0580E-01
7.4100000E+00	-8.1160E-03	1.9413E-01
7.4200000E+00	-7.2029E-03	1.8685E-01
7.4300000E+00	-5.9307E-03	1.8482E-01
7.4400000E+00	-4.5596E-03	1.8784E-01
7.4500000E+00	-3.0414E-03	1.9582E-01
7.4600000E+00	-1.3544E-03	2.0849E-01
7.4700000E+00	3.6089E-04	2.2550E-01
7.4800000E+00	2.2655E-03	2.4612E-01
7.4900000E+00	4.1570E-03	2.7013E-01
7.5000000E+00	5.8114E-03	2.9612E-01
7.5100000E+00	7.4783E-03	3.2375E-01
7.5200000E+00	8.7545E-03	3.5208E-01
7.5300000E+00	9.8479E-03	3.7971E-01
7.5400000E+00	1.1018E-02	4.0606E-01
7.5500000E+00	1.2342E-02	4.3035E-01
7.5600000E+00	1.3564E-02	4.5171E-01
7.5700000E+00	1.4099E-02	4.6904E-01
7.5800000E+00	1.4021E-02	4.8233E-01
7.5900000E+00	1.3015E-02	4.9101E-01
7.6000000E+00	1.1068E-02	4.9469E-01
7.6100000E+00	8.5916E-03	4.9302E-01
7.6200000E+00	5.9386E-03	4.8670E-01
7.6300000E+00	3.1943E-03	4.7533E-01
7.6400000E+00	6.9469E-04	4.5968E-01
7.6500000E+00	-1.4151E-03	4.4037E-01
7.6600000E+00	-3.2076E-03	4.1802E-01
7.6700000E+00	-4.8321E-03	3.9305E-01
7.6800000E+00	-6.2932E-03	3.6674E-01
7.6900000E+00	-7.6326E-03	3.3974E-01
7.7000000E+00	-8.8466E-03	3.1310E-01
7.7100000E+00	-9.6548E-03	2.8776E-01
7.7200000E+00	-9.9618E-03	2.6445E-01
7.7300000E+00	-9.7697E-03	2.4410E-01
7.7400000E+00	-9.2630E-03	2.2748E-01
7.7500000E+00	-8.4511E-03	2.1516E-01
7.7600000E+00	-7.5287E-03	2.0750E-01
7.7700000E+00	-6.2648E-03	2.0484E-01
7.7800000E+00	-4.8945E-03	2.0716E-01
7.7900000E+00	-3.3218E-03	2.1447E-01
7.8000000E+00	-1.6055E-03	2.2647E-01
7.8100000E+00	2.1121E-04	2.4312E-01
7.8200000E+00	2.1092E-03	2.6345E-01
7.8300000E+00	3.9702E-03	2.8711E-01
7.8400000E+00	5.7646E-03	3.1308E-01
7.8500000E+00	7.1827E-03	3.4040E-01
7.8600000E+00	8.5466E-03	3.6871E-01
7.8700000E+00	9.7752E-03	3.9640E-01
7.8800000E+00	1.1265E-02	4.2301E-01
7.8900000E+00	1.2779E-02	4.4768E-01
7.9000000E+00	1.4157E-02	4.6936E-01
7.9100000E+00	1.4881E-02	4.8736E-01
7.9200000E+00	1.4773E-02	5.0096E-01
7.9300000E+00	1.3687E-02	5.1033E-01
7.9400000E+00	1.1545E-02	5.1432E-01
7.9500000E+00	9.1223E-03	5.1366E-01
7.9600000E+00	6.3485E-03	5.0765E-01
7.9700000E+00	3.4801E-03	4.9704E-01
7.9800000E+00	8.7715E-04	4.8201E-01
7.9900000E+00	-1.5445E-03	4.6305E-01
8.0000000E+00	-3.3472E-03	4.4071E-01
8.0100000E+00	-4.9274E-03	4.1608E-01
8.0200000E+00	-6.4029E-03	3.8973E-01
8.0300000E+00	-7.4919E-03	3.6277E-01
8.0400000E+00	-8.5651E-03	3.3610E-01
8.0500000E+00	-9.4216E-03	3.1043E-01
8.0600000E+00	-9.8945E-03	2.8713E-01
8.0700000E+00	-9.8843E-03	2.6647E-01
8.0800000E+00	-9.4179E-03	2.4912E-01
8.0900000E+00	-8.6949E-03	2.3647E-01
8.1000000E+00	-7.7962E-03	2.2816E-01
8.1100000E+00	-6.5656E-03	2.2481E-01
8.1200000E+00	-5.1734E-03	2.2645E-01
8.1300000E+00	-3.5248E-03	2.3349E-01
8.1400000E+00	-1.8031E-03	2.4480E-01
8.1500000E+00	9.2226E-05	2.6112E-01
8.1600000E+00	1.9134E-03	2.8075E-01
8.1700000E+00	3.8356E-03	3.0411E-01
8.1800000E+00	5.4563E-03	3.2975E-01
8.1900000E+00	7.0719E-03	3.5739E-01
8.2000000E+00	8.4122E-03	3.8542E-01
8.2100000E+00	9.8087E-03	4.1335E-01
8.2200000E+00	1.1518E-02	4.4002E-01
8.2300000E+00	1.3235E-02	4.6502E-01
8.2400000E+00	1.4706E-02	4.8704E-01
8.2500000E+00	1.5507E-02	5.0533E-01
8.2600000E+00	1.5149E-02	5.1965E-01
8.2700000E+00	1.3669E-02	5.2935E-01
8.2800000E+00	1.1538E-02	5.3432E-01
8.2900000E+00	9.1847E-03	5.3397E-01
8.3000000E+00	6.6500E-03	5.2861E-01
8.3100000E+00	3.8299E-03	5.1833E-01
8.3200000E+00	1.1223E-03	5.0371E-01
8.3300000E+00	-1.3647E-03	4.8534E-01
8.3400000E+00	-3.4474E-03	4.6338E-01
8.3500000E+00	-5.0129E-03	4.3907E-01
8.3600000E+00	-6.3533E-03	4.1272E-01
8.3700000E+00	-7.3954E-03	3.8606E-01
8.3800000E+00	-8.3330E-03	3.5908E-01
8.3900000E+00	-9.1579E-03	3.3342E-01
8.4000000E+00	-9.7044E-03	3.0943E-01
8.4100000E+00	-9.7686E-03	2.8846E-01
8.4200000E+00	-9.4745E-03	2.7109E-01
8.4300000E+00	-8.8249E-03	2.5777E-01
8.4400000E+00	-7.8898E-03	2.4882E-01
8.4500000E+00	-6.8270E-03	2.4479E-01
8.4600000E+00	-5.3162E-03	2.4613E-01
8.4700000E+00	-3.8078E-03	2.5244E-01
8.4800000E+00	-1.9671E-03	2.6346E-01
8.4900000E+00	-2.3389E-04	2.7879E-01
8.5000000E+00	1.7402E-03	2.9842E-01
8.5100000E+00	3.5673E-03	3.2145E-01
8.5200000E+00	5.1076E-03	3.4675E-01
8.5300000E+00	6.6690E-03	3.7408E-01
8.5400000E+00	8.1749E-03	4.0203E-01
8.5500000E+00	9.9111E-03	4.3004E-01
8.5600000E+00	1.1785E-02	4.5703E-01
8.5700000E+00	1.3626E-02	4.8203E-01
8.5800000E+00	1.5289E-02	5.0467E-01
8.5900000E+00	1.5614E-02	5.2336E-01
8.6000000E+00	1.4625E-02	5.3831E-01
8.6100000E+00	1.3082E-02	5.4866E-01
8.6200000E+00	1.1175E-02	5.5401E-01
8.6300000E+00	9.0758E-03	5.5431E-01
8.6400000E+00	6.7786E-03	5.4929E-01
8.6500000E+00	4.3998E-03	5.4000E-01
8.6600000E+00	1.7907E-03	5.2565E-01
8.6700000E+00	-8.4327E-04	5.0768E-01
8.6800000E+00	-3.1879E-03	4.8602E-01
8.6900000E+00	-4.9441E-03	4.6206E-01
8.7000000E+00	-6.3472E-03	4.3606E-01
8.7100000E+00	-7.4811E-03	4.0903E-01
8.7200000E+00	-8.2849E-03	3.8206E-01
8.7300000E+00	-8.8443E-03	3.5640E-01
8.7400000E+00	-9.4415E-03	3.3212E-01
8.7500000E+00	-9.5454E-03	3.1078E-01
8.7600000E+00	-9.4437E-03	2.9277E-01
8.7700000E+00	-8.8382E-03	2.7908E-01
8.7800000E+00	-7.9903E-03	2.6981E-01
8.7900000E+00	-6.9178E-03	2.6515E-01
8.8000000E+00	-5.5043E-03	2.6579E-01
8.8100000E+00	-3.9348E-03	2.7147E-01
8.8200000E+00	-2.2113E-03	2.8177E-01
8.8300000E+00	-3.4538E-04	2.9678E-01
8.8400000E+00	1.4589E-03	3.1611E-01
8.8500000E+00	3.2320E-03	3.3841E-01
8.8600000E+00	4.8202E-03	3.6373E-01
8.8700000E+00	6.5010E-03	3.9071E-01
8.8800000E+00	8.1626E-03	4.1871E-01
8.8900000E+00	9.9679E-03	4.4672E-01
8.9000000E+00	1.2076E-02	4.7404E-01
8.9100000E+00	1.4037E-02	4.9934E-01
8.9200000E+00	1.5305E-02	5.2200E-01
8.9300000E+00	1.4890E-02	5.4132E-01
8.9400000E+00	1.3838E-02	5.5664E-01
8.9500000E+00	1.2504E-02	5.6764E-01
8.9600000E+00	1.0866E-02	5.7366E-01
8.9700000E+00	8.8936E-03	5.7430E-01
8.9800000E+00	6.9207E-03	5.7032E-01
8.9900000E+00	4.7633E-03	5.6133E-01
9.0000000E+00	2.3995E-03	5.4766E-01
9.0100000E+00	-2.7072E-05	5.3000E-01
9.0200000E+00	-2.5872E-03	5.0869E-01
9.0300000E+00	-4.6592E-03	4.8468E-01
9.0400000E+00	-6.1951E-03	4.5903E-01
9.0500000E+00	-7.4663E-03	4.3208E-01
9.0600000E+00	-8.1595E-03	4.0542E-01
9.0700000E+00	-8.7738E-03	3.7907E-01
9.0800000E+00	-9.1199E-03	3.5477E-01
9.0900000E+00	-9.2762E-03	3.3310E-01
9.1000000E+00	-9.1824E-03	3.1479E-01
9.1100000E+00	-8.7165E-03	3.0044E-01
9.1200000E+00	-8.0070E-03	2.9046E-01
9.1300000E+00	-6.8758E-03	2.8544E-01
9.1400000E+00	-5.5727E-03	2.8547E-01
9.1500000E+00	-4.0202E-03	2.9043E-01
9.1600000E+00	-2.3619E-03	3.0046E-01
9.1700000E+00	-5.9952E-04	3.1474E-01
9.1800000E+00	1.0845E-03	3.3341E-01
9.1900000E+00	2.9639E-03	3.5573E-01
9.2000000E+00	4.6275E-03	3.8075E-01
9.2100000E+00	6.3188E-03	4.0736E-01
9.2200000E+00	8.0746E-03	4.3535E-01
9.2300000E+00	1.0152E-02	4.6370E-01
9.2400000E+00	1.2319E-02	4.9102E-01
9.2500000E+00	1.4304E-02	5.1667E-01
9.2600000E+00	1.4705E-02	5.3966E-01
9.2700000E+00	1.4041E-02	5.5929E-01
9.2800000E+00	1.3194E-02	5.7533E-01
9.2900000E+00	1.1783E-02	5.8660E-01
9.3000000E+00	1.0361E-02	5.9295E-01
9.3100000E+00	8.6819E-03	5.9459E-01
9.3200000E+00	6.8402E-03	5.9096E-01
9.3300000E+00	4.9154E-03	5.8265E-01
9.3400000E+00	2.7812E-03	5.6931E-01
9.3500000E+00	6.2847E-04	5.5200E-01
9.3600000E+00	-1.6940E-03	5.3134E-01
9.3700000E+00	-4.0126E-03	5.0769E-01
9.3800000E+00	-5.8419E-03	4.8201E-01
9.3900000E+00	-7.1545E-03	4.5536E-01
9.4000000E+00	-8.1238E-03	4.2836E-01
9.4100000E+00	-8.6735E-03	4.0206E-01
9.4200000E+00	-8.9467E-03	3.7777E-01
9.4300000E+00	-9.0375E-03	3.5543E-01
9.4400000E+00	-9.0143E-03	3.3673E-01
9.4500000E+00	-8.5998E-03	3.2176E-01
9.4600000E+00	-7.8827E-03	3.1143E-01
9.4700000E+00	-6.8775E-03	3.0578E-01
9.4800000E+00	-5.6013E-03	3.0511E-01
9.4900000E+00	-4.0937E-03	3.0945E-01
9.5000000E+00	-2.5252E-03	3.1877E-01
9.5100000E+00	-7.6948E-04	3.3309E-01
9.5200000E+00	1.0064E-03	3.5106E-01
9.5300000E+00	2.6580E-03	3.7308E-01
9.5400000E+00	4.4260E-03	3.9771E-01
9.5500000E+00	6.1877E-03	4.2438E-01
9.5600000E+00	8.1343E-03	4.5199E-01
9.5700000E+00	1.0383E-02	4.8036E-01
9.5800000E+00	1.2498E-02	5.0768E-01
9.5900000E+00	1.3933E-02	5.3367E-01
9.6000000E+00	1.3844E-02	5.5697E-01
9.6100000E+00	1.3384E-02	5.7729E-01
9.6200000E+00	1.2492E-02	5.9363E-01
9.6300000E+00	1.1205E-02	6.0531E-01
9.6400000E+00	9.9598E-03	6.1264E-01
9.6500000E+00	8.3922E-03	6.1460E-01
9.6600000E+00	6.7234E-03	6.1165E-01
9.6700000E+00	5.0199E-03	6.0362E-01
9.6800000E+00	3.1585E-03	5.9131E-01
9.6900000E+00	1.1916E-03	5.7434E-01
9.7000000E+00	-8.7326E-04	5.5403E-01
9.7100000E+00	-3.0877E-03	5.3070E-01
9.7200000E+00	-5.2356E-03	5.0500E-01
9.7300000E+00	-6.8094E-03	4.7838E-01
9.7400000E+00	-7.8958E-03	4.5137E-01
9.7500000E+00	-8.5486E-03	4.2510E-01
9.7600000E+00	-8.9090E-03	4.0039E-01
9.7700000E+00	-9.0510E-03	3.7804E-01
9.7800000E+00	-8.8749E-03	3.5871E-01
9.7900000E+00	-8.4396E-03	3.4343E-01
9.8000000E+00	-7.7387E-03	3.3243E-01
9.8100000E+00	-6.8817E-03	3.2611E-01
9.8200000E+00	-5.6989E-03	3.2476E-01
9.8300000E+00	-4.1719E-03	3.2876E-01
9.8400000E+00	-2.6520E-03	3.3742E-01
9.8500000E+00	-9.4985E-04	3.5106E-01
9.8600000E+00	7.6092E-04	3.6873E-01
9.8700000E+00	2.3859E-03	3.9007E-01
9.8800000E+00	4.3255E-03	4.1473E-01
9.8900000E+00	6.1268E-03	4.4105E-01
9.9000000E+00	8.2502E-03	4.6904E-01
9.9100000E+00	1.0573E-02	4.9703E-01
9.9200000E+00	1.2596E-02	5.2467E-01
9.9300000E+00	1.3227E-02	5.5064E-01
9.9400000E+00	1.3100E-02	5.7431E-01
9.9500000E+00	1.2593E-02	5.9492E-01
9.9600000E+00	1.1751E-02	6.1195E-01
9.9700000E+00	1.0730E-02	6.2429E-01
9.9800000E+00	9.5566E-03	6.3193E-01
9.9900000E+00	8.2196E-03	6.3460E-01
1.0000000E+01	6.7204E-03	6.3228E-01
1.0010000E+01	5.1146E-03	6.2498E-01
1.0020000E+01	3.3429E-03	6.1294E-01
1.0030000E+01	1.5475E-03	5.9663E-01
1.0040000E+01	-3.6834E-04	5.7631E-01
1.0050000E+01	-2.2901E-03	5.5331E-01
1.0060000E+01	-4.3672E-03	5.2836E-01
1.0070000E+01	-6.2039E-03	5.0170E-01
1.0080000E+01	-7.4788E-03	4.7468E-01
1.0090000E+01	-8.3495E-03	4.4803E-01
1.0100000E+01	-8.7407E-03	4.2305E-01
1.0110000E+01	-8.9177E-03	4.0040E-01
1.0120000E+01	-8.8127E-03	3.8075E-01
1.0130000E+01	-8.3620E-03	3.6474E-01
1.0140000E+01	-7.7528E-03	3.5342E-01
1.0150000E+01	-6.8429E-03	3.4641E-01
1.0160000E+01	-5.6773E-03	3.4476E-01
1.0170000E+01	-4.2358E-03	3.4808E-01
1.0180000E+01	-2.7390E-03	3.5638E-01
1.0190000E+01	-1.0486E-03	3.6943E-01
1.0200000E+01	5.9394E-04	3.8639E-01
1.0210000E+01	2.3893E-03	4.0740E-01
1.0220000E+01	4.2242E-03	4.3169E-01
1.0230000E+01	6.2168E-03	4.5804E-01
1.0240000E+01	8.4494E-03	4.8570E-01
1.0250000E+01	1.0528E-02	5.1299E-01
1.0260000E+01	1.1852E-02	5.3966E-01
1.0270000E+01	1.2305E-02	5.6496E-01
1.0280000E+01	1.2002E-02	5.8764E-01
1.0290000E+01	1.1505E-02	6.0764E-01
1.0300000E+01	1.0722E-02	6.2360E-01
1.0310000E+01	1.0014E-02	6.3560E-01
1.0320000E+01	8.8793E-03	6.4260E-01
1.0330000E+01	7.6192E-03	6.4461E-01
1.0340000E+01	6.1340E-03	6.4160E-01
1.0350000E+01	4.5622E-03	6.3362E-01
1.0360000E+01	2.8210E-03	6.2098E-01
1.0370000E+01	1.0782E-03	6.0398E-01
1.0380000E+01	-7.1147E-04	5.8297E-01
1.0390000E+01	-2.5346E-03	5.5932E-01
1.0400000E+01	-4.5367E-03	5.3300E-01
1.0410000E+01	-6.4822E-03	5.0537E-01
1.0420000E+01	-7.8034E-03	4.7739E-01
1.0430000E+01	-8.7076E-03	4.4939E-01
1.0440000E+01	-9.1518E-03	4.2307E-01
1.0450000E+01	-9.4148E-03	3.9873E-01
1.0460000E+01	-9.3307E-03	3.7775E-01
1.0470000E+01	-8.9595E-03	3.6010E-01
1.0480000E+01	-8.3663E-03	3.4708E-01
1.0490000E+01	-7.6226E-03	3.3841E-01
1.0500000E+01	-6.4878E-03	3.3478E-01
1.0510000E+01	-5.1507E-03	3.3641E-01
1.0520000E+01	-3.6701E-03	3.4278E-01
1.0530000E+01	-2.0821E-03	3.5408E-01
1.0540000E+01	-3.5396E-04	3.6972E-01
1.0550000E+01	1.2657E-03	3.8908E-01
1.0560000E+01	2.9455E-03	4.1171E-01
1.0570000E+01	4.8418E-03	4.3671E-01
1.0580000E+01	6.6499E-03	4.6306E-01
1.0590000E+01	8.6436E-03	4.9001E-01
1.0600000E+01	1.0518E-02	5.1669E-01
1.0610000E+01	1.1543E-02	5.4199E-01
1.0620000E+01	1.1549E-02	5.6529E-01
1.0630000E+01	1.1192E-02	5.8532E-01
1.0640000E+01	1.0461E-02	6.0196E-01
1.0650000E+01	9.5814E-03	6.1430E-01
1.0660000E+01	8.4336E-03	6.2194E-01
1.0670000E+01	7.2592E-03	6.2464E-01
1.0680000E+01	5.8546E-03	6.2227E-01
1.0690000E+01	4.3601E-03	6.1497E-01
1.0700000E+01	2.6616E-03	6.0264E-01
1.0710000E+01	9.5099E-04	5.8632E-01
1.0720000E+01	-9.4044E-04	5.6566E-01
1.0730000E+01	-2.9119E-03	5.4236E-01
1.0740000E+01	-5.0142E-03	5.1638E-01
1.0750000E+01	-6.7149E-03	4.8870E-01
1.0760000E+01	-7.8905E-03	4.6074E-01
1.0770000E+01	-8.7391E-03	4.3275E-01
1.0780000E+01	-9.2659E-03	4.0607E-01
1.0790000E+01	-9.5679E-03	3.8143E-01
1.0800000E+01	-9.5193E-03	3.6008E-01
1.0810000E+01	-9.2312E-03	3.4211E-01
1.0820000E+01	-8.8857E-03	3.2811E-01
1.0830000E+01	-8.1046E-03	3.1910E-01
1.0840000E+01	-6.8772E-03	3.1512E-01
1.0850000E+01	-5.7351E-03	3.1579E-01
1.0860000E+01	-4.1784E-03	3.2178E-01
1.0870000E+01	-2.4817E-03	3.3244E-01
1.0880000E+01	-7.9182E-04	3.4778E-01
1.0890000E+01	7.9848E-04	3.6673E-01
1.0900000E+01	2.6227E-03	3.8908E-01
1.0910000E+01	4.1911E-03	4.1373E-01
1.0920000E+01	5.9410E-03	4.3999E-01
1.0930000E+01	7.5932E-03	4.6703E-01
1.0940000E+01	9.3191E-03	4.9370E-01
1.0950000E+01	1.0917E-02	5.1898E-01
1.0960000E+01	1.1555E-02	5.4265E-01
1.0970000E+01	1.1385E-02	5.6332E-01
1.0980000E+01	1.0697E-02	5.8030E-01
1.0990000E+01	9.6704E-03	5.9296E-01
1.1000000E+01	8.5650E-03	6.0131E-01
1.1010000E+01	7.2741E-03	6.0467E-01
1.1020000E+01	5.8980E-03	6.0298E-01
1.1030000E+01	4.2506E-03	5.9597E-01
1.1040000E+01	2.5879E-03	5.8428E-01
1.1050000E+01	7.8815E-04	5.6832E-01
1.1060000E+01	-1.1758E-03	5.4832E-01
1.1070000E+01	-3.2096E-03	5.2500E-01
1.1080000E+01	-5.1179E-03	4.9937E-01
1.1090000E+01	-6.7254E-03	4.7203E-01
1.1100000E+01	-7.9440E-03	4.4370E-01
1.1110000E+01	-8.6195E-03	4.1606E-01
1.1120000E+01	-9.2558E-03	3.8904E-01
1.1130000E+01	-9.5387E-03	3.6445E-01
1.1140000E+01	-9.6482E-03	3.4243E-01
1.1150000E+01	-9.4306E-03	3.2378E-01
1.1160000E+01	-9.0573E-03	3.0979E-01
1.1170000E+01	-8.2424E-03	3.0011E-01
1.1180000E+01	-7.3010E-03	2.9511E-01
1.1190000E+01	-5.9815E-03	2.9547E-01
1.1200000E+01	-4.5061E-03	3.0079E-01
1.1210000E+01	-2.8192E-03	3.1112E-01
1.1220000E+01	-1.1522E-03	3.2573E-01
1.1230000E+01	5.6715E-04	3.4444E-01
1.1240000E+01	2.1496E-03	3.6641E-01
1.1250000E+01	3.7934E-03	3.9072E-01
1.1260000E+01	5.2946E-03	4.1670E-01
1.1270000E+01	6.8639E-03	4.4368E-01
1.1280000E+01	8.4596E-03	4.7071E-01
1.1290000E+01	1.0012E-02	4.9635E-01
1.1300000E+01	1.1194E-02	5.1999E-01
1.1310000E+01	1.1427E-02	5.4097E-01
1.1320000E+01	1.0910E-02	5.5864E-01
1.1330000E+01	1.0078E-02	5.7200E-01
1.1340000E+01	8.8578E-03	5.8063E-01
1.1350000E+01	7.5147E-03	5.8461E-01
1.1360000E+01	5.9975E-03	5.8331E-01
1.1370000E+01	4.4808E-03	5.7701E-01
1.1380000E+01	2.6473E-03	5.6598E-01
1.1390000E+01	7.0765E-04	5.5034E-01
1.1400000E+01	-1.3435E-03	5.3104E-01
1.1410000E+01	-3.3748E-03	5.0801E-01
1.1420000E+01	-5.2258E-03	4.8231E-01
1.1430000E+01	-6.6082E-03	4.5539E-01
1.1440000E+01	-7.7689E-03	4.2707E-01
1.1450000E+01	-8.6345E-03	3.9907E-01
1.1460000E+01	-9.2693E-03	3.7205E-01
1.1470000E+01	-9.5580E-03	3.4708E-01
1.1480000E+01	-9.7225E-03	3.2479E-01
1.1490000E+01	-9.6701E-03	3.0577E-01
1.1500000E+01	-9.2610E-03	2.9114E-01
1.1510000E+01	-8.5983E-03	2.8077E-01
1.1520000E+01	-7.6610E-03	2.7543E-01
1.1530000E+01	-6.2596E-03	2.7513E-01
1.1540000E+01	-4.8432E-03	2.8013E-01
1.1550000E+01	-3.2181E-03	2.8975E-01
1.1560000E+01	-1.4912E-03	3.0374E-01
1.1570000E+01	3.1793E-04	3.2209E-01
1.1580000E+01	1.9316E-03	3.4340E-01
1.1590000E+01	3.5407E-03	3.6776E-01
1.1600000E+01	5.0047E-03	3.9374E-01
1.1610000E+01	6.5372E-03	4.2069E-01
1.1620000E+01	7.7466E-03	4.4737E-01
1.1630000E+01	9.2034E-03	4.7333E-01
1.1640000E+01	1.0368E-02	4.9739E-01
1.1650000E+01	1.1276E-02	5.1867E-01
1.1660000E+01	1.1056E-02	5.3664E-01
1.1670000E+01	1.0388E-02	5.5066E-01
1.1680000E+01	9.1772E-03	5.5994E-01
1.1690000E+01	7.8327E-03	5.6431E-01
1.1700000E+01	6.2032E-03	5.6361E-01
1.1710000E+01	4.5353E-03	5.5800E-01
1.1720000E+01	2.6596E-03	5.4766E-01
1.1730000E+01	6.7372E-04	5.3234E-01
1.1740000E+01	-1.4853E-03	5.1334E-01
1.1750000E+01	-3.4332E-03	4.9070E-01
1.1760000E+01	-5.0372E-03	4.6570E-01
1.1770000E+01	-6.4201E-03	4.3839E-01
1.1780000E+01	-7.6249E-03	4.1040E-01
1.1790000E+01	-8.4074E-03	3.8242E-01
1.1800000E+01	-9.1963E-03	3.5507E-01
1.1810000E+01	-9.6055E-03	3.2975E-01
1.1820000E+01	-9.8565E-03	3.0712E-01
1.1830000E+01	-9.8430E-03	2.8778E-01
1.1840000E+01	-9.5791E-03	2.7245E-01
1.1850000E+01	-8.8441E-03	2.6181E-01
1.1860000E+01	-7.9515E-03	2.5580E-01
1.1870000E+01	-6.6861E-03	2.5509E-01
1.1880000E+01	-5.2242E-03	2.5916E-01
1.1890000E+01	-3.4932E-03	2.6846E-01
1.1900000E+01	-1.8493E-03	2.8215E-01
1.1910000E+01	-3.4640E-05	2.9976E-01
1.1920000E+01	1.6898E-03	3.2078E-01
1.1930000E+01	3.2508E-03	3.4478E-01
1.1940000E+01	4.7110E-03	3.7076E-01
1.1950000E+01	6.1297E-03	3.9741E-01
1.1960000E+01	7.3529E-03	4.2438E-01
1.1970000E+01	8.5220E-03	4.5038E-01
1.1980000E+01	9.5804E-03	4.7471E-01
1.1990000E+01	1.0496E-02	4.9637E-01
1.2000000E+01	1.0746E-02	5.1466E-01
1.2010000E+01	1.0556E-02	5.2935E-01
1.2020000E+01	9.3987E-03	5.3899E-01
1.2030000E+01	8.0985E-03	5.4400E-01
1.2040000E+01	6.4270E-03	5.4399E-01
1.2050000E+01	4.6902E-03	5.3899E-01
1.2060000E+01	2.6770E-03	5.2904E-01
1.2070000E+01	6.0112E-04	5.1436E-01
1.2080000E+01	-1.4494E-03	4.9570E-01
1.2090000E+01	-3.1559E-03	4.7370E-01
1.2100000E+01	-4.8805E-03	4.4874E-01
1.2110000E+01	-6.2618E-03	4.2175E-01
1.2120000E+01	-7.4238E-03	3.9375E-01
1.2130000E+01	-8.3031E-03	3.6577E-01
1.2140000E+01	-9.0414E-03	3.3841E-01
1.2150000E+01	-9.5848E-03	3.1277E-01
1.2160000E+01	-9.9518E-03	2.8978E-01
1.2170000E+01	-9.9362E-03	2.6980E-01
1.2180000E+01	-9.6808E-03	2.5415E-01
1.2190000E+01	-9.1366E-03	2.4282E-01
1.2200000E+01	-8.1249E-03	2.3646E-01
1.2210000E+01	-6.9380E-03	2.3482E-01
1.2220000E+01	-5.5852E-03	2.3849E-01
1.2230000E+01	-3.8606E-03	2.4712E-01
1.2240000E+01	-2.1218E-03	2.6014E-01
1.2250000E+01	-3.1264E-04	2.7745E-01
1.2260000E+01	1.3394E-03	2.9843E-01
1.2270000E+01	2.9496E-03	3.2180E-01
1.2280000E+01	4.4696E-03	3.4741E-01
1.2290000E+01	5.8568E-03	3.7443E-01
1.2300000E+01	7.0868E-03	4.0141E-01
1.2310000E+01	8.1354E-03	4.2738E-01
1.2320000E+01	9.0539E-03	4.5201E-01
1.2330000E+01	9.8170E-03	4.7406E-01
1.2340000E+01	1.0315E-02	4.9302E-01
1.2350000E+01	1.0277E-02	5.0766E-01
1.2360000E+01	9.4684E-03	5.1798E-01
1.2370000E+01	8.3494E-03	5.2365E-01
1.2380000E+01	6.5540E-03	5.2436E-01
1.2390000E+01	4.7926E-03	5.1965E-01
1.2400000E+01	2.6693E-03	5.1033E-01
1.2410000E+01	6.9961E-04	4.9634E-01
1.2420000E+01	-1.3037E-03	4.7801E-01
1.2430000E+01	-3.0529E-03	4.5636E-01
1.2440000E+01	-4.6000E-03	4.3174E-01
1.2450000E+01	-6.0073E-03	4.0507E-01
1.2460000E+01	-7.2292E-03	3.7707E-01
1.2470000E+01	-8.1896E-03	3.4876E-01
1.2480000E+01	-9.0558E-03	3.2144E-01
1.2490000E+01	-9.6366E-03	2.9545E-01
1.2500000E+01	-1.0021E-02	2.7215E-01
1.2510000E+01	-1.0174E-02	2.5212E-01
1.2520000E+01	-9.8867E-03	2.3579E-01
1.2530000E+01	-9.3293E-03	2.2382E-01
1.2540000E+01	-8.4080E-03	2.1684E-01
1.2550000E+01	-7.1556E-03	2.1483E-01
1.2560000E+01	-5.7915E-03	2.1780E-01
1.2570000E+01	-4.2430E-03	2.2581E-01
1.2580000E+01	-2.5177E-03	2.3848E-01
1.2590000E+01	-6.6900E-04	2.5511E-01
1.2600000E+01	1.1075E-03	2.7579E-01
1.2610000E+01	2.8048E-03	2.9911E-01
1.2620000E+01	4.2371E-03	3.2447E-01
1.2630000E+01	5.6396E-03	3.5108E-01
1.2640000E+01	6.7541E-03	3.7806E-01
1.2650000E+01	7.8276E-03	4.0437E-01
1.2660000E+01	8.6455E-03	4.2936E-01
1.2670000E+01	9.3522E-03	4.5166E-01
1.2680000E+01	9.7410E-03	4.7102E-01
1.2690000E+01	9.8085E-03	4.8633E-01
1.2700000E+01	9.2198E-03	4.9703E-01
1.2710000E+01	8.3080E-03	5.0333E-01
1.2720000E+01	6.7920E-03	5.0472E-01
1.2730000E+01	4.9161E-03	5.0070E-01
1.2740000E+01	2.8917E-03	4.9168E-01
1.2750000E+01	9.3367E-04	4.7837E-01
1.2760000E+01	-9.3963E-04	4.6035E-01
1.2770000E+01	-2.7242E-03	4.3902E-01
1.2780000E+01	-4.2389E-03	4.1474E-01
1.2790000E+01	-5.7007E-03	3.8805E-01
1.2800000E+01	-6.9757E-03	3.6040E-01
1.2810000E+01	-8.0759E-03	3.3210E-01
1.2820000E+01	-8.9439E-03	3.0445E-01
1.2830000E+01	-9.6280E-03	2.7845E-01
1.2840000E+01	-1.0051E-02	2.5480E-01
1.2850000E+01	-1.0205E-02	2.3416E-01
1.2860000E+01	-9.8707E-03	2.1748E-01
1.2870000E+01	-9.3667E-03	2.0513E-01
1.2880000E+01	-8.5469E-03	1.9748E-01
1.2890000E+01	-7.3326E-03	1.9482E-01
1.2900000E+01	-5.9670E-03	1.9717E-01
1.2910000E+01	-4.3972E-03	2.0450E-01
1.2920000E+01	-2.7420E-03	2.1683E-01
1.2930000E+01	-9.4462E-04	2.3317E-01
1.2940000E+01	8.8552E-04	2.5312E-01
1.2950000E+01	2.5362E-03	2.7607E-01
1.2960000E+01	4.0611E-03	3.0142E-01
1.2970000E+01	5.5125E-03	3.2811E-01
1.2980000E+01	6.6789E-03	3.5508E-01
1.2990000E+01	7.6028E-03	3.8141E-01
1.3000000E+01	8.3547E-03	4.0637E-01
1.3010000E+01	8.9560E-03	4.2936E-01
1.3020000E+01	9.2723E-03	4.4871E-01
1.3030000E+01	9.3465E-03	4.6469E-01
1.3040000E+01	8.8727E-03	4.7599E-01
1.3050000E+01	8.0730E-03	4.8302E-01
1.3060000E+01	6.7007E-03	4.8467E-01
1.3070000E+01	5.0065E-03	4.8136E-01
1.3080000E+01	3.0996E-03	4.7301E-01
1.3090000E+01	1.2161E-03	4.6002E-01
1.3100000E+01	-6.5554E-04	4.4268E-01
1.3110000E+01	-2.3785E-03	4.2174E-01
1.3120000E+01	-3.9986E-03	3.9773E-01
1.3130000E+01	-5.4491E-03	3.7140E-01
1.3140000E+01	-6.7756E-03	3.4373E-01
1.3150000E+01	-7.9356E-03	3.1545E-01
1.3160000E+01	-8.9410E-03	2.8778E-01
1.3170000E+01	-9.6162E-03	2.6147E-01
1.3180000E+01	-1.0150E-02	2.3746E-01
1.3190000E+01	-1.0181E-02	2.1647E-01
1.3200000E+01	-1.0066E-02	1.9915E-01
1.3210000E+01	-9.3683E-03	1.8619E-01
1.3220000E+01	-8.5175E-03	1.7818E-01
1.3230000E+01	-7.2926E-03	1.7481E-01
1.3240000E+01	-6.0332E-03	1.7683E-01
1.3250000E+01	-4.6062E-03	1.8349E-01
1.3260000E+01	-3.0118E-03	1.9517E-01
1.3270000E+01	-1.1336E-03	2.1116E-01
1.3280000E+01	4.7726E-04	2.3078E-01
1.3290000E+01	2.3159E-03	2.5345E-01
1.3300000E+01	3.8795E-03	2.7844E-01
1.3310000E+01	5.1493E-03	3.0475E-01
1.3320000E+01	6.5523E-03	3.3174E-01
1.3330000E+01	7.5158E-03	3.5839E-01
1.3340000E+01	8.1984E-03	3.8371E-01
1.3350000E+01	8.6847E-03	4.0671E-01
1.3360000E+01	8.9913E-03	4.2673E-01
1.3370000E+01	8.9948E-03	4.4304E-01
1.3380000E+01	8.5861E-03	4.5498E-01
1.3390000E+01	7.9651E-03	4.6237E-01
1.3400000E+01	6.6626E-03	4.6469E-01
1.3410000E+01	5.1087E-03	4.6203E-01
1.3420000E+01	3.3642E-03	4.5436E-01
1.3430000E+01	1.3652E-03	4.4170E-01
1.3440000E+01	-4.1923E-04	4.2502E-01
1.3450000E+01	-2.0895E-03	4.0436E-01
1.3460000E+01	-3.6985E-03	3.8073E-01
1.3470000E+01	-5.2122E-03	3.5439E-01
1.3480000E+01	-6.7199E-03	3.2676E-01
1.3490000E+01	-7.8221E-03	2.9879E-01
1.3500000E+01	-8.8712E-03	2.7077E-01
1.3510000E+01	-9.5601E-03	2.4448E-01
1.3520000E+01	-1.0094E-02	2.2014E-01
1.3530000E+01	-1.0188E-02	1.9881E-01
1.3540000E+01	-1.0004E-02	1.8117E-01
1.3550000E+01	-9.2945E-03	1.6749E-01
1.3560000E+01	-8.5439E-03	1.5883E-01
1.3570000E+01	-7.4113E-03	1.5485E-01
1.3580000E+01	-6.1818E-03	1.5619E-01
1.3590000E+01	-4.8203E-03	1.6251E-01
1.3600000E+01	-3.2505E-03	1.7352E-01
1.3610000E+01	-1.5176E-03	1.8884E-01
1.3620000E+01	1.0307E-04	2.0815E-01
1.3630000E+01	1.8819E-03	2.3048E-01
1.3640000E+01	3.4904E-03	2.5545E-01
1.3650000E+01	5.0815E-03	2.8178E-01
1.3660000E+01	6.2943E-03	3.0879E-01
1.3670000E+01	7.3619E-03	3.3541E-01
1.3680000E+01	7.9862E-03	3.6075E-01
1.3690000E+01	8.3992E-03	3.8406E-01
1.3700000E+01	8.7466E-03	4.0469E-01
1.3710000E+01	8.7186E-03	4.2139E-01
1.3720000E+01	8.4115E-03	4.3404E-01
1.3730000E+01	7.6477E-03	4.4171E-01
1.3740000E+01	6.4363E-03	4.4466E-01
1.3750000E+01	5.0421E-03	4.4266E-01
1.3760000E+01	3.3852E-03	4.3539E-01
1.3770000E+01	1.5680E-03	4.2339E-01
1.3780000E+01	-1.6323E-04	4.0706E-01
1.3790000E+01	-1.9198E-03	3.8707E-01
1.3800000E+01	-3.6242E-03	3.6342E-01
1.3810000E+01	-5.0263E-03	3.3775E-01
1.3820000E+01	-6.5285E-03	3.1010E-01
1.3830000E+01	-7.8535E-03	2.8211E-01
1.3840000E+01	-8.7945E-03	2.5411E-01
1.3850000E+01	-9.4854E-03	2.2746E-01
1.3860000E+01	-1.0135E-02	2.0282E-01
1.3870000E+01	-1.0241E-02	1.8115E-01
1.3880000E+01	-9.9862E-03	1.6284E-01
1.3890000E+01	-9.4175E-03	1.4885E-01
1.3900000E+01	-8.6331E-03	1.3953E-01
1.3910000E+01	-7.5451E-03	1.3519E-01
1.3920000E+01	-6.3076E-03	1.3585E-01
1.3930000E+01	-4.9934E-03	1.4150E-01
1.3940000E+01	-3.3655E-03	1.5186E-01
1.3950000E+01	-1.8613E-03	1.6685E-01
1.3960000E+01	-4.2021E-05	1.8582E-01
1.3970000E+01	1.5141E-03	2.0783E-01
1.3980000E+01	3.1931E-03	2.3247E-01
1.3990000E+01	4.8317E-03	2.5879E-01
1.4000000E+01	5.9881E-03	2.8574E-01
1.4010000E+01	7.1178E-03	3.1246E-01
1.4020000E+01	7.8770E-03	3.3810E-01
1.4030000E+01	8.3353E-03	3.6171E-01
1.4040000E+01	8.6042E-03	3.8240E-01
1.4050000E+01	8.5374E-03	3.9972E-01
1.4060000E+01	8.1147E-03	4.1271E-01
1.4070000E+01	7.4235E-03	4.2102E-01
1.4080000E+01	6.4116E-03	4.2471E-01
1.4090000E+01	5.0404E-03	4.2301E-01
1.4100000E+01	3.3616E-03	4.1636E-01
1.4110000E+01	1.7439E-03	4.0507E-01
1.4120000E+01	5.1858E-05	3.8937E-01
1.4130000E+01	-1.6609E-03	3.6943E-01
1.4140000E+01	-3.3261E-03	3.4638E-01
1.4150000E+01	-4.9392E-03	3.2076E-01
1.4160000E+01	-6.4100E-03	2.9343E-01
1.4170000E+01	-7.6665E-03	2.6545E-01
1.4180000E+01	-8.7478E-03	2.3747E-01
1.4190000E+01	-9.4780E-03	2.1048E-01
1.4200000E+01	-9.9468E-03	1.8550E-01
1.4210000E+01	-9.9063E-03	1.6351E-01
1.4220000E+01	-9.7773E-03	1.4485E-01
1.4230000E+01	-9.3044E-03	1.3018E-01
1.4240000E+01	-8.5422E-03	1.2053E-01
1.4250000E+01	-7.6253E-03	1.1550E-01
1.4260000E+01	-6.3916E-03	1.1549E-01
1.4270000E+01	-5.0819E-03	1.2050E-01
1.4280000E+01	-3.6561E-03	1.3051E-01
1.4290000E+01	-2.0594E-03	1.4488E-01
1.4300000E+01	-3.8515E-04	1.6351E-01
1.4310000E+01	1.1170E-03	1.8518E-01
1.4320000E+01	2.8608E-03	2.0946E-01
1.4330000E+01	4.4498E-03	2.3548E-01
1.4340000E+01	5.7676E-03	2.6247E-01
1.4350000E+01	6.9561E-03	2.8946E-01
1.4360000E+01	7.7685E-03	3.1510E-01
1.4370000E+01	8.2169E-03	3.3910E-01
1.4380000E+01	8.3887E-03	3.6007E-01
1.4390000E+01	8.3885E-03	3.7773E-01
1.4400000E+01	7.9982E-03	3.9142E-01
1.4410000E+01	7.2516E-03	4.0039E-01
1.4420000E+01	6.3341E-03	4.0437E-01
1.4430000E+01	5.0909E-03	4.0369E-01
1.4440000E+01	3.6144E-03	3.9772E-01
1.4450000E+01	1.9427E-03	3.8671E-01
1.4460000E+01	2.0843E-04	3.7139E-01
1.4470000E+01	-1.5105E-03	3.5207E-01
1.4480000E+01	-3.1619E-03	3.2908E-01
1.4490000E+01	-4.7319E-03	3.0377E-01
1.4500000E+01	-6.3232E-03	2.7675E-01
1.4510000E+01	-7.5844E-03	2.4847E-01
1.4520000E+01	-8.5938E-03	2.2045E-01
1.4530000E+01	-9.4570E-03	1.9349E-01
1.4540000E+01	-9.8079E-03	1.6850E-01
1.4550000E+01	-9.7830E-03	1.4583E-01
1.4560000E+01	-9.6252E-03	1.2685E-01
1.4570000E+01	-9.2467E-03	1.1185E-01
1.4580000E+01	-8.5771E-03	1.0119E-01
1.4590000E+01	-7.4791E-03	9.5862E-02
1.4600000E+01	-6.4787E-03	9.5219E-02
1.4610000E+01	-5.1678E-03	9.9860E-02
1.4620000E+01	-3.6780E-03	1.0919E-01
1.4630000E+01	-2.1903E-03	1.2320E-01
1.4640000E+01	-6.2888E-04	1.4117E-01
1.4650000E+01	9.9254E-04	1.6254E-01
1.4660000E+01	2.5842E-03	1.8650E-01
1.4670000E+01	4.0513E-03	2.1246E-01
1.4680000E+01	5.4050E-03	2.3945E-01
1.4690000E+01	6.7461E-03	2.6611E-01
1.4700000E+01	7.5470E-03	2.9213E-01
1.4710000E+01	8.1076E-03	3.1641E-01
1.4720000E+01	8.3729E-03	3.3776E-01
1.4730000E+01	8.3909E-03	3.5606E-01
1.4740000E+01	7.9240E-03	3.7006E-01
1.4750000E+01	7.3123E-03	3.7975E-01
1.4760000E+01	6.3375E-03	3.8438E-01
1.4770000E+01	5.1236E-03	3.8408E-01
1.4780000E+01	3.6346E-03	3.7842E-01
1.4790000E+01	2.0521E-03	3.6808E-01
1.4800000E+01	3.6632E-04	3.5341E-01
1.4810000E+01	-1.2927E-03	3.3444E-01
1.4820000E+01	-3.0320E-03	3.1212E-01
1.4830000E+01	-4.5957E-03	2.8678E-01
1.4840000E+01	-6.1003E-03	2.5983E-01
1.4850000E+01	-7.4998E-03	2.3180E-01
1.4860000E+01	-8.5312E-03	2.0382E-01
1.4870000E+01	-9.1904E-03	1.7648E-01
1.4880000E+01	-9.5744E-03	1.5117E-01
1.4890000E+01	-9.6260E-03	1.2819E-01
1.4900000E+01	-9.5355E-03	1.0888E-01
1.4910000E+01	-9.1475E-03	9.3199E-02
1.4920000E+01	-8.3821E-03	8.2194E-02
1.4930000E+01	-7.5814E-03	7.6197E-02
1.4940000E+01	-6.4389E-03	7.4863E-02
1.4950000E+01	-5.2619E-03	7.8875E-02
1.4960000E+01	-3.7885E-03	8.7873E-02
1.4970000E+01	-2.3920E-03	1.0121E-01
1.4980000E+01	-8.6824E-04	1.1888E-01
1.4990000E+01	7.0714E-04	1.3983E-01
1.5000000E+01	2.3076E-03	1.6352E-01
1.5010000E+01	3.8033E-03	1.8949E-01
1.5020000E+01	5.1830E-03	2.1615E-01
1.5030000E+01	6.4080E-03	2.4310E-01
1.5040000E+01	7.3355E-03	2.6913E-01
1.5050000E+01	7.8663E-03	2.9377E-01
1.5060000E+01	8.2264E-03	3.1541E-01
1.5070000E+01	8.3081E-03	3.3410E-01
1.5080000E+01	7.9550E-03	3.4878E-01
1.5090000E+01	7.3053E-03	3.5875E-01
1.5100000E+01	6.3752E-03	3.6411E-01
1.5110000E+01	5.1668E-03	3.6439E-01
1.5120000E+01	3.7804E-03	3.5942E-01
1.5130000E+01	2.2531E-03	3.4975E-01
1.5140000E+01	4.1035E-04	3.3543E-01
1.5150000E+01	-1.1750E-03	3.1680E-01
1.5160000E+01	-2.8560E-03	2.9476E-01
1.5170000E+01	-4.4358E-03	2.7013E-01
1.5180000E+01	-5.9843E-03	2.4313E-01
1.5190000E+01	-7.3105E-03	2.1513E-01
1.5200000E+01	-8.3099E-03	1.8717E-01
1.5210000E+01	-8.9703E-03	1.5984E-01
1.5220000E+01	-9.3356E-03	1.3418E-01
1.5230000E+01	-9.5326E-03	1.1085E-01
1.5240000E+01	-9.4321E-03	9.0846E-02
1.5250000E+01	-9.0383E-03	7.4853E-02
1.5260000E+01	-8.5165E-03	6.3196E-02
1.5270000E+01	-7.6686E-03	5.6552E-02
1.5280000E+01	-6.6010E-03	5.4876E-02
1.5290000E+01	-5.3906E-03	5.8191E-02
1.5300000E+01	-4.0308E-03	6.6560E-02
1.5310000E+01	-2.5184E-03	7.9560E-02
1.5320000E+01	-1.1094E-03	9.6532E-02
1.5330000E+01	4.6512E-04	1.1717E-01
1.5340000E+01	1.9883E-03	1.4083E-01
1.5350000E+01	3.4094E-03	1.6648E-01
1.5360000E+01	4.7633E-03	1.9317E-01
1.5370000E+01	6.0936E-03	2.2013E-01
1.5380000E+01	7.0715E-03	2.4613E-01
1.5390000E+01	7.7406E-03	2.7076E-01
1.5400000E+01	8.0380E-03	2.9306E-01
1.5410000E+01	8.1169E-03	3.1213E-01
1.5420000E+01	7.8127E-03	3.2711E-01
1.5430000E+01	7.2808E-03	3.3774E-01
1.5440000E+01	6.4435E-03	3.4374E-01
1.5450000E+01	5.2549E-03	3.4442E-01
1.5460000E+01	3.8860E-03	3.4042E-01
1.5470000E+01	2.3000E-03	3.3110E-01
1.5480000E+01	5.8676E-04	3.1707E-01
1.5490000E+01	-9.9342E-04	2.9911E-01
1.5500000E+01	-2.6128E-03	2.7747E-01
1.5510000E+01	-4.3467E-03	2.5309E-01
1.5520000E+01	-5.9233E-03	2.2647E-01
1.5530000E+01	-7.1442E-03	1.9847E-01
1.5540000E+01	-8.0754E-03	1.7049E-01
1.5550000E+01	-8.7437E-03	1.4284E-01
1.5560000E+01	-9.1907E-03	1.1687E-01
1.5570000E+01	-9.2918E-03	9.3538E-02
1.5580000E+01	-9.3113E-03	7.3225E-02
1.5590000E+01	-9.0410E-03	5.6583E-02
1.5600000E+01	-8.5261E-03	4.4542E-02
1.5610000E+01	-7.6892E-03	3.7225E-02
1.5620000E+01	-6.7226E-03	3.4897E-02
1.5630000E+01	-5.5175E-03	3.7557E-02
1.5640000E+01	-4.1432E-03	4.5226E-02
1.5650000E+01	-2.6117E-03	5.7893E-02
1.5660000E+01	-1.1765E-03	7.4559E-02
1.5670000E+01	3.4760E-04	9.4564E-02
1.5680000E+01	1.7278E-03	1.1783E-01
1.5690000E+01	3.1465E-03	1.4319E-01
1.5700000E+01	4.4808E-03	1.6984E-01
1.5710000E+01	5.7094E-03	1.9682E-01
1.5720000E+01	6.7907E-03	2.2313E-01
1.5730000E+01	7.6049E-03	2.4815E-01
1.5740000E+01	7.9577E-03	2.7080E-01
1.5750000E+01	8.0306E-03	2.9010E-01
1.5760000E+01	7.7018E-03	3.0576E-01
1.5770000E+01	7.2324E-03	3.1677E-01
1.5780000E+01	6.4013E-03	3.2309E-01
1.5790000E+01	5.3167E-03	3.2477E-01
1.5800000E+01	3.9627E-03	3.2110E-01
1.5810000E+01	2.3893E-03	3.1244E-01
1.5820000E+01	8.0595E-04	2.9912E-01
1.5830000E+01	-9.0697E-04	2.8146E-01
1.5840000E+01	-2.6470E-03	2.6012E-01
1.5850000E+01	-4.3323E-03	2.3614E-01
1.5860000E+01	-5.6857E-03	2.0948E-01
1.5870000E+01	-6.8667E-03	1.8182E-01
1.5880000E+01	-7.8308E-03	1.5349E-01
1.5890000E+01	-8.4850E-03	1.2622E-01
1.5900000E+01	-9.0198E-03	9.9868E-02
1.5910000E+01	-9.2103E-03	7.5852E-02
1.5920000E+01	-9.3345E-03	5.5222E-02
1.5930000E+01	-8.9628E-03	3.8230E-02
1.5940000E+01	-8.5373E-03	2.5572E-02
1.5950000E+01	-7.7293E-03	1.7918E-02
1.5960000E+01	-6.7451E-03	1.4924E-02
1.5970000E+01	-5.6909E-03	1.6936E-02
1.5980000E+01	-4.2942E-03	2.4225E-02
1.5990000E+01	-2.8083E-03	3.6228E-02
1.6000000E+01	-1.3297E-03	5.2214E-02
1.6010000E+01	2.0334E-04	7.2207E-02
1.6020000E+01	1.6054E-03	9.5238E-02
1.6030000E+01	2.8532E-03	1.2018E-01
1.6040000E+01	4.1974E-03	1.4684E-01
1.6050000E+01	5.3925E-03	1.7383E-01
1.6060000E+01	6.4496E-03	2.0011E-01
1.6070000E+01	7.2621E-03	2.2549E-01
1.6080000E+01	7.7915E-03	2.4813E-01
1.6090000E+01	7.9951E-03	2.6812E-01
1.6100000E+01	7.7226E-03	2.8410E-01
1.6110000E+01	7.2287E-03	2.9577E-01
1.6120000E+01	6.3573E-03	3.0277E-01
1.6130000E+01	5.3225E-03	3.0476E-01
1.6140000E+01	3.9341E-03	3.0178E-01
1.6150000E+01	2.5200E-03	2.9376E-01
1.6160000E+01	8.3181E-04	2.8076E-01
1.6170000E+01	-7.8696E-04	2.6379E-01
1.6180000E+01	-2.5384E-03	2.4281E-01
1.6190000E+01	-4.0709E-03	2.1915E-01
1.6200000E+01	-5.4116E-03	1.9283E-01
1.6210000E+01	-6.5856E-03	1.6515E-01
1.6220000E+01	-7.5532E-03	1.3683E-01
1.6230000E+01	-8.1520E-03	1.0919E-01
1.6240000E+01	-8.7022E-03	8.2873E-02
1.6250000E+01	-9.0250E-03	5.8538E-02
1.6260000E+01	-9.0849E-03	3.7535E-02
1.6270000E+01	-8.9958E-03	1.9904E-02
1.6280000E+01	-8.4920E-03	6.8901E-03
1.6290000E+01	-7.8203E-03	-1.4020E-03
1.6300000E+01	-6.9152E-03	-5.1145E-03
1.6310000E+01	-5.7053E-03	-3.4149E-03
1.6320000E+01	-4.3516E-03	3.2367E-03
1.6330000E+01	-2.9148E-03	1.4560E-02
1.6340000E+01	-1.3952E-03	3.0236E-02
1.6350000E+01	1.5049E-05	4.9560E-02
1.6360000E+01	1.4538E-03	7.2218E-02
1.6370000E+01	2.8085E-03	9.7219E-02
1.6380000E+01	4.0275E-03	1.2351E-01
1.6390000E+01	5.1372E-03	1.5050E-01
1.6400000E+01	6.1314E-03	1.7714E-01
1.6410000E+01	6.9553E-03	2.0248E-01
1.6420000E+01	7.5764E-03	2.2581E-01
1.6430000E+01	7.8012E-03	2.4577E-01
1.6440000E+01	7.6374E-03	2.6242E-01
1.6450000E+01	7.1826E-03	2.7478E-01
1.6460000E+01	6.3176E-03	2.8214E-01
1.6470000E+01	5.3139E-03	2.8477E-01
1.6480000E+01	4.0864E-03	2.8242E-01
1.6490000E+01	2.5815E-03	2.7478E-01
1.6500000E+01	9.4437E-04	2.6279E-01
1.6510000E+01	-6.8381E-04	2.4615E-01
1.6520000E+01	-2.3429E-03	2.2549E-01
1.6530000E+01	-3.8349E-03	2.0182E-01
1.6540000E+01	-5.2196E-03	1.7581E-01
1.6550000E+01	-6.2410E-03	1.4853E-01
1.6560000E+01	-7.3104E-03	1.2019E-01
1.6570000E+01	-7.9202E-03	9.2518E-02
1.6580000E+01	-8.5588E-03	6.5890E-02
1.6590000E+01	-8.9613E-03	4.1229E-02
1.6600000E+01	-9.0631E-03	1.9906E-02
1.6610000E+01	-8.9785E-03	1.8798E-03
1.6620000E+01	-8.5544E-03	-1.1722E-02
1.6630000E+01	-7.8876E-03	-2.0722E-02
1.6640000E+01	-7.0244E-03	-2.4726E-02
1.6650000E+01	-5.8209E-03	-2.3735E-02
1.6660000E+01	-4.5709E-03	-1.7734E-02
1.6670000E+01	-3.0422E-03	-7.0411E-03
1.6680000E+01	-1.5845E-03	8.2823E-03
1.6690000E+01	-1.0628E-04	2.7245E-02
1.6700000E+01	1.3072E-03	4.9545E-02
1.6710000E+01	2.6904E-03	7.4200E-02
1.6720000E+01	3.8919E-03	1.0057E-01
1.6730000E+01	4.9608E-03	1.2753E-01
1.6740000E+01	5.8887E-03	1.5417E-01
1.6750000E+01	6.6726E-03	1.7985E-01
1.6760000E+01	7.2384E-03	2.0317E-01
1.6770000E+01	7.5679E-03	2.2379E-01
1.6780000E+01	7.5665E-03	2.4080E-01
1.6790000E+01	7.1391E-03	2.5346E-01
1.6800000E+01	6.3280E-03	2.6146E-01
1.6810000E+01	5.3195E-03	2.6478E-01
1.6820000E+01	4.0826E-03	2.6281E-01
1.6830000E+01	2.6613E-03	2.5612E-01
1.6840000E+01	1.0010E-03	2.4413E-01
1.6850000E+01	-5.5779E-04	2.2815E-01
1.6860000E+01	-2.2025E-03	2.0816E-01
1.6870000E+01	-3.5551E-03	1.8481E-01
1.6880000E+01	-4.9365E-03	1.5915E-01
1.6890000E+01	-5.9818E-03	1.3153E-01
1.6900000E+01	-6.9799E-03	1.0351E-01
1.6910000E+01	-7.7424E-03	7.5526E-02
1.6920000E+01	-8.4592E-03	4.8870E-02
1.6930000E+01	-8.7910E-03	2.3928E-02
1.6940000E+01	-9.0911E-03	2.2643E-03
1.6950000E+01	-8.9712E-03	-1.6055E-02
1.6960000E+01	-8.7097E-03	-3.0393E-02
1.6970000E+01	-8.0631E-03	-4.0051E-02
1.6980000E+01	-7.2158E-03	-4.4722E-02
1.6990000E+01	-5.9786E-03	-4.4404E-02
1.7000000E+01	-4.7148E-03	-3.8691E-02
1.7010000E+01	-3.1796E-03	-2.8379E-02
1.7020000E+01	-1.8322E-03	-1.3710E-02
1.7030000E+01	-2.1201E-04	4.9216E-03
1.7040000E+01	1.1850E-03	2.6901E-02
1.7050000E+01	2.5872E-03	5.1201E-02
1.7060000E+01	3.7622E-03	7.7540E-02
1.7070000E+01	4.8838E-03	1.0454E-01
1.7080000E+01	5.7377E-03	1.3119E-01
1.7090000E+01	6.4684E-03	1.5684E-01
1.7100000E+01	7.0208E-03	1.8045E-01
1.7110000E+01	7.3300E-03	2.0146E-01
1.7120000E+01	7.3452E-03	2.1882E-01
1.7130000E+01	7.0820E-03	2.3213E-01
1.7140000E+01	6.3610E-03	2.4079E-01
1.7150000E+01	5.4473E-03	2.4482E-01
1.7160000E+01	4.0922E-03	2.4347E-01
1.7170000E+01	2.7233E-03	2.3716E-01
1.7180000E+01	1.0716E-03	2.2580E-01
1.7190000E+01	-4.5498E-04	2.1013E-01
1.7200000E+01	-1.9690E-03	1.9048E-01
1.7210000E+01	-3.3153E-03	1.6784E-01
1.7220000E+01	-4.6996E-03	1.4216E-01
1.7230000E+01	-5.7633E-03	1.1483E-01
1.7240000E+01	-6.7242E-03	8.6884E-02
1.7250000E+01	-7.5873E-03	5.8888E-02
1.7260000E+01	-8.3490E-03	3.1910E-02
1.7270000E+01	-8.7810E-03	6.9375E-03
1.7280000E+01	-9.1975E-03	-1.5388E-02
1.7290000E+01	-9.0344E-03	-3.4395E-02
1.7300000E+01	-8.7848E-03	-4.9061E-02
1.7310000E+01	-8.1590E-03	-5.9051E-02
1.7320000E+01	-7.3895E-03	-6.4426E-02
1.7330000E+01	-6.1311E-03	-6.4370E-02
1.7340000E+01	-4.9585E-03	-5.9700E-02
1.7350000E+01	-3.4337E-03	-5.0080E-02
1.7360000E+01	-1.9606E-03	-3.5756E-02
1.7370000E+01	-3.8682E-04	-1.7404E-02
1.7380000E+01	1.0578E-03	4.2325E-03
1.7390000E+01	2.3875E-03	2.8225E-02
1.7400000E+01	3.6806E-03	5.4236E-02
1.7410000E+01	4.7897E-03	8.1206E-02
1.7420000E+01	5.6629E-03	1.0822E-01
1.7430000E+01	6.3637E-03	1.3385E-01
1.7440000E+01	6.6934E-03	1.5785E-01
1.7450000E+01	7.1621E-03	1.7918E-01
1.7460000E+01	7.1581E-03	1.9718E-01
1.7470000E+01	6.9441E-03	2.1083E-01
1.7480000E+01	6.1170E-03	2.2015E-01
1.7490000E+01	5.4202E-03	2.2445E-01
1.7500000E+01	4.1896E-03	2.2383E-01
1.7510000E+01	2.8102E-03	2.1813E-01
1.7520000E+01	1.2006E-03	2.0746E-01
1.7530000E+01	-3.7461E-04	1.9218E-01
1.7540000E+01	-1.7274E-03	1.7317E-01
1.7550000E+01	-3.1175E-03	1.5050E-01
1.7560000E+01	-4.3602E-03	1.2519E-01
1.7570000E+01	-5.6141E-03	9.8182E-02
1.7580000E+01	-6.5920E-03	7.0237E-02
1.7590000E+01	-7.4831E-03	4.2215E-02
1.7600000E+01	-8.3287E-03	1.4921E-02
1.7610000E+01	-8.8213E-03	-1.0379E-02
1.7620000E+01	-9.0730E-03	-3.3053E-02
1.7630000E+01	-9.1349E-03	-5.2367E-02
1.7640000E+01	-8.8817E-03	-6.7396E-02
1.7650000E+01	-8.2516E-03	-7.8062E-02
1.7660000E+01	-7.5055E-03	-8.4013E-02
1.7670000E+01	-6.3401E-03	-8.4710E-02
1.7680000E+01	-5.0862E-03	-8.0377E-02
1.7690000E+01	-3.6457E-03	-7.1381E-02
1.7700000E+01	-2.1768E-03	-5.7721E-02
1.7710000E+01	-5.8723E-04	-3.9743E-02
1.7720000E+01	9.4904E-04	-1.8405E-02
1.7730000E+01	2.3457E-03	5.2286E-03
1.7740000E+01	3.6276E-03	3.1246E-02
1.7750000E+01	4.7075E-03	5.8189E-02
1.7760000E+01	5.6166E-03	8.4898E-02
1.7770000E+01	6.2193E-03	1.1088E-01
1.7780000E+01	6.7703E-03	1.3520E-01
1.7790000E+01	6.9979E-03	1.5683E-01
1.7800000E+01	7.0021E-03	1.7517E-01
1.7810000E+01	6.7519E-03	1.8948E-01
1.7820000E+01	6.1381E-03	1.9945E-01
1.7830000E+01	5.2929E-03	2.0414E-01
1.7840000E+01	4.1352E-03	2.0413E-01
1.7850000E+01	2.9083E-03	1.9917E-01
1.7860000E+01	1.3789E-03	1.8885E-01
1.7870000E+01	-6.2349E-05	1.7419E-01
1.7880000E+01	-1.4418E-03	1.5551E-01
1.7890000E+01	-2.8579E-03	1.3319E-01
1.7900000E+01	-4.1019E-03	1.0820E-01
1.7910000E+01	-5.2645E-03	8.1545E-02
1.7920000E+01	-6.3959E-03	5.3567E-02
1.7930000E+01	-7.3899E-03	2.5246E-02
1.7940000E+01	-8.1751E-03	-2.1008E-03
1.7950000E+01	-8.7485E-03	-2.7375E-02
1.7960000E+01	-9.1145E-03	-5.0360E-02
1.7970000E+01	-9.2247E-03	-7.0043E-02
1.7980000E+01	-9.0488E-03	-8.6019E-02
1.7990000E+01	-8.4604E-03	-9.7012E-02
1.8000000E+01	-7.7037E-03	-1.0371E-01
1.8010000E+01	-6.5657E-03	-1.0501E-01
1.8020000E+01	-5.3839E-03	-1.0136E-01
1.8030000E+01	-3.8608E-03	-9.2692E-02
1.8040000E+01	-2.3474E-03	-7.9370E-02
1.8050000E+01	-8.1293E-04	-6.2027E-02
1.8060000E+01	8.0425E-04	-4.1065E-02
1.8070000E+01	2.2019E-03	-1.7394E-02
1.8080000E+01	3.5402E-03	8.2380E-03
1.8090000E+01	4.6917E-03	3.4880E-02
1.8100000E+01	5.6012E-03	6.1871E-02
1.8110000E+01	6.3065E-03	8.8193E-02
1.8120000E+01	6.7375E-03	1.1254E-01
1.8130000E+01	6.9505E-03	1.3452E-01
1.8140000E+01	6.9288E-03	1.5319E-01
1.8150000E+01	6.7211E-03	1.6820E-01
1.8160000E+01	6.1404E-03	1.7849E-01
1.8170000E+01	5.3669E-03	1.8385E-01
1.8180000E+01	4.3182E-03	1.8454E-01
1.8190000E+01	2.9819E-03	1.7983E-01
1.8200000E+01	1.6277E-03	1.7049E-01
1.8210000E+01	1.8044E-04	1.5617E-01
1.8220000E+01	-1.3152E-03	1.3784E-01
1.8230000E+01	-2.5964E-03	1.1616E-01
1.8240000E+01	-4.0093E-03	9.1180E-02
1.8250000E+01	-5.1091E-03	6.4546E-02
1.8260000E+01	-6.2873E-03	3.6565E-02
1.8270000E+01	-7.2393E-03	8.5885E-03
1.8280000E+01	-8.1238E-03	-1.8720E-02
1.8290000E+01	-8.7984E-03	-4.4705E-02
1.8300000E+01	-9.2020E-03	-6.8010E-02
1.8310000E+01	-9.3075E-03	-8.8035E-02
1.8320000E+01	-9.1710E-03	-1.0430E-01
1.8330000E+01	-8.6940E-03	-1.1600E-01
1.8340000E+01	-7.8862E-03	-1.2300E-01
1.8350000E+01	-6.8118E-03	-1.2502E-01
1.8360000E+01	-5.5858E-03	-1.2199E-01
1.8370000E+01	-4.1220E-03	-1.1404E-01
1.8380000E+01	-2.5331E-03	-1.0103E-01
1.8390000E+01	-1.0417E-03	-8.4393E-02
1.8400000E+01	5.9795E-04	-6.3723E-02
1.8410000E+01	2.1120E-03	-4.0414E-02
1.8420000E+01	3.3997E-03	-1.4747E-02
1.8430000E+01	4.5850E-03	1.1868E-02
1.8440000E+01	5.5806E-03	3.8908E-02
1.8450000E+01	6.3325E-03	6.5197E-02
1.8460000E+01	6.7781E-03	8.9886E-02
1.8470000E+01	6.9546E-03	1.1218E-01
1.8480000E+01	6.9296E-03	1.3120E-01
1.8490000E+01	6.6712E-03	1.4648E-01
1.8500000E+01	6.1256E-03	1.5749E-01
1.8510000E+01	5.4030E-03	1.6350E-01
1.8520000E+01	4.2861E-03	1.6451E-01
1.8530000E+01	3.2105E-03	1.6082E-01
1.8540000E+01	1.8052E-03	1.5183E-01
1.8550000E+01	3.5009E-04	1.3817E-01
1.8560000E+01	-1.0130E-03	1.2019E-01
1.8570000E+01	-2.3755E-03	9.8877E-02
1.8580000E+01	-3.7238E-03	7.4567E-02
1.8590000E+01	-4.9143E-03	4.7896E-02
1.8600000E+01	-6.1557E-03	1.9917E-02
1.8610000E+01	-7.2378E-03	-8.1014E-03
1.8620000E+01	-8.1568E-03	-3.5740E-02
1.8630000E+01	-8.7783E-03	-6.1695E-02
1.8640000E+01	-9.2587E-03	-8.5381E-02
1.8650000E+01	-9.4180E-03	-1.0605E-01
1.8660000E+01	-9.3207E-03	-1.2266E-01
1.8670000E+01	-8.8908E-03	-1.3504E-01
1.8680000E+01	-8.1324E-03	-1.4233E-01
1.8690000E+01	-7.0935E-03	-1.4502E-01
1.8700000E+01	-5.7914E-03	-1.4267E-01
1.8710000E+01	-4.3141E-03	-1.3501E-01
1.8720000E+01	-2.8226E-03	-1.2302E-01
1.8730000E+01	-1.1514E-03	-1.0636E-01
1.8740000E+01	3.4166E-04	-8.6368E-02
1.8750000E+01	1.9285E-03	-6.3044E-02
1.8760000E+01	3.2718E-03	-3.8064E-02
1.8770000E+01	4.5230E-03	-1.1429E-02
1.8780000E+01	5.5345E-03	1.5573E-02
1.8790000E+01	6.3331E-03	4.2213E-02
1.8800000E+01	6.7345E-03	6.7173E-02
1.8810000E+01	7.1045E-03	8.9872E-02
1.8820000E+01	6.9117E-03	1.0919E-01
1.8830000E+01	6.6815E-03	1.2518E-01
1.8840000E+01	6.2339E-03	1.3651E-01
1.8850000E+01	5.5243E-03	1.4317E-01
1.8860000E+01	4.4359E-03	1.4485E-01
1.8870000E+01	3.2772E-03	1.4151E-01
1.8880000E+01	1.9823E-03	1.3318E-01
1.8890000E+01	5.3514E-04	1.1984E-01
1.8900000E+01	-8.0969E-04	1.0255E-01
1.8910000E+01	-2.1662E-03	8.1564E-02
1.8920000E+01	-3.6192E-03	5.7203E-02
1.8930000E+01	-4.8390E-03	3.0875E-02
1.8940000E+01	-6.0467E-03	3.2825E-03
1.8950000E+01	-7.1977E-03	-2.4705E-02
1.8960000E+01	-8.0980E-03	-5.2374E-02
1.8970000E+01	-8.8050E-03	-7.8668E-02
1.8980000E+01	-9.2814E-03	-1.0268E-01
1.8990000E+01	-9.4348E-03	-1.2366E-01
1.9000000E+01	-9.4859E-03	-1.4100E-01
1.9010000E+01	-9.1336E-03	-1.5363E-01
1.9020000E+01	-8.4874E-03	-1.6201E-01
1.9030000E+01	-7.4166E-03	-1.6500E-01
1.9040000E+01	-6.0474E-03	-1.6300E-01
1.9050000E+01	-4.5718E-03	-1.5597E-01
1.9060000E+01	-3.0379E-03	-1.4437E-01
1.9070000E+01	-1.4628E-03	-1.2869E-01
1.9080000E+01	2.0883E-04	-1.0872E-01
1.9090000E+01	1.6653E-03	-8.6072E-02
1.9100000E+01	3.0496E-03	-6.1067E-02
1.9110000E+01	4.4109E-03	-3.4415E-02
1.9120000E+01	5.5206E-03	-7.4403E-03
1.9130000E+01	6.2466E-03	1.8881E-02
1.9140000E+01	6.7959E-03	4.4208E-02
1.9150000E+01	7.1673E-03	6.7212E-02
1.9160000E+01	7.1013E-03	8.7188E-02
1.9170000E+01	6.8253E-03	1.0353E-01
1.9180000E+01	6.3290E-03	1.1550E-01
1.9190000E+01	5.5352E-03	1.2251E-01
1.9200000E+01	4.5872E-03	1.2484E-01
1.9210000E+01	3.4757E-03	1.2219E-01
1.9220000E+01	2.1104E-03	1.1419E-01
1.9230000E+01	8.1764E-04	1.0189E-01
1.9240000E+01	-6.6697E-04	8.4879E-02
1.9250000E+01	-2.0331E-03	6.4235E-02
1.9260000E+01	-3.4091E-03	4.0244E-02
1.9270000E+01	-4.7192E-03	1.4279E-02
1.9280000E+01	-6.0769E-03	-1.3400E-02
1.9290000E+01	-7.1872E-03	-4.1712E-02
1.9300000E+01	-8.0474E-03	-6.9353E-02
1.9310000E+01	-8.8586E-03	-9.5669E-02
1.9320000E+01	-9.3558E-03	-1.2000E-01
1.9330000E+01	-9.6223E-03	-1.4132E-01
1.9340000E+01	-9.6529E-03	-1.5896E-01
1.9350000E+01	-9.3690E-03	-1.7231E-01
1.9360000E+01	-8.6380E-03	-1.8094E-01
1.9370000E+01	-7.6274E-03	-1.8498E-01
1.9380000E+01	-6.3814E-03	-1.8363E-01
1.9390000E+01	-4.9766E-03	-1.7734E-01
1.9400000E+01	-3.2618E-03	-1.6598E-01
1.9410000E+01	-1.6952E-03	-1.5070E-01
1.9420000E+01	-3.6695E-05	-1.3136E-01
1.9430000E+01	1.5146E-03	-1.0871E-01
1.9440000E+01	2.9730E-03	-8.4054E-02
1.9450000E+01	4.2598E-03	-5.7744E-02
1.9460000E+01	5.3906E-03	-3.0783E-02
1.9470000E+01	6.2373E-03	-4.1215E-03
1.9480000E+01	6.8883E-03	2.1535E-02
1.9490000E+01	7.1419E-03	4.4524E-02
1.9500000E+01	7.2399E-03	6.5186E-02
1.9510000E+01	7.0068E-03	8.1863E-02
1.9520000E+01	6.4880E-03	9.4201E-02
1.9530000E+01	5.6973E-03	1.0220E-01
1.9540000E+01	4.7071E-03	1.0484E-01
1.9550000E+01	3.5623E-03	1.0251E-01
1.9560000E+01	2.3200E-03	9.5519E-02
1.9570000E+01	9.5179E-04	8.3537E-02
1.9580000E+01	-4.6119E-04	6.6879E-02
1.9590000E+01	-1.8464E-03	4.6895E-02
1.9600000E+01	-3.2466E-03	2.3256E-02
1.9610000E+01	-4.6299E-03	-2.7025E-03
1.9620000E+01	-5.9397E-03	-3.0067E-02
1.9630000E+01	-7.1760E-03	-5.8371E-02
1.9640000E+01	-8.0460E-03	-8.6038E-02
1.9650000E+01	-8.8179E-03	-1.1265E-01
1.9660000E+01	-9.4545E-03	-1.3734E-01
1.9670000E+01	-9.7392E-03	-1.5898E-01
1.9680000E+01	-9.8134E-03	-1.7734E-01
1.9690000E+01	-9.4704E-03	-1.9098E-01
1.9700000E+01	-8.9170E-03	-2.0033E-01
1.9710000E+01	-7.8597E-03	-2.0466E-01
1.9720000E+01	-6.6314E-03	-2.0399E-01
1.9730000E+01	-5.1466E-03	-1.9833E-01
1.9740000E+01	-3.5515E-03	-1.8766E-01
1.9750000E+01	-1.8336E-03	-1.7265E-01
1.9760000E+01	-2.1379E-04	-1.5367E-01
1.9770000E+01	1.2860E-03	-1.3170E-01
1.9780000E+01	2.7865E-03	-1.0707E-01
1.9790000E+01	4.1320E-03	-8.0707E-02
1.9800000E+01	5.3061E-03	-5.3757E-02
1.9810000E+01	6.2092E-03	-2.7097E-02
1.9820000E+01	6.8502E-03	-1.4599E-03
1.9830000E+01	7.2581E-03	2.2198E-02
1.9840000E+01	7.3436E-03	4.2829E-02
1.9850000E+01	7.1169E-03	5.9860E-02
1.9860000E+01	6.6587E-03	7.2826E-02
1.9870000E+01	5.9812E-03	8.1537E-02
1.9880000E+01	4.9683E-03	8.4856E-02
1.9890000E+01	3.8591E-03	8.3185E-02
1.9900000E+01	2.5287E-03	7.6537E-02
1.9910000E+01	1.1764E-03	6.5228E-02
1.9920000E+01	-2.6661E-04	4.9199E-02
1.9930000E+01	-1.7142E-03	2.9223E-02
1.9940000E+01	-3.1347E-03	6.2421E-03
1.9950000E+01	-4.4818E-03	-1.9401E-02
1.9960000E+01	-5.7792E-03	-4.6705E-02
1.9970000E+01	-7.0331E-03	-7.5065E-02
1.9980000E+01	-8.0039E-03	-1.0300E-01
1.9990000E+01	-8.8249E-03	-1.2966E-01
2.0000000E+01	-9.4956E-03	-1.5463E-01
2.0010000E+01	-9.8503E-03	-1.7661E-01
2.0020000E+01	-9.9957E-03	-1.9530E-01
2.0030000E+01	-9.6324E-03	-2.0962E-01
2.0040000E+01	-9.0759E-03	-2.1962E-01
2.0050000E+01	-8.1956E-03	-2.2434E-01
2.0060000E+01	-6.9107E-03	-2.2430E-01
2.0070000E+01	-5.4036E-03	-2.1895E-01
2.0080000E+01	-3.7597E-03	-2.0902E-01
2.0090000E+01	-2.1525E-03	-1.9467E-01
2.0100000E+01	-4.2427E-04	-1.7600E-01
2.0110000E+01	1.1096E-03	-1.5436E-01
2.0120000E+01	2.6614E-03	-1.3003E-01
2.0130000E+01	4.0313E-03	-1.0373E-01
2.0140000E+01	5.1619E-03	-7.7054E-02
2.0150000E+01	6.1291E-03	-5.0081E-02
2.0160000E+01	6.8313E-03	-2.4453E-02
2.0170000E+01	7.2923E-03	-4.0901E-04
2.0180000E+01	7.4032E-03	2.0525E-02
2.0190000E+01	7.1795E-03	3.8206E-02
2.0200000E+01	6.7789E-03	5.1858E-02
2.0210000E+01	6.0765E-03	6.0546E-02
2.0220000E+01	5.1746E-03	6.4547E-02
2.0230000E+01	3.9643E-03	6.3534E-02
2.0240000E+01	2.7342E-03	5.7562E-02
2.0250000E+01	1.3610E-03	4.6568E-02
2.0260000E+01	-1.0012E-04	3.1254E-02
2.0270000E+01	-1.5477E-03	1.1924E-02
2.0280000E+01	-3.0902E-03	-1.1055E-02
2.0290000E+01	-4.4594E-03	-3.6407E-02
2.0300000E+01	-5.7120E-03	-6.3691E-02
2.0310000E+01	-6.9204E-03	-9.1709E-02
2.0320000E+01	-7.9626E-03	-1.1964E-01
2.0330000E+01	-8.8830E-03	-1.4663E-01
2.0340000E+01	-9.5382E-03	-1.7197E-01
2.0350000E+01	-1.0022E-02	-1.9431E-01
2.0360000E+01	-1.0163E-02	-2.1330E-01
2.0370000E+01	-9.9744E-03	-2.2828E-01
2.0380000E+01	-9.4256E-03	-2.3863E-01
2.0390000E+01	-8.4238E-03	-2.4397E-01
2.0400000E+01	-7.2576E-03	-2.4464E-01
2.0410000E+01	-5.7156E-03	-2.3995E-01
2.0420000E+01	-4.0272E-03	-2.3060E-01
2.0430000E+01	-2.3650E-03	-2.1630E-01
2.0440000E+01	-7.1304E-04	-1.9836E-01
2.0450000E+01	9.2569E-04	-1.7704E-01
2.0460000E+01	2.4295E-03	-1.5305E-01
2.0470000E+01	3.7840E-03	-1.2706E-01
2.0480000E+01	5.0401E-03	-1.0006E-01
