time /s	I /mA	E /V
1.0000000E-02	-6.9051E-03	-1.0004E-01
2.0000000E-02	-4.2038E-03	-8.5720E-02
3.0000000E-02	-2.4569E-03	-7.1363E-02
4.0000000E-02	-1.2514E-03	-5.7393E-02
5.0000000E-02	-2.7218E-04	-4.3737E-02
6.0000000E-02	4.7924E-04	-3.0435E-02
7.0000000E-02	9.8723E-04	-1.7727E-02
8.0000000E-02	1.4401E-03	-5.7310E-03
9.0000000E-02	1.7484E-03	5.2368E-03
1.0000000E-01	1.9680E-03	1.5901E-02
1.1000000E-01	2.1225E-03	2.5243E-02
1.2000000E-01	2.0782E-03	3.3570E-02
1.3000000E-01	2.1173E-03	4.0884E-02
1.4000000E-01	2.0541E-03	4.7228E-02
1.5000000E-01	1.9555E-03	5.2226E-02
1.6000000E-01	1.8064E-03	5.5885E-02
1.7000000E-01	1.6178E-03	5.8563E-02
1.8000000E-01	1.3693E-03	5.9893E-02
1.9000000E-01	1.0549E-03	5.9877E-02
2.0000000E-01	8.0591E-04	5.8568E-02
2.1000000E-01	4.7764E-04	5.6233E-02
2.2000000E-01	1.0705E-04	5.2578E-02
2.3000000E-01	-3.0801E-04	4.7573E-02
2.4000000E-01	-6.7562E-04	4.1554E-02
2.5000000E-01	-1.0620E-03	3.4234E-02
2.6000000E-01	-1.4546E-03	2.6248E-02
2.7000000E-01	-1.9061E-03	1.7223E-02
2.8000000E-01	-2.3142E-03	7.2212E-03
2.9000000E-01	-2.7061E-03	-3.4417E-03
3.0000000E-01	-3.1380E-03	-1.5084E-02
3.1000000E-01	-3.5167E-03	-2.7061E-02
3.2000000E-01	-3.9453E-03	-3.9413E-02
3.3000000E-01	-4.3042E-03	-5.2386E-02
3.4000000E-01	-4.6666E-03	-6.5414E-02
3.5000000E-01	-5.0673E-03	-7.8395E-02
3.6000000E-01	-5.3895E-03	-9.1729E-02
3.7000000E-01	-5.6401E-03	-1.0472E-01
3.8000000E-01	-5.9408E-03	-1.1769E-01
3.9000000E-01	-6.1786E-03	-1.3034E-01
4.0000000E-01	-6.3762E-03	-1.4234E-01
4.1000000E-01	-6.5433E-03	-1.5402E-01
4.2000000E-01	-6.6428E-03	-1.6468E-01
4.3000000E-01	-6.7638E-03	-1.7497E-01
4.4000000E-01	-6.7845E-03	-1.8432E-01
4.5000000E-01	-6.7410E-03	-1.9266E-01
4.6000000E-01	-6.6246E-03	-1.9998E-01
4.7000000E-01	-6.4474E-03	-2.0630E-01
4.8000000E-01	-6.2088E-03	-2.1129E-01
4.9000000E-01	-5.9259E-03	-2.1533E-01
5.0000000E-01	-5.5653E-03	-2.1831E-01
5.1000000E-01	-5.1294E-03	-2.1965E-01
5.2000000E-01	-4.6462E-03	-2.1999E-01
5.3000000E-01	-4.1859E-03	-2.1900E-01
5.4000000E-01	-3.6063E-03	-2.1666E-01
5.5000000E-01	-3.0934E-03	-2.1332E-01
5.6000000E-01	-2.5450E-03	-2.0867E-01
5.7000000E-01	-1.9741E-03	-2.0267E-01
5.8000000E-01	-1.4099E-03	-1.9563E-01
5.9000000E-01	-7.5992E-04	-1.8735E-01
6.0000000E-01	-1.4961E-04	-1.7800E-01
6.1000000E-01	4.2474E-04	-1.6803E-01
6.2000000E-01	9.6380E-04	-1.5703E-01
6.3000000E-01	1.5067E-03	-1.4508E-01
6.4000000E-01	2.0001E-03	-1.3271E-01
6.5000000E-01	2.5636E-03	-1.1937E-01
6.6000000E-01	2.9916E-03	-1.0608E-01
6.7000000E-01	3.4541E-03	-9.2052E-02
6.8000000E-01	3.8600E-03	-7.7724E-02
6.9000000E-01	4.2095E-03	-6.3414E-02
7.0000000E-01	4.5583E-03	-4.9080E-02
7.1000000E-01	4.8836E-03	-3.4760E-02
7.2000000E-01	5.0703E-03	-2.0727E-02
7.3000000E-01	5.2762E-03	-6.7520E-03
7.4000000E-01	5.4218E-03	6.5834E-03
7.5000000E-01	5.4886E-03	1.9245E-02
7.6000000E-01	5.5098E-03	3.1602E-02
7.7000000E-01	5.4559E-03	4.2854E-02
7.8000000E-01	5.3634E-03	5.3220E-02
7.9000000E-01	5.2379E-03	6.2897E-02
8.0000000E-01	5.1489E-03	7.1872E-02
8.1000000E-01	4.8969E-03	7.9197E-02
8.2000000E-01	4.6618E-03	8.5894E-02
8.3000000E-01	4.3809E-03	9.1221E-02
8.4000000E-01	4.0881E-03	9.5203E-02
8.5000000E-01	3.7442E-03	9.8201E-02
8.6000000E-01	3.3345E-03	9.9544E-02
8.7000000E-01	2.9546E-03	9.9854E-02
8.8000000E-01	2.5627E-03	9.8869E-02
8.9000000E-01	2.1157E-03	9.6868E-02
9.0000000E-01	1.6358E-03	9.3520E-02
9.1000000E-01	1.1660E-03	8.8867E-02
9.2000000E-01	6.9787E-04	8.2886E-02
9.3000000E-01	2.8332E-04	7.6212E-02
9.4000000E-01	-1.7879E-04	6.8223E-02
9.5000000E-01	-6.8548E-04	5.9208E-02
9.6000000E-01	-1.1304E-03	4.9568E-02
9.7000000E-01	-1.6084E-03	3.8906E-02
9.8000000E-01	-1.9375E-03	2.7571E-02
9.9000000E-01	-2.5006E-03	1.5907E-02
1.0000000E+00	-2.9146E-03	3.6106E-03
1.0100000E+00	-3.3348E-03	-9.4108E-03
1.0200000E+00	-3.6729E-03	-2.2399E-02
1.0300000E+00	-3.9867E-03	-3.5397E-02
1.0400000E+00	-4.3186E-03	-4.8745E-02
1.0500000E+00	-4.5571E-03	-6.1709E-02
1.0600000E+00	-4.8366E-03	-7.4707E-02
1.0700000E+00	-5.1006E-03	-8.7386E-02
1.0800000E+00	-5.2778E-03	-9.9690E-02
1.0900000E+00	-5.4015E-03	-1.1133E-01
1.1000000E+00	-5.5101E-03	-1.2236E-01
1.1100000E+00	-5.5720E-03	-1.3270E-01
1.1200000E+00	-5.6087E-03	-1.4236E-01
1.1300000E+00	-5.4683E-03	-1.5069E-01
1.1400000E+00	-5.3665E-03	-1.5834E-01
1.1500000E+00	-5.2604E-03	-1.6499E-01
1.1600000E+00	-5.0218E-03	-1.7032E-01
1.1700000E+00	-4.8138E-03	-1.7463E-01
1.1800000E+00	-4.4801E-03	-1.7765E-01
1.1900000E+00	-4.1661E-03	-1.7966E-01
1.2000000E+00	-3.7730E-03	-1.8000E-01
1.2100000E+00	-3.3186E-03	-1.7932E-01
1.2200000E+00	-2.8370E-03	-1.7731E-01
1.2300000E+00	-2.3495E-03	-1.7431E-01
1.2400000E+00	-1.8326E-03	-1.6964E-01
1.2500000E+00	-1.3423E-03	-1.6402E-01
1.2600000E+00	-8.3919E-04	-1.5734E-01
1.2700000E+00	-2.0597E-04	-1.4934E-01
1.2800000E+00	2.3846E-04	-1.4035E-01
1.2900000E+00	7.9577E-04	-1.3036E-01
1.3000000E+00	1.2682E-03	-1.1969E-01
1.3100000E+00	1.9166E-03	-1.0802E-01
1.3200000E+00	2.3413E-03	-9.5729E-02
1.3300000E+00	2.7211E-03	-8.2735E-02
1.3400000E+00	3.1629E-03	-6.9046E-02
1.3500000E+00	3.6994E-03	-5.5374E-02
1.3600000E+00	4.0878E-03	-4.1072E-02
1.3700000E+00	4.4262E-03	-2.6743E-02
1.3800000E+00	4.7195E-03	-1.2405E-02
1.3900000E+00	5.0526E-03	1.9078E-03
1.4000000E+00	5.1979E-03	1.5893E-02
1.4100000E+00	5.4006E-03	2.9909E-02
1.4200000E+00	5.5116E-03	4.3242E-02
1.4300000E+00	5.6186E-03	5.6199E-02
1.4400000E+00	5.6799E-03	6.8547E-02
1.4500000E+00	5.6465E-03	8.0190E-02
1.4600000E+00	5.6497E-03	9.0837E-02
1.4700000E+00	5.5481E-03	1.0089E-01
1.4800000E+00	5.4538E-03	1.0988E-01
1.4900000E+00	5.1728E-03	1.1752E-01
1.5000000E+00	5.0225E-03	1.2455E-01
1.5100000E+00	4.7267E-03	1.2985E-01
1.5200000E+00	4.4301E-03	1.3418E-01
1.5300000E+00	4.0981E-03	1.3752E-01
1.5400000E+00	3.8079E-03	1.3952E-01
1.5500000E+00	3.3215E-03	1.3984E-01
1.5600000E+00	2.9079E-03	1.3917E-01
1.5700000E+00	2.4585E-03	1.3749E-01
1.5800000E+00	2.0557E-03	1.3417E-01
1.5900000E+00	1.5289E-03	1.2985E-01
1.6000000E+00	1.0689E-03	1.2451E-01
1.6100000E+00	5.3844E-04	1.1786E-01
1.6200000E+00	1.2306E-04	1.1018E-01
1.6300000E+00	-2.8204E-04	1.0153E-01
1.6400000E+00	-7.6395E-04	9.1863E-02
1.6500000E+00	-1.2652E-03	8.1561E-02
1.6600000E+00	-1.5951E-03	7.0249E-02
1.6700000E+00	-2.0941E-03	5.8555E-02
1.6800000E+00	-2.4292E-03	4.6557E-02
1.6900000E+00	-2.9163E-03	3.3584E-02
1.7000000E+00	-3.1906E-03	2.0906E-02
1.7100000E+00	-3.5911E-03	7.5750E-03
1.7200000E+00	-3.9368E-03	-5.7512E-03
1.7300000E+00	-4.2179E-03	-1.8718E-02
1.7400000E+00	-4.4939E-03	-3.1692E-02
1.7500000E+00	-4.7089E-03	-4.4434E-02
1.7600000E+00	-4.8916E-03	-5.6742E-02
1.7700000E+00	-5.0259E-03	-6.8731E-02
1.7800000E+00	-5.0409E-03	-7.9710E-02
1.7900000E+00	-5.1601E-03	-9.0383E-02
1.8000000E+00	-5.1654E-03	-1.0003E-01
1.8100000E+00	-5.1073E-03	-1.0905E-01
1.8200000E+00	-5.0073E-03	-1.1668E-01
1.8300000E+00	-4.8593E-03	-1.2369E-01
1.8400000E+00	-4.6610E-03	-1.2936E-01
1.8500000E+00	-4.4003E-03	-1.3369E-01
1.8600000E+00	-4.1474E-03	-1.3704E-01
1.8700000E+00	-3.8165E-03	-1.3937E-01
1.8800000E+00	-3.3945E-03	-1.4004E-01
1.8900000E+00	-3.0092E-03	-1.3968E-01
1.9000000E+00	-2.5878E-03	-1.3801E-01
1.9100000E+00	-2.1105E-03	-1.3501E-01
1.9200000E+00	-1.6580E-03	-1.3101E-01
1.9300000E+00	-1.1520E-03	-1.2570E-01
1.9400000E+00	-6.3309E-04	-1.1901E-01
1.9500000E+00	-1.5351E-04	-1.1133E-01
1.9600000E+00	3.8911E-04	-1.0271E-01
1.9700000E+00	9.1613E-04	-9.2723E-02
1.9800000E+00	1.4260E-03	-8.2403E-02
1.9900000E+00	1.8912E-03	-7.0705E-02
2.0000000E+00	2.4100E-03	-5.8755E-02
2.0100000E+00	2.8669E-03	-4.5734E-02
2.0200000E+00	3.3070E-03	-3.2410E-02
2.0300000E+00	3.7415E-03	-1.8417E-02
2.0400000E+00	4.0946E-03	-4.4180E-03
2.0500000E+00	4.4398E-03	9.9115E-03
2.0600000E+00	4.7426E-03	2.4228E-02
2.0700000E+00	5.0189E-03	3.8569E-02
2.0800000E+00	5.2376E-03	5.2929E-02
2.0900000E+00	5.4097E-03	6.6540E-02
2.1000000E+00	5.5545E-03	8.0195E-02
2.1100000E+00	5.6260E-03	9.3229E-02
2.1200000E+00	5.7223E-03	1.0586E-01
2.1300000E+00	5.7264E-03	1.1751E-01
2.1400000E+00	5.7159E-03	1.2852E-01
2.1500000E+00	5.6657E-03	1.3853E-01
2.1600000E+00	5.6086E-03	1.4786E-01
2.1700000E+00	5.4686E-03	1.5582E-01
2.1800000E+00	5.3033E-03	1.6281E-01
2.1900000E+00	5.0968E-03	1.6886E-01
2.2000000E+00	4.8785E-03	1.7351E-01
2.2100000E+00	4.5707E-03	1.7681E-01
2.2200000E+00	4.1987E-03	1.7918E-01
2.2300000E+00	3.7562E-03	1.7982E-01
2.2400000E+00	3.3173E-03	1.7949E-01
2.2500000E+00	2.8229E-03	1.7783E-01
2.2600000E+00	2.3433E-03	1.7515E-01
2.2700000E+00	1.8392E-03	1.7117E-01
2.2800000E+00	1.3150E-03	1.6586E-01
2.2900000E+00	8.2967E-04	1.5951E-01
2.3000000E+00	2.6780E-04	1.5185E-01
2.3100000E+00	-1.9592E-04	1.4352E-01
2.3200000E+00	-6.5344E-04	1.3418E-01
2.3300000E+00	-1.0658E-03	1.2386E-01
2.3400000E+00	-1.5637E-03	1.1285E-01
2.3500000E+00	-1.9327E-03	1.0153E-01
2.3600000E+00	-2.2829E-03	8.9214E-02
2.3700000E+00	-2.7007E-03	7.6538E-02
2.3800000E+00	-3.0926E-03	6.3902E-02
2.3900000E+00	-3.4019E-03	5.0563E-02
2.4000000E+00	-3.6638E-03	3.7542E-02
2.4100000E+00	-3.9836E-03	2.4241E-02
2.4200000E+00	-4.2304E-03	1.1268E-02
2.4300000E+00	-4.4428E-03	-1.4106E-03
2.4400000E+00	-4.6059E-03	-1.4062E-02
2.4500000E+00	-4.8374E-03	-2.6094E-02
2.4600000E+00	-4.8675E-03	-3.7426E-02
2.4700000E+00	-4.9272E-03	-4.8072E-02
2.4800000E+00	-4.9387E-03	-5.8061E-02
2.4900000E+00	-4.8839E-03	-6.7056E-02
2.5000000E+00	-4.7819E-03	-7.5063E-02
2.5100000E+00	-4.6729E-03	-8.2044E-02
2.5200000E+00	-4.4178E-03	-8.8047E-02
2.5300000E+00	-4.1975E-03	-9.2721E-02
2.5400000E+00	-3.9693E-03	-9.6354E-02
2.5500000E+00	-3.6757E-03	-9.9061E-02
2.5600000E+00	-3.3323E-03	-1.0002E-01
2.5700000E+00	-2.9172E-03	-1.0001E-01
2.5800000E+00	-2.5470E-03	-9.8738E-02
2.5900000E+00	-2.0379E-03	-9.6073E-02
2.6000000E+00	-1.5525E-03	-9.2036E-02
2.6100000E+00	-1.1083E-03	-8.7047E-02
2.6200000E+00	-5.5862E-04	-8.0696E-02
2.6300000E+00	-8.2691E-05	-7.3371E-02
2.6400000E+00	4.4888E-04	-6.4731E-02
2.6500000E+00	9.2264E-04	-5.5380E-02
2.6600000E+00	1.4326E-03	-4.4735E-02
2.6700000E+00	1.9401E-03	-3.3397E-02
2.6800000E+00	2.3757E-03	-2.1440E-02
2.6900000E+00	2.8341E-03	-8.7392E-03
2.7000000E+00	3.2669E-03	4.5780E-03
2.7100000E+00	3.6668E-03	1.8206E-02
2.7200000E+00	4.0355E-03	3.2225E-02
2.7300000E+00	4.4059E-03	4.6581E-02
2.7400000E+00	4.7076E-03	6.0900E-02
2.7500000E+00	4.9616E-03	7.5198E-02
2.7600000E+00	5.1697E-03	8.9566E-02
2.7700000E+00	5.3912E-03	1.0354E-01
2.7800000E+00	5.5490E-03	1.1719E-01
2.7900000E+00	5.6961E-03	1.3022E-01
2.8000000E+00	5.8059E-03	1.4282E-01
2.8100000E+00	5.8586E-03	1.5483E-01
2.8200000E+00	5.9891E-03	1.6617E-01
2.8300000E+00	5.9284E-03	1.7617E-01
2.8400000E+00	6.0803E-03	1.8584E-01
2.8500000E+00	6.0273E-03	1.9417E-01
2.8600000E+00	5.9214E-03	2.0148E-01
2.8700000E+00	5.7674E-03	2.0749E-01
2.8800000E+00	5.5313E-03	2.1248E-01
2.8900000E+00	5.2780E-03	2.1614E-01
2.9000000E+00	4.7906E-03	2.1848E-01
2.9100000E+00	4.3914E-03	2.1984E-01
2.9200000E+00	3.8736E-03	2.1981E-01
2.9300000E+00	3.3401E-03	2.1849E-01
2.9400000E+00	2.7783E-03	2.1582E-01
2.9500000E+00	2.2054E-03	2.1216E-01
2.9600000E+00	1.5635E-03	2.0718E-01
2.9700000E+00	9.5202E-04	2.0084E-01
2.9800000E+00	4.3027E-04	1.9382E-01
2.9900000E+00	-8.8752E-05	1.8554E-01
3.0000000E+00	-5.9798E-04	1.7648E-01
3.0100000E+00	-1.0944E-03	1.6648E-01
3.0200000E+00	-1.5637E-03	1.5551E-01
3.0300000E+00	-1.9851E-03	1.4417E-01
3.0400000E+00	-2.3342E-03	1.3219E-01
3.0500000E+00	-2.7089E-03	1.1954E-01
3.0600000E+00	-3.0737E-03	1.0686E-01
3.0700000E+00	-3.3703E-03	9.3849E-02
3.0800000E+00	-3.6828E-03	8.0554E-02
3.0900000E+00	-3.9578E-03	6.7200E-02
3.1000000E+00	-4.0994E-03	5.4221E-02
3.1100000E+00	-4.3991E-03	4.1252E-02
3.1200000E+00	-4.5211E-03	2.8911E-02
3.1300000E+00	-4.6684E-03	1.6905E-02
3.1400000E+00	-4.7112E-03	5.2538E-03
3.1500000E+00	-4.8591E-03	-5.7395E-03
3.1600000E+00	-4.8216E-03	-1.5735E-02
3.1700000E+00	-4.8112E-03	-2.5054E-02
3.1800000E+00	-4.7068E-03	-3.3085E-02
3.1900000E+00	-4.5263E-03	-4.0406E-02
3.2000000E+00	-4.4343E-03	-4.6724E-02
3.2100000E+00	-4.1172E-03	-5.1756E-02
3.2200000E+00	-3.9017E-03	-5.5707E-02
3.2300000E+00	-3.5993E-03	-5.8381E-02
3.2400000E+00	-3.2709E-03	-6.0077E-02
3.2500000E+00	-2.8259E-03	-6.0065E-02
3.2600000E+00	-2.4392E-03	-5.9052E-02
3.2700000E+00	-2.0503E-03	-5.6731E-02
3.2800000E+00	-1.5289E-03	-5.3070E-02
3.2900000E+00	-1.1181E-03	-4.8378E-02
3.3000000E+00	-6.0512E-04	-4.2376E-02
3.3100000E+00	-1.1387E-04	-3.5076E-02
3.3200000E+00	3.7103E-04	-2.6727E-02
3.3300000E+00	9.1854E-04	-1.7394E-02
3.3400000E+00	1.3860E-03	-7.3964E-03
3.3500000E+00	1.8830E-03	3.9094E-03
3.3600000E+00	2.2976E-03	1.5581E-02
3.3700000E+00	2.7593E-03	2.8227E-02
3.3800000E+00	3.1542E-03	4.1249E-02
3.3900000E+00	3.5840E-03	5.4905E-02
3.4000000E+00	3.9341E-03	6.8899E-02
3.4100000E+00	4.3251E-03	8.3210E-02
3.4200000E+00	4.6171E-03	9.7562E-02
3.4300000E+00	4.9046E-03	1.1185E-01
3.4400000E+00	5.1243E-03	1.2619E-01
3.4500000E+00	5.4197E-03	1.4020E-01
3.4600000E+00	5.6654E-03	1.5385E-01
3.4700000E+00	5.8703E-03	1.6717E-01
3.4800000E+00	6.0522E-03	1.8013E-01
3.4900000E+00	6.3052E-03	1.9218E-01
3.5000000E+00	6.4745E-03	2.0348E-01
3.5100000E+00	6.6868E-03	2.1417E-01
3.5200000E+00	6.7056E-03	2.2346E-01
3.5300000E+00	6.7871E-03	2.3214E-01
3.5400000E+00	6.7136E-03	2.3984E-01
3.5500000E+00	6.4790E-03	2.4614E-01
3.5600000E+00	6.2103E-03	2.5148E-01
3.5700000E+00	5.8218E-03	2.5546E-01
3.5800000E+00	5.3751E-03	2.5812E-01
3.5900000E+00	4.8665E-03	2.5982E-01
3.6000000E+00	4.3391E-03	2.5980E-01
3.6100000E+00	3.8441E-03	2.5877E-01
3.6200000E+00	3.1757E-03	2.5647E-01
3.6300000E+00	2.5904E-03	2.5313E-01
3.6400000E+00	1.9618E-03	2.4846E-01
3.6500000E+00	1.2908E-03	2.4244E-01
3.6600000E+00	7.0195E-04	2.3548E-01
3.6700000E+00	3.4908E-05	2.2747E-01
3.6800000E+00	-4.9666E-04	2.1851E-01
3.6900000E+00	-1.0607E-03	2.0880E-01
3.7000000E+00	-1.5693E-03	1.9814E-01
3.7100000E+00	-2.0831E-03	1.8682E-01
3.7200000E+00	-2.5364E-03	1.7483E-01
3.7300000E+00	-2.9163E-03	1.6251E-01
3.7400000E+00	-3.1420E-03	1.4984E-01
3.7500000E+00	-3.4894E-03	1.3687E-01
3.7600000E+00	-3.7736E-03	1.2354E-01
3.7700000E+00	-4.0336E-03	1.1051E-01
3.7800000E+00	-4.2909E-03	9.7196E-02
3.7900000E+00	-4.5062E-03	8.4216E-02
3.8000000E+00	-4.5806E-03	7.1873E-02
3.8100000E+00	-4.6626E-03	5.9537E-02
3.8200000E+00	-4.7734E-03	4.7910E-02
3.8300000E+00	-4.8246E-03	3.6868E-02
3.8400000E+00	-4.8363E-03	2.6559E-02
3.8500000E+00	-4.7933E-03	1.7230E-02
3.8600000E+00	-4.6944E-03	8.5564E-03
3.8700000E+00	-4.5692E-03	9.0941E-04
3.8800000E+00	-4.4041E-03	-5.4212E-03
3.8900000E+00	-4.1913E-03	-1.0766E-02
3.9000000E+00	-3.9213E-03	-1.5068E-02
3.9100000E+00	-3.6448E-03	-1.8069E-02
3.9200000E+00	-3.2782E-03	-1.9738E-02
3.9300000E+00	-2.8919E-03	-2.0067E-02
3.9400000E+00	-2.4922E-03	-1.9413E-02
3.9500000E+00	-2.0846E-03	-1.7411E-02
3.9600000E+00	-1.6218E-03	-1.4076E-02
3.9700000E+00	-1.1337E-03	-9.4128E-03
3.9800000E+00	-6.9302E-04	-3.7480E-03
3.9900000E+00	-1.7183E-04	3.2833E-03
4.0000000E+00	3.1970E-04	1.1244E-02
4.0100000E+00	7.7040E-04	2.0251E-02
4.0200000E+00	1.2917E-03	3.0259E-02
4.0300000E+00	1.7362E-03	4.1252E-02
4.0400000E+00	2.2182E-03	5.2906E-02
4.0500000E+00	2.6635E-03	6.5197E-02
4.0600000E+00	3.0871E-03	7.8219E-02
4.0700000E+00	3.4981E-03	9.1520E-02
4.0800000E+00	3.9264E-03	1.0555E-01
4.0900000E+00	4.2763E-03	1.1987E-01
4.1000000E+00	4.6609E-03	1.3419E-01
4.1100000E+00	4.9850E-03	1.4851E-01
4.1200000E+00	5.3640E-03	1.6284E-01
4.1300000E+00	5.6922E-03	1.7684E-01
4.1400000E+00	6.0576E-03	1.9082E-01
4.1500000E+00	6.3541E-03	2.0412E-01
4.1600000E+00	6.6671E-03	2.1713E-01
4.1700000E+00	6.8738E-03	2.2948E-01
4.1800000E+00	7.0878E-03	2.4081E-01
4.1900000E+00	7.2201E-03	2.5146E-01
4.2000000E+00	7.2527E-03	2.6145E-01
4.2100000E+00	7.1746E-03	2.7013E-01
4.2200000E+00	7.0949E-03	2.7814E-01
4.2300000E+00	6.8094E-03	2.8476E-01
4.2400000E+00	6.6003E-03	2.9012E-01
4.2500000E+00	6.2449E-03	2.9441E-01
4.2600000E+00	5.7943E-03	2.9744E-01
4.2700000E+00	5.3854E-03	2.9944E-01
4.2800000E+00	4.8238E-03	2.9977E-01
4.2900000E+00	4.2689E-03	2.9910E-01
4.3000000E+00	3.6228E-03	2.9711E-01
4.3100000E+00	2.9791E-03	2.9409E-01
4.3200000E+00	2.2972E-03	2.8945E-01
4.3300000E+00	1.6969E-03	2.8377E-01
4.3400000E+00	1.0472E-03	2.7712E-01
4.3500000E+00	4.0753E-04	2.6945E-01
4.3600000E+00	-2.3631E-04	2.6078E-01
4.3700000E+00	-8.4620E-04	2.5114E-01
4.3800000E+00	-1.5502E-03	2.4080E-01
4.3900000E+00	-2.0561E-03	2.2948E-01
4.4000000E+00	-2.5372E-03	2.1778E-01
4.4100000E+00	-3.0190E-03	2.0548E-01
4.4200000E+00	-3.4394E-03	1.9282E-01
4.4300000E+00	-3.7844E-03	1.7983E-01
4.4400000E+00	-4.0993E-03	1.6650E-01
4.4500000E+00	-4.2946E-03	1.5349E-01
4.4600000E+00	-4.5511E-03	1.4016E-01
4.4700000E+00	-4.7352E-03	1.2722E-01
4.4800000E+00	-4.8449E-03	1.1453E-01
4.4900000E+00	-4.9533E-03	1.0220E-01
4.5000000E+00	-4.9656E-03	9.0564E-02
4.5100000E+00	-5.0074E-03	7.9213E-02
4.5200000E+00	-4.9657E-03	6.8915E-02
4.5300000E+00	-4.9225E-03	5.9232E-02
4.5400000E+00	-4.8650E-03	5.0555E-02
4.5500000E+00	-4.7307E-03	4.2556E-02
4.5600000E+00	-4.4844E-03	3.5893E-02
4.5700000E+00	-4.2617E-03	3.0249E-02
4.5800000E+00	-4.0069E-03	2.5936E-02
4.5900000E+00	-3.7693E-03	2.2553E-02
4.6000000E+00	-3.4286E-03	2.0551E-02
4.6100000E+00	-2.9978E-03	1.9869E-02
4.6200000E+00	-2.6376E-03	2.0244E-02
4.6300000E+00	-2.2320E-03	2.1864E-02
4.6400000E+00	-1.7660E-03	2.4891E-02
4.6500000E+00	-1.2698E-03	2.9225E-02
4.6600000E+00	-7.9166E-04	3.4884E-02
4.6700000E+00	-3.2092E-04	4.1551E-02
4.6800000E+00	1.1562E-04	4.9206E-02
4.6900000E+00	6.4025E-04	5.7881E-02
4.7000000E+00	1.1780E-03	6.7879E-02
4.7100000E+00	1.5810E-03	7.8532E-02
4.7200000E+00	2.0659E-03	8.9886E-02
4.7300000E+00	2.5622E-03	1.0219E-01
4.7400000E+00	3.0198E-03	1.1518E-01
4.7500000E+00	3.4837E-03	1.2853E-01
4.7600000E+00	3.8561E-03	1.4218E-01
4.7700000E+00	4.3509E-03	1.5649E-01
4.7800000E+00	4.8376E-03	1.7082E-01
4.7900000E+00	5.1017E-03	1.8517E-01
4.8000000E+00	5.6763E-03	1.9949E-01
4.8100000E+00	6.0867E-03	2.1348E-01
4.8200000E+00	6.5722E-03	2.2749E-01
4.8300000E+00	6.9014E-03	2.4114E-01
4.8400000E+00	7.0543E-03	2.5413E-01
4.8500000E+00	7.2024E-03	2.6647E-01
4.8600000E+00	7.4027E-03	2.7812E-01
4.8700000E+00	7.4881E-03	2.8912E-01
4.8800000E+00	7.5645E-03	2.9912E-01
4.8900000E+00	7.4542E-03	3.0808E-01
4.9000000E+00	7.5106E-03	3.1642E-01
4.9100000E+00	7.2328E-03	3.2312E-01
4.9200000E+00	6.9366E-03	3.2909E-01
4.9300000E+00	6.6522E-03	3.3373E-01
4.9400000E+00	6.1552E-03	3.3709E-01
4.9500000E+00	5.6637E-03	3.3910E-01
4.9600000E+00	5.1226E-03	3.3976E-01
4.9700000E+00	4.5921E-03	3.3940E-01
4.9800000E+00	3.9589E-03	3.3774E-01
4.9900000E+00	3.3257E-03	3.3473E-01
5.0000000E+00	2.7044E-03	3.3075E-01
5.0100000E+00	2.0596E-03	3.2540E-01
5.0200000E+00	1.3202E-03	3.1876E-01
5.0300000E+00	6.5900E-04	3.1143E-01
5.0400000E+00	-2.8144E-05	3.0276E-01
5.0500000E+00	-6.6531E-04	2.9345E-01
5.0600000E+00	-1.2987E-03	2.8311E-01
5.0700000E+00	-1.9520E-03	2.7213E-01
5.0800000E+00	-2.5648E-03	2.6044E-01
5.0900000E+00	-3.0097E-03	2.4846E-01
5.1000000E+00	-3.5278E-03	2.3582E-01
5.1100000E+00	-3.9722E-03	2.2282E-01
5.1200000E+00	-4.3631E-03	2.0980E-01
5.1300000E+00	-4.6542E-03	1.9649E-01
5.1400000E+00	-4.8700E-03	1.8350E-01
5.1500000E+00	-5.1186E-03	1.7018E-01
5.1600000E+00	-5.1806E-03	1.5751E-01
5.1700000E+00	-5.3209E-03	1.4516E-01
5.1800000E+00	-5.3481E-03	1.3320E-01
5.1900000E+00	-5.3426E-03	1.2186E-01
5.2000000E+00	-5.2833E-03	1.1120E-01
5.2100000E+00	-5.1410E-03	1.0154E-01
5.2200000E+00	-5.0277E-03	9.2532E-02
5.2300000E+00	-4.9005E-03	8.4538E-02
5.2400000E+00	-4.6850E-03	7.7553E-02
5.2500000E+00	-4.4805E-03	7.1559E-02
5.2600000E+00	-4.1675E-03	6.6886E-02
5.2700000E+00	-3.9133E-03	6.3254E-02
5.2800000E+00	-3.5643E-03	6.0884E-02
5.2900000E+00	-3.1883E-03	5.9871E-02
5.3000000E+00	-2.7871E-03	5.9891E-02
5.3100000E+00	-2.3566E-03	6.1549E-02
5.3200000E+00	-1.9108E-03	6.4247E-02
5.3300000E+00	-1.4697E-03	6.8217E-02
5.3400000E+00	-9.5308E-04	7.3239E-02
5.3500000E+00	-5.0240E-04	7.9880E-02
5.3600000E+00	-1.1862E-05	8.7205E-02
5.3700000E+00	4.9233E-04	9.5876E-02
5.3800000E+00	9.5705E-04	1.0524E-01
5.3900000E+00	1.5676E-03	1.1589E-01
5.4000000E+00	1.9228E-03	1.2721E-01
5.4100000E+00	2.4801E-03	1.3919E-01
5.4200000E+00	2.9768E-03	1.5187E-01
5.4300000E+00	3.5208E-03	1.6521E-01
5.4400000E+00	4.0403E-03	1.7918E-01
5.4500000E+00	4.6043E-03	1.9314E-01
5.4600000E+00	5.1749E-03	2.0747E-01
5.4700000E+00	5.6650E-03	2.2180E-01
5.4800000E+00	6.1780E-03	2.3614E-01
5.4900000E+00	6.6196E-03	2.5047E-01
5.5000000E+00	6.8831E-03	2.6444E-01
5.5100000E+00	7.1005E-03	2.7778E-01
5.5200000E+00	7.3799E-03	2.9111E-01
5.5300000E+00	7.6416E-03	3.0376E-01
5.5400000E+00	7.7617E-03	3.1545E-01
5.5500000E+00	7.8508E-03	3.2678E-01
5.5600000E+00	7.8094E-03	3.3676E-01
5.5700000E+00	7.7875E-03	3.4610E-01
5.5800000E+00	7.6773E-03	3.5440E-01
5.5900000E+00	7.5008E-03	3.6174E-01
5.6000000E+00	7.3057E-03	3.6773E-01
5.6100000E+00	6.9256E-03	3.7274E-01
5.6200000E+00	6.5568E-03	3.7641E-01
5.6300000E+00	6.0674E-03	3.7873E-01
5.6400000E+00	5.6543E-03	3.7974E-01
5.6500000E+00	5.0612E-03	3.7970E-01
5.6600000E+00	4.3998E-03	3.7807E-01
5.6700000E+00	3.7365E-03	3.7542E-01
5.6800000E+00	3.1219E-03	3.7177E-01
5.6900000E+00	2.4259E-03	3.6672E-01
5.7000000E+00	1.7037E-03	3.6040E-01
5.7100000E+00	1.0193E-03	3.5308E-01
5.7200000E+00	3.6420E-04	3.4477E-01
5.7300000E+00	-3.4875E-04	3.3574E-01
5.7400000E+00	-1.0267E-03	3.2579E-01
5.7500000E+00	-1.7318E-03	3.1478E-01
5.7600000E+00	-2.3351E-03	3.0343E-01
5.7700000E+00	-3.0731E-03	2.9108E-01
5.7800000E+00	-3.5554E-03	2.7876E-01
5.7900000E+00	-4.1006E-03	2.6581E-01
5.8000000E+00	-4.3508E-03	2.5284E-01
5.8100000E+00	-4.8969E-03	2.3948E-01
5.8200000E+00	-4.9995E-03	2.2648E-01
5.8300000E+00	-5.3303E-03	2.1313E-01
5.8400000E+00	-5.4344E-03	2.0047E-01
5.8500000E+00	-5.6120E-03	1.8783E-01
5.8600000E+00	-5.6334E-03	1.7582E-01
5.8700000E+00	-5.6313E-03	1.6450E-01
5.8800000E+00	-5.6359E-03	1.5350E-01
5.8900000E+00	-5.5107E-03	1.4350E-01
5.9000000E+00	-5.3373E-03	1.3453E-01
5.9100000E+00	-5.1785E-03	1.2622E-01
5.9200000E+00	-5.0140E-03	1.1887E-01
5.9300000E+00	-4.6799E-03	1.1285E-01
5.9400000E+00	-4.4401E-03	1.0785E-01
5.9500000E+00	-4.1216E-03	1.0388E-01
5.9600000E+00	-3.7755E-03	1.0120E-01
5.9700000E+00	-3.4123E-03	9.9867E-02
5.9800000E+00	-2.9766E-03	9.9867E-02
5.9900000E+00	-2.6148E-03	1.0085E-01
6.0000000E+00	-2.0697E-03	1.0352E-01
6.0100000E+00	-1.6089E-03	1.0720E-01
6.0200000E+00	-1.1546E-03	1.1220E-01
6.0300000E+00	-6.4317E-04	1.1818E-01
6.0400000E+00	-1.3045E-04	1.2556E-01
6.0500000E+00	3.5729E-04	1.3351E-01
6.0600000E+00	9.6430E-04	1.4317E-01
6.0700000E+00	1.4188E-03	1.5315E-01
6.0800000E+00	2.0110E-03	1.6451E-01
6.0900000E+00	2.5884E-03	1.7652E-01
6.1000000E+00	3.1530E-03	1.8882E-01
6.1100000E+00	3.7142E-03	2.0213E-01
6.1200000E+00	4.3857E-03	2.1581E-01
6.1300000E+00	4.9928E-03	2.2980E-01
6.1400000E+00	5.5360E-03	2.4415E-01
6.1500000E+00	5.9644E-03	2.5848E-01
6.1600000E+00	6.3866E-03	2.7280E-01
6.1700000E+00	6.7974E-03	2.8711E-01
6.1800000E+00	7.1525E-03	3.0109E-01
6.1900000E+00	7.4361E-03	3.1474E-01
6.2000000E+00	7.7856E-03	3.2808E-01
6.2100000E+00	7.8575E-03	3.4072E-01
6.2200000E+00	8.0298E-03	3.5274E-01
6.2300000E+00	8.1096E-03	3.6409E-01
6.2400000E+00	8.2217E-03	3.7474E-01
6.2500000E+00	8.1874E-03	3.8406E-01
6.2600000E+00	8.2403E-03	3.9272E-01
6.2700000E+00	8.1795E-03	4.0006E-01
6.2800000E+00	8.0562E-03	4.0639E-01
6.2900000E+00	7.8660E-03	4.1172E-01
6.3000000E+00	7.3949E-03	4.1539E-01
6.3100000E+00	7.0041E-03	4.1803E-01
6.3200000E+00	6.4812E-03	4.1973E-01
6.3300000E+00	5.7775E-03	4.1973E-01
6.3400000E+00	5.1241E-03	4.1868E-01
6.3500000E+00	4.3493E-03	4.1635E-01
6.3600000E+00	3.5492E-03	4.1275E-01
6.3700000E+00	2.8297E-03	4.0804E-01
6.3800000E+00	2.0443E-03	4.0202E-01
6.3900000E+00	1.2625E-03	3.9506E-01
6.4000000E+00	4.8722E-04	3.8672E-01
6.4100000E+00	-1.6216E-04	3.7775E-01
6.4200000E+00	-8.4993E-04	3.6807E-01
6.4300000E+00	-1.4819E-03	3.5744E-01
6.4400000E+00	-2.1167E-03	3.4609E-01
6.4500000E+00	-2.8115E-03	3.3408E-01
6.4600000E+00	-3.4139E-03	3.2175E-01
6.4700000E+00	-4.0192E-03	3.0879E-01
6.4800000E+00	-4.5906E-03	2.9577E-01
6.4900000E+00	-4.9498E-03	2.8279E-01
6.5000000E+00	-5.3336E-03	2.6945E-01
6.5100000E+00	-5.5924E-03	2.5646E-01
6.5200000E+00	-5.7875E-03	2.4348E-01
6.5300000E+00	-5.9096E-03	2.3080E-01
6.5400000E+00	-5.9307E-03	2.1882E-01
6.5500000E+00	-5.9741E-03	2.0717E-01
6.5600000E+00	-5.9271E-03	1.9611E-01
6.5700000E+00	-5.8336E-03	1.8583E-01
6.5800000E+00	-5.6656E-03	1.7649E-01
6.5900000E+00	-5.5169E-03	1.6784E-01
6.6000000E+00	-5.2625E-03	1.6051E-01
6.6100000E+00	-5.0626E-03	1.5418E-01
6.6200000E+00	-4.8262E-03	1.4884E-01
6.6300000E+00	-4.4126E-03	1.4489E-01
6.6400000E+00	-3.9831E-03	1.4184E-01
6.6500000E+00	-3.6535E-03	1.4018E-01
6.6600000E+00	-3.2078E-03	1.3986E-01
6.6700000E+00	-2.7591E-03	1.4052E-01
6.6800000E+00	-2.2961E-03	1.4285E-01
6.6900000E+00	-1.8490E-03	1.4619E-01
6.7000000E+00	-1.2725E-03	1.5085E-01
6.7100000E+00	-8.2391E-04	1.5652E-01
6.7200000E+00	-2.0758E-04	1.6350E-01
6.7300000E+00	3.0695E-04	1.7149E-01
6.7400000E+00	8.9076E-04	1.8086E-01
6.7500000E+00	1.4512E-03	1.9082E-01
6.7600000E+00	2.0840E-03	2.0183E-01
6.7700000E+00	2.7556E-03	2.1347E-01
6.7800000E+00	3.3879E-03	2.2582E-01
6.7900000E+00	3.9708E-03	2.3914E-01
6.8000000E+00	4.6317E-03	2.5246E-01
6.8100000E+00	5.1255E-03	2.6647E-01
6.8200000E+00	5.6966E-03	2.8075E-01
6.8300000E+00	6.2508E-03	2.9510E-01
6.8400000E+00	6.6895E-03	3.0944E-01
6.8500000E+00	7.0804E-03	3.2375E-01
6.8600000E+00	7.3507E-03	3.3772E-01
6.8700000E+00	7.5942E-03	3.5175E-01
6.8800000E+00	7.9000E-03	3.6510E-01
6.8900000E+00	8.0936E-03	3.7774E-01
6.9000000E+00	8.4286E-03	3.9007E-01
6.9100000E+00	8.7736E-03	4.0139E-01
6.9200000E+00	9.0758E-03	4.1209E-01
6.9300000E+00	9.2577E-03	4.2205E-01
6.9400000E+00	9.4168E-03	4.3072E-01
6.9500000E+00	9.3916E-03	4.3839E-01
6.9600000E+00	9.2637E-03	4.4506E-01
6.9700000E+00	8.8768E-03	4.5036E-01
6.9800000E+00	8.4702E-03	4.5471E-01
6.9900000E+00	7.8714E-03	4.5770E-01
7.0000000E+00	7.1723E-03	4.5938E-01
7.0100000E+00	6.3905E-03	4.5968E-01
7.0200000E+00	5.6868E-03	4.5906E-01
7.0300000E+00	4.8161E-03	4.5704E-01
7.0400000E+00	3.9036E-03	4.5371E-01
7.0500000E+00	3.0085E-03	4.4902E-01
7.0600000E+00	2.2016E-03	4.4340E-01
7.0700000E+00	1.4260E-03	4.3673E-01
7.0800000E+00	6.3262E-04	4.2873E-01
7.0900000E+00	-1.0523E-04	4.2007E-01
7.1000000E+00	-7.7314E-04	4.1042E-01
7.1100000E+00	-1.4749E-03	3.9974E-01
7.1200000E+00	-2.0059E-03	3.8872E-01
7.1300000E+00	-2.6684E-03	3.7678E-01
7.1400000E+00	-3.2260E-03	3.6442E-01
7.1500000E+00	-3.7663E-03	3.5176E-01
7.1600000E+00	-4.3539E-03	3.3877E-01
7.1700000E+00	-4.8473E-03	3.2576E-01
7.1800000E+00	-5.3376E-03	3.1248E-01
7.1900000E+00	-5.7480E-03	2.9945E-01
7.2000000E+00	-6.0857E-03	2.8643E-01
7.2100000E+00	-6.2606E-03	2.7379E-01
7.2200000E+00	-6.4201E-03	2.6146E-01
7.2300000E+00	-6.4484E-03	2.4981E-01
7.2400000E+00	-6.4168E-03	2.3846E-01
7.2500000E+00	-6.2558E-03	2.2814E-01
7.2600000E+00	-5.9965E-03	2.1849E-01
7.2700000E+00	-5.8737E-03	2.0983E-01
7.2800000E+00	-5.5897E-03	2.0213E-01
7.2900000E+00	-5.3911E-03	1.9553E-01
7.3000000E+00	-5.0891E-03	1.8983E-01
7.3100000E+00	-4.7495E-03	1.8551E-01
7.3200000E+00	-4.2996E-03	1.8251E-01
7.3300000E+00	-3.9713E-03	1.8046E-01
7.3400000E+00	-3.4350E-03	1.7986E-01
7.3500000E+00	-3.0836E-03	1.8016E-01
7.3600000E+00	-2.5376E-03	1.8217E-01
7.3700000E+00	-2.0043E-03	1.8516E-01
7.3800000E+00	-1.4204E-03	1.8951E-01
7.3900000E+00	-8.8430E-04	1.9519E-01
7.4000000E+00	-3.3189E-04	2.0180E-01
7.4100000E+00	2.7473E-04	2.0951E-01
7.4200000E+00	9.3541E-04	2.1850E-01
7.4300000E+00	1.5864E-03	2.2849E-01
7.4400000E+00	2.2707E-03	2.3913E-01
7.4500000E+00	2.8747E-03	2.5077E-01
7.4600000E+00	3.5182E-03	2.6315E-01
7.4700000E+00	3.9975E-03	2.7579E-01
7.4800000E+00	4.7823E-03	2.8943E-01
7.4900000E+00	5.3105E-03	3.0311E-01
7.5000000E+00	5.9048E-03	3.1745E-01
7.5100000E+00	6.3027E-03	3.3177E-01
7.5200000E+00	6.7123E-03	3.4612E-01
7.5300000E+00	7.0361E-03	3.6039E-01
7.5400000E+00	7.4477E-03	3.7441E-01
7.5500000E+00	7.8580E-03	3.8839E-01
7.5600000E+00	8.3173E-03	4.0174E-01
7.5700000E+00	8.7984E-03	4.1472E-01
7.5800000E+00	9.4015E-03	4.2739E-01
7.5900000E+00	9.7866E-03	4.3903E-01
7.6000000E+00	1.0158E-02	4.4971E-01
7.6100000E+00	1.0331E-02	4.5970E-01
7.6200000E+00	1.0434E-02	4.6866E-01
7.6300000E+00	1.0261E-02	4.7671E-01
7.6400000E+00	1.0099E-02	4.8370E-01
7.6500000E+00	9.7296E-03	4.8936E-01
7.6600000E+00	9.2048E-03	4.9368E-01
7.6700000E+00	8.5667E-03	4.9705E-01
7.6800000E+00	7.8544E-03	4.9902E-01
7.6900000E+00	6.9621E-03	4.9968E-01
7.7000000E+00	6.1170E-03	4.9935E-01
7.7100000E+00	5.1352E-03	4.9735E-01
7.7200000E+00	4.1894E-03	4.9434E-01
7.7300000E+00	3.3066E-03	4.9035E-01
7.7400000E+00	2.2872E-03	4.8469E-01
7.7500000E+00	1.4271E-03	4.7836E-01
7.7600000E+00	5.8200E-04	4.7071E-01
7.7700000E+00	-2.6239E-04	4.6205E-01
7.7800000E+00	-8.9817E-04	4.5271E-01
7.7900000E+00	-1.5900E-03	4.4233E-01
7.8000000E+00	-2.1246E-03	4.3138E-01
7.8100000E+00	-2.6970E-03	4.1972E-01
7.8200000E+00	-3.2959E-03	4.0740E-01
7.8300000E+00	-3.7564E-03	3.9473E-01
7.8400000E+00	-4.1665E-03	3.8206E-01
7.8500000E+00	-4.5973E-03	3.6874E-01
7.8600000E+00	-4.9949E-03	3.5542E-01
7.8700000E+00	-5.4681E-03	3.4245E-01
7.8800000E+00	-5.7919E-03	3.2943E-01
7.8900000E+00	-6.1002E-03	3.1678E-01
7.9000000E+00	-6.4312E-03	3.0409E-01
7.9100000E+00	-6.5315E-03	2.9247E-01
7.9200000E+00	-6.4811E-03	2.8111E-01
7.9300000E+00	-6.5360E-03	2.7045E-01
7.9400000E+00	-6.3903E-03	2.6079E-01
7.9500000E+00	-6.2608E-03	2.5178E-01
7.9600000E+00	-5.9938E-03	2.4378E-01
7.9700000E+00	-5.7563E-03	2.3682E-01
7.9800000E+00	-5.3858E-03	2.3117E-01
7.9900000E+00	-5.0608E-03	2.2650E-01
8.0000000E+00	-4.6996E-03	2.2278E-01
8.0100000E+00	-4.2452E-03	2.2082E-01
8.0200000E+00	-3.7622E-03	2.1980E-01
8.0300000E+00	-3.2615E-03	2.2016E-01
8.0400000E+00	-2.7540E-03	2.2146E-01
8.0500000E+00	-2.2492E-03	2.2451E-01
8.0600000E+00	-1.6095E-03	2.2850E-01
8.0700000E+00	-9.8738E-04	2.3380E-01
8.0800000E+00	-3.9924E-04	2.4013E-01
8.0900000E+00	2.6575E-04	2.4779E-01
8.1000000E+00	8.8296E-04	2.5648E-01
8.1100000E+00	1.4745E-03	2.6583E-01
8.1200000E+00	2.2699E-03	2.7647E-01
8.1300000E+00	2.8744E-03	2.8777E-01
8.1400000E+00	3.5576E-03	3.0011E-01
8.1500000E+00	4.0799E-03	3.1279E-01
8.1600000E+00	4.7444E-03	3.2609E-01
8.1700000E+00	5.1754E-03	3.3975E-01
8.1800000E+00	5.7954E-03	3.5409E-01
8.1900000E+00	6.1215E-03	3.6811E-01
8.2000000E+00	6.7410E-03	3.8272E-01
8.2100000E+00	7.1644E-03	3.9704E-01
8.2200000E+00	7.8132E-03	4.1107E-01
8.2300000E+00	8.4031E-03	4.2507E-01
8.2400000E+00	9.1131E-03	4.3873E-01
8.2500000E+00	9.6550E-03	4.5169E-01
8.2600000E+00	1.0282E-02	4.6439E-01
8.2700000E+00	1.0717E-02	4.7637E-01
8.2800000E+00	1.1041E-02	4.8736E-01
8.2900000E+00	1.1130E-02	4.9734E-01
8.3000000E+00	1.1318E-02	5.0668E-01
8.3100000E+00	1.1142E-02	5.1505E-01
8.3200000E+00	1.0677E-02	5.2203E-01
8.3300000E+00	1.0022E-02	5.2802E-01
8.3400000E+00	9.2712E-03	5.3270E-01
8.3500000E+00	8.5378E-03	5.3632E-01
8.3600000E+00	7.7843E-03	5.3866E-01
8.3700000E+00	6.9176E-03	5.3968E-01
8.3800000E+00	6.2280E-03	5.3966E-01
8.3900000E+00	5.2791E-03	5.3802E-01
8.4000000E+00	4.4817E-03	5.3532E-01
8.4100000E+00	3.6141E-03	5.3136E-01
8.4200000E+00	2.7542E-03	5.2636E-01
8.4300000E+00	1.7592E-03	5.2001E-01
8.4400000E+00	9.3513E-04	5.1268E-01
8.4500000E+00	1.1354E-05	5.0434E-01
8.4600000E+00	-8.2812E-04	4.9505E-01
8.4700000E+00	-1.6783E-03	4.8469E-01
8.4800000E+00	-2.2588E-03	4.7403E-01
8.4900000E+00	-2.8569E-03	4.6236E-01
8.5000000E+00	-3.4039E-03	4.5039E-01
8.5100000E+00	-3.9642E-03	4.3772E-01
8.5200000E+00	-4.3089E-03	4.2507E-01
8.5300000E+00	-4.7498E-03	4.1173E-01
8.5400000E+00	-5.0080E-03	3.9877E-01
8.5500000E+00	-5.3314E-03	3.8540E-01
8.5600000E+00	-5.5540E-03	3.7244E-01
8.5700000E+00	-5.8008E-03	3.5942E-01
8.5800000E+00	-6.0303E-03	3.4708E-01
8.5900000E+00	-6.0875E-03	3.3508E-01
8.6000000E+00	-6.1790E-03	3.2379E-01
8.6100000E+00	-6.3573E-03	3.1276E-01
8.6200000E+00	-6.4421E-03	3.0277E-01
8.6300000E+00	-6.1816E-03	2.9379E-01
8.6400000E+00	-6.0135E-03	2.8545E-01
8.6500000E+00	-5.8173E-03	2.7845E-01
8.6600000E+00	-5.4513E-03	2.7244E-01
8.6700000E+00	-5.2523E-03	2.6743E-01
8.6800000E+00	-4.7872E-03	2.6381E-01
8.6900000E+00	-4.4239E-03	2.6111E-01
8.7000000E+00	-3.8977E-03	2.5982E-01
8.7100000E+00	-3.4639E-03	2.5979E-01
8.7200000E+00	-2.9445E-03	2.6113E-01
8.7300000E+00	-2.3608E-03	2.6345E-01
8.7400000E+00	-1.6949E-03	2.6745E-01
8.7500000E+00	-1.1530E-03	2.7247E-01
8.7600000E+00	-5.3062E-04	2.7845E-01
8.7700000E+00	1.2772E-04	2.8578E-01
8.7800000E+00	8.0193E-04	2.9412E-01
8.7900000E+00	1.4370E-03	3.0340E-01
8.8000000E+00	2.0575E-03	3.1411E-01
8.8100000E+00	2.6906E-03	3.2510E-01
8.8200000E+00	3.2941E-03	3.3712E-01
8.8300000E+00	3.9007E-03	3.4976E-01
8.8400000E+00	4.4992E-03	3.6311E-01
8.8500000E+00	4.9885E-03	3.7676E-01
8.8600000E+00	5.5738E-03	3.9072E-01
8.8700000E+00	6.1448E-03	4.0474E-01
8.8800000E+00	6.8845E-03	4.1938E-01
8.8900000E+00	7.5608E-03	4.3374E-01
8.9000000E+00	8.4401E-03	4.4806E-01
8.9100000E+00	9.0613E-03	4.6204E-01
8.9200000E+00	9.7796E-03	4.7568E-01
8.9300000E+00	1.0348E-02	4.8869E-01
8.9400000E+00	1.0977E-02	5.0137E-01
8.9500000E+00	1.1387E-02	5.1368E-01
8.9600000E+00	1.1322E-02	5.2466E-01
8.9700000E+00	1.1102E-02	5.3529E-01
8.9800000E+00	1.0591E-02	5.4466E-01
8.9900000E+00	9.9960E-03	5.5301E-01
9.0000000E+00	9.6180E-03	5.6030E-01
9.0100000E+00	9.0908E-03	5.6669E-01
9.0200000E+00	8.4989E-03	5.7162E-01
9.0300000E+00	7.8639E-03	5.7564E-01
9.0400000E+00	7.2841E-03	5.7834E-01
9.0500000E+00	6.5874E-03	5.7964E-01
9.0600000E+00	5.9261E-03	5.7967E-01
9.0700000E+00	5.1860E-03	5.7834E-01
9.0800000E+00	4.5728E-03	5.7600E-01
9.0900000E+00	3.8240E-03	5.7231E-01
9.1000000E+00	3.0595E-03	5.6730E-01
9.1100000E+00	2.2956E-03	5.6133E-01
9.1200000E+00	1.5285E-03	5.5433E-01
9.1300000E+00	7.7650E-04	5.4634E-01
9.1400000E+00	5.3580E-05	5.3735E-01
9.1500000E+00	-9.5022E-04	5.2733E-01
9.1600000E+00	-1.6736E-03	5.1669E-01
9.1700000E+00	-2.5390E-03	5.0502E-01
9.1800000E+00	-3.0825E-03	4.9338E-01
9.1900000E+00	-3.7729E-03	4.8071E-01
9.2000000E+00	-4.1951E-03	4.6803E-01
9.2100000E+00	-4.7121E-03	4.5501E-01
9.2200000E+00	-5.0086E-03	4.4172E-01
9.2300000E+00	-5.3290E-03	4.2839E-01
9.2400000E+00	-5.5555E-03	4.1539E-01
9.2500000E+00	-5.7523E-03	4.0240E-01
9.2600000E+00	-5.9114E-03	3.9010E-01
9.2700000E+00	-6.0489E-03	3.7773E-01
9.2800000E+00	-5.9524E-03	3.6611E-01
9.2900000E+00	-6.0434E-03	3.5541E-01
9.3000000E+00	-6.0589E-03	3.4510E-01
9.3100000E+00	-5.9847E-03	3.3576E-01
9.3200000E+00	-5.7392E-03	3.2746E-01
9.3300000E+00	-5.6093E-03	3.2010E-01
9.3400000E+00	-5.4164E-03	3.1381E-01
9.3500000E+00	-5.2052E-03	3.0843E-01
9.3600000E+00	-4.8393E-03	3.0446E-01
9.3700000E+00	-4.3998E-03	3.0142E-01
9.3800000E+00	-3.8628E-03	3.0011E-01
9.3900000E+00	-3.4314E-03	2.9980E-01
9.4000000E+00	-2.8936E-03	3.0079E-01
9.4100000E+00	-2.4407E-03	3.0276E-01
9.4200000E+00	-1.7682E-03	3.0644E-01
9.4300000E+00	-1.2483E-03	3.1112E-01
9.4400000E+00	-4.9975E-04	3.1713E-01
9.4500000E+00	-9.8934E-05	3.2409E-01
9.4600000E+00	6.5968E-04	3.3210E-01
9.4700000E+00	1.2283E-03	3.4143E-01
9.4800000E+00	1.7525E-03	3.5142E-01
9.4900000E+00	2.3741E-03	3.6243E-01
9.5000000E+00	3.0141E-03	3.7408E-01
9.5100000E+00	3.6194E-03	3.8672E-01
9.5200000E+00	4.2977E-03	3.9974E-01
9.5300000E+00	4.9348E-03	4.1338E-01
9.5400000E+00	5.6693E-03	4.2735E-01
9.5500000E+00	6.3694E-03	4.4138E-01
9.5600000E+00	7.2543E-03	4.5575E-01
9.5700000E+00	8.0895E-03	4.7038E-01
9.5800000E+00	8.8496E-03	4.8464E-01
9.5900000E+00	9.6410E-03	4.9870E-01
9.6000000E+00	1.0297E-02	5.1235E-01
9.6100000E+00	1.0607E-02	5.2568E-01
9.6200000E+00	1.0607E-02	5.3865E-01
9.6300000E+00	1.0304E-02	5.5065E-01
9.6400000E+00	1.0092E-02	5.6234E-01
9.6500000E+00	9.7355E-03	5.7267E-01
9.6600000E+00	9.4803E-03	5.8266E-01
9.6700000E+00	9.0127E-03	5.9128E-01
9.6800000E+00	8.5579E-03	5.9896E-01
9.6900000E+00	8.0501E-03	6.0529E-01
9.7000000E+00	7.5987E-03	6.1063E-01
9.7100000E+00	7.0714E-03	6.1496E-01
9.7200000E+00	6.5736E-03	6.1760E-01
9.7300000E+00	6.0510E-03	6.1927E-01
9.7400000E+00	5.5053E-03	6.1962E-01
9.7500000E+00	5.0294E-03	6.1897E-01
9.7600000E+00	4.4028E-03	6.1662E-01
9.7700000E+00	3.8185E-03	6.1330E-01
9.7800000E+00	3.2053E-03	6.0860E-01
9.7900000E+00	2.5360E-03	6.0299E-01
9.8000000E+00	1.9128E-03	5.9596E-01
9.8100000E+00	1.3289E-03	5.8833E-01
9.8200000E+00	6.5071E-04	5.7929E-01
9.8300000E+00	-2.1638E-06	5.6964E-01
9.8400000E+00	-7.1613E-04	5.5901E-01
9.8500000E+00	-1.4078E-03	5.4799E-01
9.8600000E+00	-2.1069E-03	5.3603E-01
9.8700000E+00	-2.9014E-03	5.2369E-01
9.8800000E+00	-3.5494E-03	5.1102E-01
9.8900000E+00	-4.1918E-03	4.9807E-01
9.9000000E+00	-4.6751E-03	4.8469E-01
9.9100000E+00	-5.0791E-03	4.7169E-01
9.9200000E+00	-5.3823E-03	4.5839E-01
9.9300000E+00	-5.6591E-03	4.4537E-01
9.9400000E+00	-5.7132E-03	4.3273E-01
9.9500000E+00	-5.8324E-03	4.2074E-01
9.9600000E+00	-5.9205E-03	4.0872E-01
9.9700000E+00	-5.7815E-03	3.9772E-01
9.9800000E+00	-5.8083E-03	3.8738E-01
9.9900000E+00	-5.6885E-03	3.7775E-01
1.0000000E+01	-5.5906E-03	3.6909E-01
1.0010000E+01	-5.3882E-03	3.6172E-01
1.0020000E+01	-5.1833E-03	3.5509E-01
1.0030000E+01	-4.9587E-03	3.4944E-01
1.0040000E+01	-4.5863E-03	3.4510E-01
1.0050000E+01	-4.2155E-03	3.4211E-01
1.0060000E+01	-3.8549E-03	3.4010E-01
1.0070000E+01	-3.3350E-03	3.3980E-01
1.0080000E+01	-2.8275E-03	3.4042E-01
1.0090000E+01	-2.4196E-03	3.4211E-01
1.0100000E+01	-1.7741E-03	3.4544E-01
1.0110000E+01	-1.3100E-03	3.4976E-01
1.0120000E+01	-6.3789E-04	3.5542E-01
1.0130000E+01	-9.5329E-06	3.6208E-01
1.0140000E+01	4.8230E-04	3.7006E-01
1.0150000E+01	1.0590E-03	3.7906E-01
1.0160000E+01	1.7523E-03	3.8906E-01
1.0170000E+01	2.4188E-03	3.9976E-01
1.0180000E+01	2.9895E-03	4.1140E-01
1.0190000E+01	3.7610E-03	4.2373E-01
1.0200000E+01	4.4053E-03	4.3675E-01
1.0210000E+01	5.1159E-03	4.5005E-01
1.0220000E+01	6.0321E-03	4.6404E-01
1.0230000E+01	6.8504E-03	4.7802E-01
1.0240000E+01	7.7194E-03	4.9236E-01
1.0250000E+01	8.3721E-03	5.0635E-01
1.0260000E+01	8.8682E-03	5.1934E-01
1.0270000E+01	9.0648E-03	5.3236E-01
1.0280000E+01	9.0291E-03	5.4499E-01
1.0290000E+01	9.0370E-03	5.5735E-01
1.0300000E+01	8.9382E-03	5.6934E-01
1.0310000E+01	8.6086E-03	5.8031E-01
1.0320000E+01	8.3530E-03	5.9065E-01
1.0330000E+01	8.0947E-03	6.0030E-01
1.0340000E+01	7.8813E-03	6.0932E-01
1.0350000E+01	7.5784E-03	6.1697E-01
1.0360000E+01	7.2259E-03	6.2362E-01
1.0370000E+01	6.9858E-03	6.2928E-01
1.0380000E+01	6.4173E-03	6.3364E-01
1.0390000E+01	6.0772E-03	6.3696E-01
1.0400000E+01	5.6529E-03	6.3893E-01
1.0410000E+01	5.1358E-03	6.3966E-01
1.0420000E+01	4.7126E-03	6.3926E-01
1.0430000E+01	4.2103E-03	6.3761E-01
1.0440000E+01	3.5653E-03	6.3430E-01
1.0450000E+01	3.0570E-03	6.3029E-01
1.0460000E+01	2.4612E-03	6.2461E-01
1.0470000E+01	1.8942E-03	6.1794E-01
1.0480000E+01	1.3240E-03	6.1029E-01
1.0490000E+01	6.2065E-04	6.0132E-01
1.0500000E+01	4.0495E-05	5.9165E-01
1.0510000E+01	-5.9312E-04	5.8098E-01
1.0520000E+01	-1.1983E-03	5.6932E-01
1.0530000E+01	-1.8844E-03	5.5696E-01
1.0540000E+01	-2.5754E-03	5.4433E-01
1.0550000E+01	-3.3726E-03	5.3070E-01
1.0560000E+01	-4.0280E-03	5.1705E-01
1.0570000E+01	-4.6002E-03	5.0304E-01
1.0580000E+01	-5.2169E-03	4.8870E-01
1.0590000E+01	-5.7001E-03	4.7405E-01
1.0600000E+01	-5.9336E-03	4.5970E-01
1.0610000E+01	-6.1631E-03	4.4571E-01
1.0620000E+01	-6.3782E-03	4.3173E-01
1.0630000E+01	-6.5712E-03	4.1841E-01
1.0640000E+01	-6.5565E-03	4.0508E-01
1.0650000E+01	-6.6296E-03	3.9274E-01
1.0660000E+01	-6.5683E-03	3.8110E-01
1.0670000E+01	-6.4870E-03	3.7009E-01
1.0680000E+01	-6.5037E-03	3.6009E-01
1.0690000E+01	-6.2643E-03	3.5111E-01
1.0700000E+01	-5.9875E-03	3.4311E-01
1.0710000E+01	-5.8683E-03	3.3608E-01
1.0720000E+01	-5.5302E-03	3.3045E-01
1.0730000E+01	-5.2452E-03	3.2575E-01
1.0740000E+01	-4.7695E-03	3.2243E-01
1.0750000E+01	-4.4007E-03	3.2048E-01
1.0760000E+01	-3.8768E-03	3.1977E-01
1.0770000E+01	-3.4822E-03	3.2012E-01
1.0780000E+01	-3.0234E-03	3.2181E-01
1.0790000E+01	-2.4632E-03	3.2480E-01
1.0800000E+01	-1.8128E-03	3.2909E-01
1.0810000E+01	-1.2416E-03	3.3446E-01
1.0820000E+01	-6.9009E-04	3.4075E-01
1.0830000E+01	-7.8271E-05	3.4842E-01
1.0840000E+01	4.7209E-04	3.5676E-01
1.0850000E+01	1.1404E-03	3.6642E-01
1.0860000E+01	1.6322E-03	3.7640E-01
1.0870000E+01	2.2614E-03	3.8739E-01
1.0880000E+01	2.8176E-03	3.9910E-01
1.0890000E+01	3.3185E-03	4.1139E-01
1.0900000E+01	3.9782E-03	4.2408E-01
1.0910000E+01	4.6146E-03	4.3707E-01
1.0920000E+01	5.2621E-03	4.5002E-01
1.0930000E+01	5.8919E-03	4.6334E-01
1.0940000E+01	6.4617E-03	4.7633E-01
1.0950000E+01	7.0895E-03	4.8936E-01
1.0960000E+01	7.7726E-03	5.0232E-01
1.0970000E+01	8.1855E-03	5.1467E-01
1.0980000E+01	8.4019E-03	5.2668E-01
1.0990000E+01	8.2999E-03	5.3767E-01
1.1000000E+01	8.1766E-03	5.4832E-01
1.1010000E+01	7.9336E-03	5.5830E-01
1.1020000E+01	7.6435E-03	5.6732E-01
1.1030000E+01	7.3370E-03	5.7534E-01
1.1040000E+01	6.9342E-03	5.8232E-01
1.1050000E+01	6.5394E-03	5.8800E-01
1.1060000E+01	6.1913E-03	5.9297E-01
1.1070000E+01	5.6657E-03	5.9632E-01
1.1080000E+01	5.1852E-03	5.9863E-01
1.1090000E+01	4.7125E-03	5.9967E-01
1.1100000E+01	4.2900E-03	5.9966E-01
1.1110000E+01	3.6866E-03	5.9798E-01
1.1120000E+01	3.2021E-03	5.9530E-01
1.1130000E+01	2.6112E-03	5.9128E-01
1.1140000E+01	2.0111E-03	5.8598E-01
1.1150000E+01	1.4362E-03	5.7967E-01
1.1160000E+01	8.0155E-04	5.7230E-01
1.1170000E+01	1.5495E-04	5.6368E-01
1.1180000E+01	-5.1530E-04	5.5401E-01
1.1190000E+01	-1.2409E-03	5.4333E-01
1.1200000E+01	-1.9283E-03	5.3198E-01
1.1210000E+01	-2.6254E-03	5.2001E-01
1.1220000E+01	-3.3083E-03	5.0736E-01
1.1230000E+01	-3.9421E-03	4.9402E-01
1.1240000E+01	-4.5046E-03	4.8035E-01
1.1250000E+01	-4.9894E-03	4.6639E-01
1.1260000E+01	-5.3793E-03	4.5204E-01
1.1270000E+01	-5.7401E-03	4.3774E-01
1.1280000E+01	-6.0482E-03	4.2307E-01
1.1290000E+01	-6.3050E-03	4.0906E-01
1.1300000E+01	-6.4903E-03	3.9508E-01
1.1310000E+01	-6.6369E-03	3.8142E-01
1.1320000E+01	-6.8063E-03	3.6809E-01
1.1330000E+01	-6.7626E-03	3.5573E-01
1.1340000E+01	-6.8176E-03	3.4377E-01
1.1350000E+01	-6.7786E-03	3.3279E-01
1.1360000E+01	-6.6864E-03	3.2241E-01
1.1370000E+01	-6.6124E-03	3.1309E-01
1.1380000E+01	-6.4720E-03	3.0477E-01
1.1390000E+01	-6.2720E-03	2.9776E-01
1.1400000E+01	-6.0308E-03	2.9179E-01
1.1410000E+01	-5.7257E-03	2.8677E-01
1.1420000E+01	-5.3735E-03	2.8311E-01
1.1430000E+01	-4.9291E-03	2.8078E-01
1.1440000E+01	-4.4850E-03	2.7981E-01
1.1450000E+01	-4.0078E-03	2.7982E-01
1.1460000E+01	-3.3914E-03	2.8147E-01
1.1470000E+01	-2.8975E-03	2.8409E-01
1.1480000E+01	-2.3159E-03	2.8780E-01
1.1490000E+01	-1.6830E-03	2.9313E-01
1.1500000E+01	-1.1274E-03	2.9914E-01
1.1510000E+01	-4.8104E-04	3.0644E-01
1.1520000E+01	9.7483E-05	3.1477E-01
1.1530000E+01	6.5424E-04	3.2410E-01
1.1540000E+01	1.2780E-03	3.3412E-01
1.1550000E+01	1.8587E-03	3.4511E-01
1.1560000E+01	2.3718E-03	3.5642E-01
1.1570000E+01	2.8975E-03	3.6845E-01
1.1580000E+01	3.4510E-03	3.8107E-01
1.1590000E+01	3.9081E-03	3.9376E-01
1.1600000E+01	4.4822E-03	4.0707E-01
1.1610000E+01	4.9137E-03	4.2006E-01
1.1620000E+01	5.5306E-03	4.3337E-01
1.1630000E+01	5.9171E-03	4.4637E-01
1.1640000E+01	6.4449E-03	4.5937E-01
1.1650000E+01	6.8489E-03	4.7168E-01
1.1660000E+01	7.2696E-03	4.8370E-01
1.1670000E+01	7.6988E-03	4.9535E-01
1.1680000E+01	7.8786E-03	5.0603E-01
1.1690000E+01	7.9182E-03	5.1599E-01
1.1700000E+01	7.8844E-03	5.2534E-01
1.1710000E+01	7.5808E-03	5.3334E-01
1.1720000E+01	7.2627E-03	5.4067E-01
1.1730000E+01	6.8635E-03	5.4700E-01
1.1740000E+01	6.3585E-03	5.5198E-01
1.1750000E+01	5.9112E-03	5.5568E-01
1.1760000E+01	5.3809E-03	5.5833E-01
1.1770000E+01	4.8787E-03	5.5966E-01
1.1780000E+01	4.3000E-03	5.5966E-01
1.1790000E+01	3.7022E-03	5.5832E-01
1.1800000E+01	3.0783E-03	5.5598E-01
1.1810000E+01	2.4947E-03	5.5234E-01
1.1820000E+01	1.8006E-03	5.4736E-01
1.1830000E+01	1.1206E-03	5.4133E-01
1.1840000E+01	4.7429E-04	5.3403E-01
1.1850000E+01	-2.4594E-04	5.2567E-01
1.1860000E+01	-9.4766E-04	5.1638E-01
1.1870000E+01	-1.6691E-03	5.0605E-01
1.1880000E+01	-2.3351E-03	4.9503E-01
1.1890000E+01	-3.0471E-03	4.8303E-01
1.1900000E+01	-3.5676E-03	4.7034E-01
1.1910000E+01	-4.0783E-03	4.5704E-01
1.1920000E+01	-4.6093E-03	4.4336E-01
1.1930000E+01	-5.0100E-03	4.2937E-01
1.1940000E+01	-5.3632E-03	4.1541E-01
1.1950000E+01	-5.7317E-03	4.0105E-01
1.1960000E+01	-6.1078E-03	3.8640E-01
1.1970000E+01	-6.2031E-03	3.7244E-01
1.1980000E+01	-6.4595E-03	3.5809E-01
1.1990000E+01	-6.6835E-03	3.4443E-01
1.2000000E+01	-6.8190E-03	3.3145E-01
1.2010000E+01	-7.0137E-03	3.1846E-01
1.2020000E+01	-7.0338E-03	3.0646E-01
1.2030000E+01	-7.0562E-03	2.9513E-01
1.2040000E+01	-7.0590E-03	2.8480E-01
1.2050000E+01	-7.0074E-03	2.7511E-01
1.2060000E+01	-6.8521E-03	2.6678E-01
1.2070000E+01	-6.6399E-03	2.5951E-01
1.2080000E+01	-6.3935E-03	2.5314E-01
1.2090000E+01	-6.1668E-03	2.4782E-01
1.2100000E+01	-5.7688E-03	2.4380E-01
1.2110000E+01	-5.3608E-03	2.4113E-01
1.2120000E+01	-4.9272E-03	2.3985E-01
1.2130000E+01	-4.4096E-03	2.3981E-01
1.2140000E+01	-3.8527E-03	2.4082E-01
1.2150000E+01	-3.3054E-03	2.4313E-01
1.2160000E+01	-2.7265E-03	2.4679E-01
1.2170000E+01	-2.1324E-03	2.5186E-01
1.2180000E+01	-1.4603E-03	2.5779E-01
1.2190000E+01	-8.0427E-04	2.6483E-01
1.2200000E+01	-3.4029E-04	2.7281E-01
1.2210000E+01	3.6327E-04	2.8178E-01
1.2220000E+01	1.0668E-03	2.9177E-01
1.2230000E+01	1.6221E-03	3.0244E-01
1.2240000E+01	1.9831E-03	3.1378E-01
1.2250000E+01	2.6555E-03	3.2577E-01
1.2260000E+01	3.1875E-03	3.3812E-01
1.2270000E+01	3.7217E-03	3.5076E-01
1.2280000E+01	4.0560E-03	3.6376E-01
1.2290000E+01	4.5018E-03	3.7708E-01
1.2300000E+01	4.8722E-03	3.9042E-01
1.2310000E+01	5.2981E-03	4.0340E-01
1.2320000E+01	5.7094E-03	4.1636E-01
1.2330000E+01	5.9735E-03	4.2901E-01
1.2340000E+01	6.4136E-03	4.4108E-01
1.2350000E+01	6.5995E-03	4.5270E-01
1.2360000E+01	6.9371E-03	4.6370E-01
1.2370000E+01	7.0236E-03	4.7367E-01
1.2380000E+01	7.1147E-03	4.8335E-01
1.2390000E+01	7.1194E-03	4.9170E-01
1.2400000E+01	6.9992E-03	4.9903E-01
1.2410000E+01	6.8680E-03	5.0568E-01
1.2420000E+01	6.5699E-03	5.1068E-01
1.2430000E+01	6.1922E-03	5.1501E-01
1.2440000E+01	5.5076E-03	5.1766E-01
1.2450000E+01	5.0484E-03	5.1936E-01
1.2460000E+01	4.4520E-03	5.1967E-01
1.2470000E+01	3.7504E-03	5.1899E-01
1.2480000E+01	3.0993E-03	5.1668E-01
1.2490000E+01	2.3862E-03	5.1335E-01
1.2500000E+01	1.7791E-03	5.0868E-01
1.2510000E+01	9.9078E-04	5.0268E-01
1.2520000E+01	2.8534E-04	4.9568E-01
1.2530000E+01	-3.9849E-04	4.8768E-01
1.2540000E+01	-1.0635E-03	4.7870E-01
1.2550000E+01	-1.7264E-03	4.6868E-01
1.2560000E+01	-2.3662E-03	4.5771E-01
1.2570000E+01	-2.9630E-03	4.4569E-01
1.2580000E+01	-3.4325E-03	4.3339E-01
1.2590000E+01	-3.9241E-03	4.2038E-01
1.2600000E+01	-4.5291E-03	4.0671E-01
1.2610000E+01	-4.9040E-03	3.9269E-01
1.2620000E+01	-5.2489E-03	3.7875E-01
1.2630000E+01	-5.5882E-03	3.6441E-01
1.2640000E+01	-5.9649E-03	3.5007E-01
1.2650000E+01	-6.2297E-03	3.3576E-01
1.2660000E+01	-6.5378E-03	3.2146E-01
1.2670000E+01	-6.8012E-03	3.0778E-01
1.2680000E+01	-7.0105E-03	2.9444E-01
1.2690000E+01	-7.1802E-03	2.8144E-01
1.2700000E+01	-7.2429E-03	2.6910E-01
1.2710000E+01	-7.3054E-03	2.5777E-01
1.2720000E+01	-7.3406E-03	2.4713E-01
1.2730000E+01	-7.2545E-03	2.3747E-01
1.2740000E+01	-7.0715E-03	2.2885E-01
1.2750000E+01	-6.9600E-03	2.2081E-01
1.2760000E+01	-6.6610E-03	2.1447E-01
1.2770000E+01	-6.3614E-03	2.0880E-01
1.2780000E+01	-5.9731E-03	2.0482E-01
1.2790000E+01	-5.5734E-03	2.0180E-01
1.2800000E+01	-5.1233E-03	2.0017E-01
1.2810000E+01	-4.6022E-03	1.9982E-01
1.2820000E+01	-4.2284E-03	2.0049E-01
1.2830000E+01	-3.6421E-03	2.0252E-01
1.2840000E+01	-3.0577E-03	2.0582E-01
1.2850000E+01	-2.4469E-03	2.1048E-01
1.2860000E+01	-1.9008E-03	2.1613E-01
1.2870000E+01	-1.2144E-03	2.2314E-01
1.2880000E+01	-6.5980E-04	2.3080E-01
1.2890000E+01	3.6624E-05	2.3949E-01
1.2900000E+01	6.6514E-04	2.4948E-01
1.2910000E+01	1.2389E-03	2.5980E-01
1.2920000E+01	1.8266E-03	2.7112E-01
1.2930000E+01	2.4407E-03	2.8280E-01
1.2940000E+01	2.9248E-03	2.9513E-01
1.2950000E+01	3.4195E-03	3.0779E-01
1.2960000E+01	3.8667E-03	3.2077E-01
1.2970000E+01	4.4009E-03	3.3412E-01
1.2980000E+01	4.6882E-03	3.4709E-01
1.2990000E+01	5.0349E-03	3.6042E-01
1.3000000E+01	5.3349E-03	3.7344E-01
1.3010000E+01	5.6015E-03	3.8605E-01
1.3020000E+01	5.8126E-03	3.9842E-01
1.3030000E+01	6.0060E-03	4.1008E-01
1.3040000E+01	6.1649E-03	4.2105E-01
1.3050000E+01	6.3767E-03	4.3138E-01
1.3060000E+01	6.3634E-03	4.4105E-01
1.3070000E+01	6.3785E-03	4.4970E-01
1.3080000E+01	6.3148E-03	4.5738E-01
1.3090000E+01	6.3203E-03	4.6404E-01
1.3100000E+01	5.9788E-03	4.6973E-01
1.3110000E+01	5.6857E-03	4.7403E-01
1.3120000E+01	5.3008E-03	4.7733E-01
1.3130000E+01	4.8916E-03	4.7904E-01
1.3140000E+01	4.2434E-03	4.7969E-01
1.3150000E+01	3.7346E-03	4.7937E-01
1.3160000E+01	3.0640E-03	4.7737E-01
1.3170000E+01	2.4526E-03	4.7437E-01
1.3180000E+01	1.7390E-03	4.7002E-01
1.3190000E+01	1.0343E-03	4.6437E-01
1.3200000E+01	4.0274E-04	4.5768E-01
1.3210000E+01	-2.7973E-04	4.4971E-01
1.3220000E+01	-9.0185E-04	4.4073E-01
1.3230000E+01	-1.4591E-03	4.3104E-01
1.3240000E+01	-2.1135E-03	4.2038E-01
1.3250000E+01	-2.5845E-03	4.0873E-01
1.3260000E+01	-3.2094E-03	3.9639E-01
1.3270000E+01	-3.7559E-03	3.8340E-01
1.3280000E+01	-4.1734E-03	3.7005E-01
1.3290000E+01	-4.6690E-03	3.5603E-01
1.3300000E+01	-5.1132E-03	3.4211E-01
1.3310000E+01	-5.5526E-03	3.2775E-01
1.3320000E+01	-5.8932E-03	3.1345E-01
1.3330000E+01	-6.3002E-03	2.9912E-01
1.3340000E+01	-6.6573E-03	2.8480E-01
1.3350000E+01	-6.8939E-03	2.7078E-01
1.3360000E+01	-7.0587E-03	2.5745E-01
1.3370000E+01	-7.2949E-03	2.4446E-01
1.3380000E+01	-7.3230E-03	2.3214E-01
1.3390000E+01	-7.3798E-03	2.2048E-01
1.3400000E+01	-7.3230E-03	2.0949E-01
1.3410000E+01	-7.2251E-03	1.9950E-01
1.3420000E+01	-7.0942E-03	1.9050E-01
1.3430000E+01	-6.8216E-03	1.8285E-01
1.3440000E+01	-6.6395E-03	1.7581E-01
1.3450000E+01	-6.2797E-03	1.7016E-01
1.3460000E+01	-5.9348E-03	1.6586E-01
1.3470000E+01	-5.6109E-03	1.6253E-01
1.3480000E+01	-5.1501E-03	1.6052E-01
1.3490000E+01	-4.7128E-03	1.5983E-01
1.3500000E+01	-4.2490E-03	1.6018E-01
1.3510000E+01	-3.6936E-03	1.6217E-01
1.3520000E+01	-3.0789E-03	1.6517E-01
1.3530000E+01	-2.5791E-03	1.6952E-01
1.3540000E+01	-2.0537E-03	1.7484E-01
1.3550000E+01	-1.5138E-03	1.8116E-01
1.3560000E+01	-8.4280E-04	1.8884E-01
1.3570000E+01	-2.7569E-04	1.9749E-01
1.3580000E+01	2.0557E-04	2.0714E-01
1.3590000E+01	8.7513E-04	2.1749E-01
1.3600000E+01	1.5086E-03	2.2847E-01
1.3610000E+01	2.0856E-03	2.4015E-01
1.3620000E+01	2.5819E-03	2.5215E-01
1.3630000E+01	3.1647E-03	2.6479E-01
1.3640000E+01	3.6731E-03	2.7780E-01
1.3650000E+01	4.1409E-03	2.9113E-01
1.3660000E+01	4.4158E-03	3.0412E-01
1.3670000E+01	4.9047E-03	3.1744E-01
1.3680000E+01	5.1775E-03	3.3045E-01
1.3690000E+01	5.3357E-03	3.4309E-01
1.3700000E+01	5.5482E-03	3.5544E-01
1.3710000E+01	5.7362E-03	3.6741E-01
1.3720000E+01	5.8998E-03	3.7875E-01
1.3730000E+01	5.8457E-03	3.8904E-01
1.3740000E+01	5.9680E-03	3.9909E-01
1.3750000E+01	5.9586E-03	4.0772E-01
1.3760000E+01	5.8174E-03	4.1573E-01
1.3770000E+01	5.7119E-03	4.2271E-01
1.3780000E+01	5.4862E-03	4.2838E-01
1.3790000E+01	5.2921E-03	4.3304E-01
1.3800000E+01	4.9743E-03	4.3672E-01
1.3810000E+01	4.4835E-03	4.3871E-01
1.3820000E+01	4.0326E-03	4.3971E-01
1.3830000E+01	3.5401E-03	4.3939E-01
1.3840000E+01	2.9794E-03	4.3803E-01
1.3850000E+01	2.4390E-03	4.3508E-01
1.3860000E+01	1.7533E-03	4.3104E-01
1.3870000E+01	1.1841E-03	4.2573E-01
1.3880000E+01	5.4496E-04	4.1939E-01
1.3890000E+01	-8.3498E-05	4.1171E-01
1.3900000E+01	-7.0624E-04	4.0307E-01
1.3910000E+01	-1.2626E-03	3.9343E-01
1.3920000E+01	-1.9867E-03	3.8276E-01
1.3930000E+01	-2.4219E-03	3.7143E-01
1.3940000E+01	-2.9751E-03	3.5942E-01
1.3950000E+01	-3.6264E-03	3.4641E-01
1.3960000E+01	-4.1356E-03	3.3309E-01
1.3970000E+01	-4.6541E-03	3.1943E-01
1.3980000E+01	-5.1142E-03	3.0542E-01
1.3990000E+01	-5.6009E-03	2.9111E-01
1.4000000E+01	-5.9633E-03	2.7675E-01
1.4010000E+01	-6.2985E-03	2.6245E-01
1.4020000E+01	-6.6297E-03	2.4813E-01
1.4030000E+01	-6.8712E-03	2.3415E-01
1.4040000E+01	-7.1425E-03	2.2046E-01
1.4050000E+01	-7.2070E-03	2.0749E-01
1.4060000E+01	-7.3262E-03	1.9481E-01
1.4070000E+01	-7.2849E-03	1.8317E-01
1.4080000E+01	-7.2352E-03	1.7218E-01
1.4090000E+01	-7.1779E-03	1.6185E-01
1.4100000E+01	-6.9906E-03	1.5249E-01
1.4110000E+01	-6.7625E-03	1.4452E-01
1.4120000E+01	-6.5115E-03	1.3749E-01
1.4130000E+01	-6.2166E-03	1.3155E-01
1.4140000E+01	-5.9391E-03	1.2653E-01
1.4150000E+01	-5.5580E-03	1.2320E-01
1.4160000E+01	-5.1199E-03	1.2086E-01
1.4170000E+01	-4.7438E-03	1.1984E-01
1.4180000E+01	-4.2222E-03	1.2023E-01
1.4190000E+01	-3.8226E-03	1.2154E-01
1.4200000E+01	-3.2756E-03	1.2422E-01
1.4210000E+01	-2.7680E-03	1.2820E-01
1.4220000E+01	-2.2890E-03	1.3352E-01
1.4230000E+01	-1.6843E-03	1.3987E-01
1.4240000E+01	-1.1672E-03	1.4718E-01
1.4250000E+01	-5.7705E-04	1.5551E-01
1.4260000E+01	-4.0716E-05	1.6484E-01
1.4270000E+01	5.8213E-04	1.7483E-01
1.4280000E+01	1.0901E-03	1.8585E-01
1.4290000E+01	1.6970E-03	1.9719E-01
1.4300000E+01	2.2733E-03	2.0949E-01
1.4310000E+01	2.7619E-03	2.2183E-01
1.4320000E+01	3.3187E-03	2.3483E-01
1.4330000E+01	3.8120E-03	2.4782E-01
1.4340000E+01	4.2790E-03	2.6112E-01
1.4350000E+01	4.6777E-03	2.7449E-01
1.4360000E+01	4.9349E-03	2.8745E-01
1.4370000E+01	5.1699E-03	3.0011E-01
1.4380000E+01	5.3892E-03	3.1277E-01
1.4390000E+01	5.6223E-03	3.2478E-01
1.4400000E+01	5.7091E-03	3.3611E-01
1.4410000E+01	5.7511E-03	3.4676E-01
1.4420000E+01	5.7717E-03	3.5676E-01
1.4430000E+01	5.6456E-03	3.6578E-01
1.4440000E+01	5.5476E-03	3.7408E-01
1.4450000E+01	5.4301E-03	3.8109E-01
1.4460000E+01	5.2450E-03	3.8743E-01
1.4470000E+01	4.9500E-03	3.9208E-01
1.4480000E+01	4.6631E-03	3.9608E-01
1.4490000E+01	4.2163E-03	3.9839E-01
1.4500000E+01	3.9044E-03	3.9971E-01
1.4510000E+01	3.3952E-03	3.9974E-01
1.4520000E+01	2.8780E-03	3.9842E-01
1.4530000E+01	2.3280E-03	3.9574E-01
1.4540000E+01	1.7642E-03	3.9207E-01
1.4550000E+01	1.2523E-03	3.8709E-01
1.4560000E+01	6.8072E-04	3.8109E-01
1.4570000E+01	5.8807E-05	3.7373E-01
1.4580000E+01	-5.8415E-04	3.6509E-01
1.4590000E+01	-1.1854E-03	3.5572E-01
1.4600000E+01	-1.7568E-03	3.4544E-01
1.4610000E+01	-2.3752E-03	3.3410E-01
1.4620000E+01	-2.9774E-03	3.2210E-01
1.4630000E+01	-3.5225E-03	3.0944E-01
1.4640000E+01	-4.0203E-03	2.9646E-01
1.4650000E+01	-4.5704E-03	2.8277E-01
1.4660000E+01	-5.0127E-03	2.6879E-01
1.4670000E+01	-5.5349E-03	2.5448E-01
1.4680000E+01	-5.9148E-03	2.4014E-01
1.4690000E+01	-6.2725E-03	2.2580E-01
1.4700000E+01	-6.5679E-03	2.1148E-01
1.4710000E+01	-6.8644E-03	1.9746E-01
1.4720000E+01	-6.9572E-03	1.8383E-01
1.4730000E+01	-7.0702E-03	1.7048E-01
1.4740000E+01	-7.1634E-03	1.5784E-01
1.4750000E+01	-7.1178E-03	1.4580E-01
1.4760000E+01	-7.0964E-03	1.3452E-01
1.4770000E+01	-7.0015E-03	1.2421E-01
1.4780000E+01	-6.7682E-03	1.1487E-01
1.4790000E+01	-6.6817E-03	1.0620E-01
1.4800000E+01	-6.4879E-03	9.8858E-02
1.4810000E+01	-6.1895E-03	9.2532E-02
1.4820000E+01	-5.9059E-03	8.7495E-02
1.4830000E+01	-5.5064E-03	8.3876E-02
1.4840000E+01	-5.1905E-03	8.1181E-02
1.4850000E+01	-4.7437E-03	7.9844E-02
1.4860000E+01	-4.3215E-03	7.9873E-02
1.4870000E+01	-3.7974E-03	8.1205E-02
1.4880000E+01	-3.4084E-03	8.3528E-02
1.4890000E+01	-2.9053E-03	8.7194E-02
1.4900000E+01	-2.3672E-03	9.2185E-02
1.4910000E+01	-1.8236E-03	9.8202E-02
1.4920000E+01	-1.3336E-03	1.0521E-01
1.4930000E+01	-7.7519E-04	1.1352E-01
1.4940000E+01	-2.2818E-04	1.2255E-01
1.4950000E+01	3.3770E-04	1.3253E-01
1.4960000E+01	8.4703E-04	1.4317E-01
1.4970000E+01	1.3493E-03	1.5450E-01
1.4980000E+01	1.8317E-03	1.6650E-01
1.4990000E+01	2.2919E-03	1.7883E-01
1.5000000E+01	2.8670E-03	1.9181E-01
1.5010000E+01	3.3475E-03	2.0484E-01
1.5020000E+01	3.8246E-03	2.1818E-01
1.5030000E+01	4.2831E-03	2.3116E-01
1.5040000E+01	4.7045E-03	2.4445E-01
1.5050000E+01	4.8796E-03	2.5715E-01
1.5060000E+01	5.2032E-03	2.6982E-01
1.5070000E+01	5.3139E-03	2.8179E-01
1.5080000E+01	5.4436E-03	2.9344E-01
1.5090000E+01	5.5760E-03	3.0446E-01
1.5100000E+01	5.6521E-03	3.1442E-01
1.5110000E+01	5.5271E-03	3.2379E-01
1.5120000E+01	5.4738E-03	3.3243E-01
1.5130000E+01	5.2888E-03	3.3975E-01
1.5140000E+01	5.1186E-03	3.4609E-01
1.5150000E+01	4.6877E-03	3.5107E-01
1.5160000E+01	4.5721E-03	3.5509E-01
1.5170000E+01	4.1674E-03	3.5806E-01
1.5180000E+01	3.7705E-03	3.5941E-01
1.5190000E+01	3.3357E-03	3.5974E-01
1.5200000E+01	2.8732E-03	3.5873E-01
1.5210000E+01	2.3090E-03	3.5674E-01
1.5220000E+01	1.8605E-03	3.5309E-01
1.5230000E+01	1.3221E-03	3.4842E-01
1.5240000E+01	7.3565E-04	3.4245E-01
1.5250000E+01	8.1164E-05	3.3543E-01
1.5260000E+01	-5.8044E-04	3.2710E-01
1.5270000E+01	-1.0963E-03	3.1808E-01
1.5280000E+01	-1.6963E-03	3.0778E-01
1.5290000E+01	-2.2819E-03	2.9676E-01
1.5300000E+01	-2.8528E-03	2.8510E-01
1.5310000E+01	-3.4541E-03	2.7247E-01
1.5320000E+01	-4.0733E-03	2.5947E-01
1.5330000E+01	-4.5149E-03	2.4580E-01
1.5340000E+01	-4.9417E-03	2.3213E-01
1.5350000E+01	-5.3516E-03	2.1781E-01
1.5360000E+01	-5.7034E-03	2.0350E-01
1.5370000E+01	-6.0602E-03	1.8916E-01
1.5380000E+01	-6.3259E-03	1.7481E-01
1.5390000E+01	-6.6448E-03	1.6051E-01
1.5400000E+01	-6.6096E-03	1.4683E-01
1.5410000E+01	-6.7795E-03	1.3353E-01
1.5420000E+01	-6.7953E-03	1.2086E-01
1.5430000E+01	-6.8186E-03	1.0854E-01
1.5440000E+01	-6.8142E-03	9.7212E-02
1.5450000E+01	-6.8039E-03	8.6563E-02
1.5460000E+01	-6.6610E-03	7.6902E-02
1.5470000E+01	-6.4573E-03	6.8208E-02
1.5480000E+01	-6.2609E-03	6.0568E-02
1.5490000E+01	-6.0544E-03	5.4254E-02
1.5500000E+01	-5.8527E-03	4.8901E-02
1.5510000E+01	-5.5544E-03	4.4558E-02
1.5520000E+01	-5.1608E-03	4.1888E-02
1.5530000E+01	-4.7880E-03	4.0240E-02
1.5540000E+01	-4.3389E-03	3.9900E-02
1.5550000E+01	-3.9677E-03	4.0537E-02
1.5560000E+01	-3.4362E-03	4.2905E-02
1.5570000E+01	-2.9729E-03	4.6229E-02
1.5580000E+01	-2.4464E-03	5.0881E-02
1.5590000E+01	-1.9499E-03	5.6572E-02
1.5600000E+01	-1.4367E-03	6.3540E-02
1.5610000E+01	-9.2363E-04	7.1562E-02
1.5620000E+01	-3.9894E-04	8.0217E-02
1.5630000E+01	5.4985E-05	9.0193E-02
1.5640000E+01	6.8856E-04	1.0057E-01
1.5650000E+01	1.0844E-03	1.1185E-01
1.5660000E+01	1.6396E-03	1.2389E-01
1.5670000E+01	2.0895E-03	1.3622E-01
1.5680000E+01	2.5406E-03	1.4885E-01
1.5690000E+01	2.9160E-03	1.6186E-01
1.5700000E+01	3.2810E-03	1.7485E-01
1.5710000E+01	3.8182E-03	1.8820E-01
1.5720000E+01	4.1266E-03	2.0151E-01
1.5730000E+01	4.4646E-03	2.1416E-01
1.5740000E+01	4.8069E-03	2.2687E-01
1.5750000E+01	5.0380E-03	2.3913E-01
1.5760000E+01	5.2663E-03	2.5081E-01
1.5770000E+01	5.2934E-03	2.6180E-01
1.5780000E+01	5.4024E-03	2.7212E-01
1.5790000E+01	5.3758E-03	2.8178E-01
1.5800000E+01	5.3779E-03	2.9045E-01
1.5810000E+01	5.0571E-03	2.9811E-01
1.5820000E+01	4.9218E-03	3.0478E-01
1.5830000E+01	4.6908E-03	3.1012E-01
1.5840000E+01	4.3873E-03	3.1445E-01
1.5850000E+01	4.0813E-03	3.1746E-01
1.5860000E+01	3.7265E-03	3.1946E-01
1.5870000E+01	3.2239E-03	3.1978E-01
1.5880000E+01	2.8160E-03	3.1910E-01
1.5890000E+01	2.2642E-03	3.1745E-01
1.5900000E+01	1.7866E-03	3.1412E-01
1.5910000E+01	1.1605E-03	3.0979E-01
1.5920000E+01	6.2619E-04	3.0411E-01
1.5930000E+01	4.3184E-05	2.9712E-01
1.5940000E+01	-5.0219E-04	2.8913E-01
1.5950000E+01	-1.0163E-03	2.8046E-01
1.5960000E+01	-1.6781E-03	2.7047E-01
1.5970000E+01	-2.2052E-03	2.5950E-01
1.5980000E+01	-2.8567E-03	2.4780E-01
1.5990000E+01	-3.4947E-03	2.3546E-01
1.6000000E+01	-3.9363E-03	2.2247E-01
1.6010000E+01	-4.3758E-03	2.0917E-01
1.6020000E+01	-4.8591E-03	1.9516E-01
1.6030000E+01	-5.2071E-03	1.8117E-01
1.6040000E+01	-5.5306E-03	1.6684E-01
1.6050000E+01	-5.8074E-03	1.5252E-01
1.6060000E+01	-6.0443E-03	1.3817E-01
1.6070000E+01	-6.2547E-03	1.2387E-01
1.6080000E+01	-6.3971E-03	1.1021E-01
1.6090000E+01	-6.5286E-03	9.6547E-02
1.6100000E+01	-6.6236E-03	8.3539E-02
1.6110000E+01	-6.6641E-03	7.1204E-02
1.6120000E+01	-6.6695E-03	5.9896E-02
1.6130000E+01	-6.6290E-03	4.8904E-02
1.6140000E+01	-6.6777E-03	3.8906E-02
1.6150000E+01	-6.4194E-03	3.0262E-02
1.6160000E+01	-6.4272E-03	2.2224E-02
1.6170000E+01	-6.1654E-03	1.5602E-02
1.6180000E+01	-5.9246E-03	9.9411E-03
1.6190000E+01	-5.6542E-03	5.5699E-03
1.6200000E+01	-5.2202E-03	2.2712E-03
1.6210000E+01	-4.8784E-03	6.1518E-04
1.6220000E+01	-4.5227E-03	-9.5344E-05
1.6230000E+01	-4.0670E-03	2.6493E-04
1.6240000E+01	-3.5557E-03	2.2339E-03
1.6250000E+01	-3.0816E-03	5.5851E-03
1.6260000E+01	-2.5721E-03	9.9120E-03
1.6270000E+01	-2.1063E-03	1.5260E-02
1.6280000E+01	-1.5210E-03	2.1906E-02
1.6290000E+01	-1.0720E-03	2.9570E-02
1.6300000E+01	-4.5737E-04	3.8214E-02
1.6310000E+01	3.0244E-06	4.7897E-02
1.6320000E+01	4.8346E-04	5.8209E-02
1.6330000E+01	1.0011E-03	6.9249E-02
1.6340000E+01	1.4175E-03	8.0890E-02
1.6350000E+01	1.8349E-03	9.3206E-02
1.6360000E+01	2.2874E-03	1.0590E-01
1.6370000E+01	2.6131E-03	1.1884E-01
1.6380000E+01	3.0064E-03	1.3189E-01
1.6390000E+01	3.3701E-03	1.4519E-01
1.6400000E+01	3.7846E-03	1.5820E-01
1.6410000E+01	4.0626E-03	1.7116E-01
1.6420000E+01	4.3556E-03	1.8419E-01
1.6430000E+01	4.6378E-03	1.9650E-01
1.6440000E+01	4.8609E-03	2.0815E-01
1.6450000E+01	4.9302E-03	2.1949E-01
1.6460000E+01	5.0284E-03	2.2984E-01
1.6470000E+01	5.1250E-03	2.3983E-01
1.6480000E+01	5.0315E-03	2.4846E-01
1.6490000E+01	4.9343E-03	2.5651E-01
1.6500000E+01	4.7494E-03	2.6314E-01
1.6510000E+01	4.6134E-03	2.6878E-01
1.6520000E+01	4.3578E-03	2.7345E-01
1.6530000E+01	4.0102E-03	2.7677E-01
1.6540000E+01	3.6431E-03	2.7908E-01
1.6550000E+01	3.1489E-03	2.7978E-01
1.6560000E+01	2.7090E-03	2.7948E-01
1.6570000E+01	2.2401E-03	2.7783E-01
1.6580000E+01	1.7344E-03	2.7480E-01
1.6590000E+01	1.1982E-03	2.7076E-01
1.6600000E+01	6.5972E-04	2.6547E-01
1.6610000E+01	4.1555E-05	2.5877E-01
1.6620000E+01	-4.3050E-04	2.5115E-01
1.6630000E+01	-1.0600E-03	2.4244E-01
1.6640000E+01	-1.6262E-03	2.3281E-01
1.6650000E+01	-2.1812E-03	2.2213E-01
1.6660000E+01	-2.6581E-03	2.1083E-01
1.6670000E+01	-3.2603E-03	1.9845E-01
1.6680000E+01	-3.6033E-03	1.8583E-01
1.6690000E+01	-4.0143E-03	1.7249E-01
1.6700000E+01	-4.4741E-03	1.5850E-01
1.6710000E+01	-4.7889E-03	1.4449E-01
1.6720000E+01	-5.1369E-03	1.3020E-01
1.6730000E+01	-5.3622E-03	1.1586E-01
1.6740000E+01	-5.6871E-03	1.0154E-01
1.6750000E+01	-5.9762E-03	8.7230E-02
1.6760000E+01	-6.1992E-03	7.3231E-02
1.6770000E+01	-6.2785E-03	5.9891E-02
1.6780000E+01	-6.4273E-03	4.6555E-02
1.6790000E+01	-6.4279E-03	3.4217E-02
1.6800000E+01	-6.4990E-03	2.2587E-02
1.6810000E+01	-6.5482E-03	1.1578E-02
1.6820000E+01	-6.5177E-03	1.2522E-03
1.6830000E+01	-6.4621E-03	-7.7629E-03
1.6840000E+01	-6.2396E-03	-1.6040E-02
1.6850000E+01	-6.0780E-03	-2.3072E-02
1.6860000E+01	-5.8321E-03	-2.8732E-02
1.6870000E+01	-5.6107E-03	-3.3760E-02
1.6880000E+01	-5.2612E-03	-3.7073E-02
1.6890000E+01	-4.8844E-03	-3.9084E-02
1.6900000E+01	-4.5815E-03	-4.0093E-02
1.6910000E+01	-4.0991E-03	-3.9716E-02
1.6920000E+01	-3.6838E-03	-3.8402E-02
1.6930000E+01	-3.0678E-03	-3.5381E-02
1.6940000E+01	-2.6816E-03	-3.1382E-02
1.6950000E+01	-2.2190E-03	-2.6099E-02
1.6960000E+01	-1.6136E-03	-1.9766E-02
1.6970000E+01	-1.0963E-03	-1.2418E-02
1.6980000E+01	-5.4874E-04	-3.7651E-03
1.6990000E+01	-8.3785E-05	5.5886E-03
1.7000000E+01	3.9481E-04	1.5613E-02
1.7010000E+01	9.3198E-04	2.6578E-02
1.7020000E+01	1.3794E-03	3.8234E-02
1.7030000E+01	1.8186E-03	5.0214E-02
1.7040000E+01	2.2555E-03	6.2885E-02
1.7050000E+01	2.6431E-03	7.5866E-02
1.7060000E+01	2.9848E-03	8.8866E-02
1.7070000E+01	3.3249E-03	1.0221E-01
1.7080000E+01	3.5857E-03	1.1519E-01
1.7090000E+01	3.8447E-03	1.2816E-01
1.7100000E+01	4.1401E-03	1.4120E-01
1.7110000E+01	4.2972E-03	1.5354E-01
1.7120000E+01	4.4890E-03	1.6548E-01
1.7130000E+01	4.6478E-03	1.7688E-01
1.7140000E+01	4.7353E-03	1.8752E-01
1.7150000E+01	4.8125E-03	1.9748E-01
1.7160000E+01	4.7423E-03	2.0650E-01
1.7170000E+01	4.7363E-03	2.1484E-01
1.7180000E+01	4.5396E-03	2.2185E-01
1.7190000E+01	4.4009E-03	2.2783E-01
1.7200000E+01	4.1233E-03	2.3247E-01
1.7210000E+01	3.8669E-03	2.3616E-01
1.7220000E+01	3.5023E-03	2.3878E-01
1.7230000E+01	3.1133E-03	2.3982E-01
1.7240000E+01	2.6649E-03	2.3983E-01
1.7250000E+01	2.1640E-03	2.3850E-01
1.7260000E+01	1.6756E-03	2.3579E-01
1.7270000E+01	1.1479E-03	2.3179E-01
1.7280000E+01	5.7117E-04	2.2682E-01
1.7290000E+01	6.0003E-05	2.2048E-01
1.7300000E+01	-4.5191E-04	2.1312E-01
1.7310000E+01	-1.0596E-03	2.0447E-01
1.7320000E+01	-1.5801E-03	1.9514E-01
1.7330000E+01	-1.9919E-03	1.8483E-01
1.7340000E+01	-2.5144E-03	1.7352E-01
1.7350000E+01	-2.9723E-03	1.6150E-01
1.7360000E+01	-3.4171E-03	1.4882E-01
1.7370000E+01	-3.7869E-03	1.3552E-01
1.7380000E+01	-4.2283E-03	1.2187E-01
1.7390000E+01	-4.5521E-03	1.0785E-01
1.7400000E+01	-4.9239E-03	9.3550E-02
1.7410000E+01	-5.1847E-03	7.9239E-02
1.7420000E+01	-5.5274E-03	6.4887E-02
1.7430000E+01	-5.7666E-03	5.0590E-02
1.7440000E+01	-5.9857E-03	3.6547E-02
1.7450000E+01	-6.1733E-03	2.2925E-02
1.7460000E+01	-6.3925E-03	9.5582E-03
1.7470000E+01	-6.5169E-03	-3.0585E-03
1.7480000E+01	-6.5746E-03	-1.4750E-02
1.7490000E+01	-6.5814E-03	-2.6098E-02
1.7500000E+01	-6.6020E-03	-3.6437E-02
1.7510000E+01	-6.5008E-03	-4.5727E-02
1.7520000E+01	-6.4219E-03	-5.4087E-02
1.7530000E+01	-6.2308E-03	-6.1387E-02
1.7540000E+01	-6.0597E-03	-6.7711E-02
1.7550000E+01	-5.7557E-03	-7.2678E-02
1.7560000E+01	-5.5602E-03	-7.6397E-02
1.7570000E+01	-5.1314E-03	-7.8723E-02
1.7580000E+01	-4.7341E-03	-8.0030E-02
1.7590000E+01	-4.3196E-03	-8.0061E-02
1.7600000E+01	-3.8726E-03	-7.8758E-02
1.7610000E+01	-3.3443E-03	-7.6046E-02
1.7620000E+01	-2.8288E-03	-7.2353E-02
1.7630000E+01	-2.3010E-03	-6.7402E-02
1.7640000E+01	-1.7862E-03	-6.1386E-02
1.7650000E+01	-1.2440E-03	-5.4079E-02
1.7660000E+01	-7.3191E-04	-4.6081E-02
1.7670000E+01	-1.6924E-04	-3.6720E-02
1.7680000E+01	3.2366E-04	-2.6709E-02
1.7690000E+01	8.1607E-04	-1.6081E-02
1.7700000E+01	1.2762E-03	-4.7426E-03
1.7710000E+01	1.8198E-03	7.5882E-03
1.7720000E+01	2.1983E-03	1.9904E-02
1.7730000E+01	2.6303E-03	3.2876E-02
1.7740000E+01	2.9693E-03	4.5898E-02
1.7750000E+01	3.2865E-03	5.8897E-02
1.7760000E+01	3.5079E-03	7.2238E-02
1.7770000E+01	3.8611E-03	8.5221E-02
1.7780000E+01	4.0100E-03	9.8196E-02
1.7790000E+01	4.2505E-03	1.1087E-01
1.7800000E+01	4.3380E-03	1.2287E-01
1.7810000E+01	4.3934E-03	1.3420E-01
1.7820000E+01	4.5096E-03	1.4518E-01
1.7830000E+01	4.5112E-03	1.5515E-01
1.7840000E+01	4.5101E-03	1.6451E-01
1.7850000E+01	4.4036E-03	1.7285E-01
1.7860000E+01	4.2594E-03	1.8010E-01
1.7870000E+01	4.1687E-03	1.8651E-01
1.7880000E+01	3.8950E-03	1.9148E-01
1.7890000E+01	3.6616E-03	1.9550E-01
1.7900000E+01	3.2794E-03	1.9815E-01
1.7910000E+01	3.0010E-03	1.9983E-01
1.7920000E+01	2.5300E-03	1.9982E-01
1.7930000E+01	2.0888E-03	1.9879E-01
1.7940000E+01	1.6348E-03	1.9649E-01
1.7950000E+01	1.1474E-03	1.9283E-01
1.7960000E+01	6.9726E-04	1.8816E-01
1.7970000E+01	1.9043E-04	1.8214E-01
1.7980000E+01	-4.0116E-04	1.7483E-01
1.7990000E+01	-8.3230E-04	1.6687E-01
1.8000000E+01	-1.4067E-03	1.5751E-01
1.8010000E+01	-1.7998E-03	1.4718E-01
1.8020000E+01	-2.3259E-03	1.3622E-01
1.8030000E+01	-2.7349E-03	1.2420E-01
1.8040000E+01	-3.2079E-03	1.1187E-01
1.8050000E+01	-3.6102E-03	9.8557E-02
1.8060000E+01	-3.9323E-03	8.5209E-02
1.8070000E+01	-4.3895E-03	7.1189E-02
1.8080000E+01	-4.6755E-03	5.6872E-02
1.8090000E+01	-5.0538E-03	4.2564E-02
1.8100000E+01	-5.4541E-03	2.8257E-02
1.8110000E+01	-5.6755E-03	1.3903E-02
1.8120000E+01	-5.9635E-03	-8.5627E-05
1.8130000E+01	-6.2219E-03	-1.4068E-02
1.8140000E+01	-6.4293E-03	-2.7413E-02
1.8150000E+01	-6.4705E-03	-4.0074E-02
1.8160000E+01	-6.6220E-03	-5.2031E-02
1.8170000E+01	-6.6927E-03	-6.3382E-02
1.8180000E+01	-6.7537E-03	-7.4064E-02
1.8190000E+01	-6.7252E-03	-8.3745E-02
1.8200000E+01	-6.6195E-03	-9.2381E-02
1.8210000E+01	-6.4060E-03	-9.9702E-02
1.8220000E+01	-6.3228E-03	-1.0637E-01
1.8230000E+01	-5.9747E-03	-1.1136E-01
1.8240000E+01	-5.7793E-03	-1.1569E-01
1.8250000E+01	-5.3412E-03	-1.1837E-01
1.8260000E+01	-4.9555E-03	-1.1969E-01
1.8270000E+01	-4.5020E-03	-1.2004E-01
1.8280000E+01	-4.0627E-03	-1.1901E-01
1.8290000E+01	-3.5354E-03	-1.1671E-01
1.8300000E+01	-3.0337E-03	-1.1335E-01
1.8310000E+01	-2.4996E-03	-1.0872E-01
1.8320000E+01	-1.8832E-03	-1.0275E-01
1.8330000E+01	-1.4607E-03	-9.6053E-02
1.8340000E+01	-8.5284E-04	-8.8050E-02
1.8350000E+01	-3.5677E-04	-7.9046E-02
1.8360000E+01	2.2532E-04	-6.9055E-02
1.8370000E+01	7.1294E-04	-5.8756E-02
1.8380000E+01	1.2325E-03	-4.7405E-02
1.8390000E+01	1.6900E-03	-3.5403E-02
1.8400000E+01	2.1578E-03	-2.3093E-02
1.8410000E+01	2.5949E-03	-1.0392E-02
1.8420000E+01	2.9491E-03	2.9110E-03
1.8430000E+01	3.3724E-03	1.5884E-02
1.8440000E+01	3.6506E-03	2.9233E-02
1.8450000E+01	3.8747E-03	4.2233E-02
1.8460000E+01	4.0987E-03	5.5203E-02
1.8470000E+01	4.3249E-03	6.7851E-02
1.8480000E+01	4.2293E-03	7.9868E-02
1.8490000E+01	4.4869E-03	9.1525E-02
1.8500000E+01	4.5114E-03	1.0286E-01
1.8510000E+01	4.4479E-03	1.1285E-01
1.8520000E+01	4.3907E-03	1.2251E-01
1.8530000E+01	4.3857E-03	1.3115E-01
1.8540000E+01	4.1911E-03	1.3850E-01
1.8550000E+01	4.0995E-03	1.4518E-01
1.8560000E+01	3.7218E-03	1.5051E-01
1.8570000E+01	3.5796E-03	1.5485E-01
1.8580000E+01	3.2357E-03	1.5785E-01
1.8590000E+01	2.8998E-03	1.5949E-01
1.8600000E+01	2.4749E-03	1.5987E-01
1.8610000E+01	2.0952E-03	1.5918E-01
1.8620000E+01	1.6617E-03	1.5719E-01
1.8630000E+01	1.2322E-03	1.5385E-01
1.8640000E+01	8.2490E-04	1.4952E-01
1.8650000E+01	2.4122E-04	1.4353E-01
1.8660000E+01	-2.0576E-04	1.3682E-01
1.8670000E+01	-5.6172E-04	1.2885E-01
1.8680000E+01	-1.1313E-03	1.1982E-01
1.8690000E+01	-1.6254E-03	1.0988E-01
1.8700000E+01	-2.1222E-03	9.8848E-02
1.8710000E+01	-2.5467E-03	8.7195E-02
1.8720000E+01	-2.9043E-03	7.4873E-02
1.8730000E+01	-3.4263E-03	6.1859E-02
1.8740000E+01	-3.8269E-03	4.8222E-02
1.8750000E+01	-4.2057E-03	3.4565E-02
1.8760000E+01	-4.7720E-03	2.0250E-02
1.8770000E+01	-5.0738E-03	5.8978E-03
1.8780000E+01	-5.3576E-03	-8.4201E-03
1.8790000E+01	-5.7119E-03	-2.2770E-02
1.8800000E+01	-5.9743E-03	-3.7064E-02
1.8810000E+01	-6.2256E-03	-5.0739E-02
1.8820000E+01	-6.5131E-03	-6.4041E-02
1.8830000E+01	-6.6009E-03	-7.7055E-02
1.8840000E+01	-6.7109E-03	-8.9375E-02
1.8850000E+01	-6.7405E-03	-1.0099E-01
1.8860000E+01	-6.8310E-03	-1.1166E-01
1.8870000E+01	-6.8241E-03	-1.2137E-01
1.8880000E+01	-6.8221E-03	-1.3035E-01
1.8890000E+01	-6.6671E-03	-1.3802E-01
1.8900000E+01	-6.4054E-03	-1.4469E-01
1.8910000E+01	-6.2674E-03	-1.5032E-01
1.8920000E+01	-5.9794E-03	-1.5468E-01
1.8930000E+01	-5.6064E-03	-1.5767E-01
1.8940000E+01	-5.2020E-03	-1.5969E-01
1.8950000E+01	-4.7177E-03	-1.6001E-01
1.8960000E+01	-4.2423E-03	-1.5933E-01
1.8970000E+01	-3.7492E-03	-1.5735E-01
1.8980000E+01	-3.3165E-03	-1.5435E-01
1.8990000E+01	-2.6880E-03	-1.4971E-01
1.9000000E+01	-2.1784E-03	-1.4439E-01
1.9010000E+01	-1.6036E-03	-1.3770E-01
1.9020000E+01	-1.0139E-03	-1.2971E-01
1.9030000E+01	-4.8387E-04	-1.2104E-01
1.9040000E+01	6.8750E-05	-1.1138E-01
1.9050000E+01	5.5241E-04	-1.0104E-01
1.9060000E+01	1.0621E-03	-9.0049E-02
1.9070000E+01	1.6271E-03	-7.8076E-02
1.9080000E+01	2.0316E-03	-6.6086E-02
1.9090000E+01	2.4795E-03	-5.3414E-02
1.9100000E+01	2.8648E-03	-4.0425E-02
1.9110000E+01	3.3040E-03	-2.7086E-02
1.9120000E+01	3.5376E-03	-1.3725E-02
1.9130000E+01	3.7976E-03	-7.8446E-04
1.9140000E+01	4.0281E-03	1.2230E-02
1.9150000E+01	4.2973E-03	2.4886E-02
1.9160000E+01	4.4179E-03	3.7234E-02
1.9170000E+01	4.5464E-03	4.8899E-02
1.9180000E+01	4.5839E-03	6.0212E-02
1.9190000E+01	4.5988E-03	7.0564E-02
1.9200000E+01	4.4701E-03	8.0187E-02
1.9210000E+01	4.4254E-03	8.9189E-02
1.9220000E+01	4.2863E-03	9.6866E-02
1.9230000E+01	4.0953E-03	1.0350E-01
1.9240000E+01	3.8307E-03	1.0921E-01
1.9250000E+01	3.6163E-03	1.1381E-01
1.9260000E+01	3.3134E-03	1.1716E-01
1.9270000E+01	2.9331E-03	1.1922E-01
1.9280000E+01	2.5060E-03	1.1987E-01
1.9290000E+01	2.1192E-03	1.1950E-01
1.9300000E+01	1.8059E-03	1.1785E-01
1.9310000E+01	1.2742E-03	1.1483E-01
1.9320000E+01	8.3865E-04	1.1051E-01
1.9330000E+01	4.1890E-04	1.0520E-01
1.9340000E+01	-8.9661E-05	9.8533E-02
1.9350000E+01	-5.7060E-04	9.0850E-02
1.9360000E+01	-1.0324E-03	8.1861E-02
1.9370000E+01	-1.5490E-03	7.2190E-02
1.9380000E+01	-1.9806E-03	6.1571E-02
1.9390000E+01	-2.4801E-03	4.9914E-02
1.9400000E+01	-2.9239E-03	3.7902E-02
1.9410000E+01	-3.3572E-03	2.4894E-02
1.9420000E+01	-3.8478E-03	1.1572E-02
1.9430000E+01	-4.2822E-03	-2.4323E-03
1.9440000E+01	-4.7579E-03	-1.6427E-02
1.9450000E+01	-5.0476E-03	-3.0748E-02
1.9460000E+01	-5.4093E-03	-4.5054E-02
1.9470000E+01	-5.7843E-03	-5.9406E-02
1.9480000E+01	-6.1351E-03	-7.3710E-02
1.9490000E+01	-6.3728E-03	-8.7704E-02
1.9500000E+01	-6.6382E-03	-1.0101E-01
1.9510000E+01	-6.7318E-03	-1.1404E-01
1.9520000E+01	-7.0232E-03	-1.2668E-01
1.9530000E+01	-6.9593E-03	-1.3834E-01
1.9540000E+01	-7.1248E-03	-1.4932E-01
1.9550000E+01	-7.1299E-03	-1.5934E-01
1.9560000E+01	-7.1335E-03	-1.6830E-01
1.9570000E+01	-6.8852E-03	-1.7633E-01
1.9580000E+01	-6.7963E-03	-1.8332E-01
1.9590000E+01	-6.5545E-03	-1.8898E-01
1.9600000E+01	-6.2807E-03	-1.9365E-01
1.9610000E+01	-5.8866E-03	-1.9699E-01
1.9620000E+01	-5.6135E-03	-1.9934E-01
1.9630000E+01	-5.0586E-03	-2.0001E-01
1.9640000E+01	-4.6176E-03	-1.9969E-01
1.9650000E+01	-4.1216E-03	-1.9800E-01
1.9660000E+01	-3.5418E-03	-1.9500E-01
1.9670000E+01	-2.9921E-03	-1.9100E-01
1.9680000E+01	-2.5272E-03	-1.8567E-01
1.9690000E+01	-1.7983E-03	-1.7933E-01
1.9700000E+01	-1.2650E-03	-1.7168E-01
1.9710000E+01	-7.2991E-04	-1.6334E-01
1.9720000E+01	-1.8811E-04	-1.5368E-01
1.9730000E+01	3.8392E-04	-1.4371E-01
1.9740000E+01	8.7535E-04	-1.3268E-01
1.9750000E+01	1.4527E-03	-1.2102E-01
1.9760000E+01	1.8708E-03	-1.0872E-01
1.9770000E+01	2.3644E-03	-9.6391E-02
1.9780000E+01	2.7395E-03	-8.3439E-02
1.9790000E+01	3.2759E-03	-7.0081E-02
1.9800000E+01	3.5267E-03	-5.7077E-02
1.9810000E+01	3.7661E-03	-4.3749E-02
1.9820000E+01	4.0838E-03	-3.0764E-02
1.9830000E+01	4.2912E-03	-1.8057E-02
1.9840000E+01	4.5422E-03	-5.4162E-03
1.9850000E+01	4.5350E-03	6.2317E-03
1.9860000E+01	4.6443E-03	1.7590E-02
1.9870000E+01	4.5889E-03	2.8223E-02
1.9880000E+01	4.6877E-03	3.8223E-02
1.9890000E+01	4.5045E-03	4.7214E-02
1.9900000E+01	4.3490E-03	5.5223E-02
1.9910000E+01	4.2551E-03	6.2214E-02
1.9920000E+01	4.0603E-03	6.8214E-02
1.9930000E+01	3.7306E-03	7.2871E-02
1.9940000E+01	3.3457E-03	7.6540E-02
1.9950000E+01	3.0827E-03	7.8870E-02
1.9960000E+01	2.7095E-03	7.9893E-02
1.9970000E+01	2.3494E-03	7.9882E-02
1.9980000E+01	1.7524E-03	7.8211E-02
1.9990000E+01	1.5177E-03	7.5531E-02
2.0000000E+01	9.7043E-04	7.1541E-02
2.0010000E+01	5.2899E-04	6.6528E-02
2.0020000E+01	1.8385E-05	6.0214E-02
2.0030000E+01	-4.4002E-04	5.2567E-02
2.0040000E+01	-9.5962E-04	4.4220E-02
2.0050000E+01	-1.4619E-03	3.4549E-02
2.0060000E+01	-1.9006E-03	2.4230E-02
2.0070000E+01	-2.4158E-03	1.2895E-02
2.0080000E+01	-2.9563E-03	5.8755E-04
2.0090000E+01	-3.3572E-03	-1.2077E-02
2.0100000E+01	-3.8725E-03	-2.5402E-02
2.0110000E+01	-4.2487E-03	-3.9072E-02
2.0120000E+01	-4.7582E-03	-5.3063E-02
2.0130000E+01	-5.0934E-03	-6.7396E-02
2.0140000E+01	-5.4854E-03	-8.1745E-02
2.0150000E+01	-5.7714E-03	-9.6019E-02
2.0160000E+01	-6.1315E-03	-1.1035E-01
2.0170000E+01	-6.4139E-03	-1.2436E-01
2.0180000E+01	-6.7186E-03	-1.3802E-01
2.0190000E+01	-6.8225E-03	-1.5100E-01
2.0200000E+01	-7.1021E-03	-1.6368E-01
2.0210000E+01	-7.2110E-03	-1.7563E-01
2.0220000E+01	-7.3283E-03	-1.8665E-01
2.0230000E+01	-7.2986E-03	-1.9701E-01
2.0240000E+01	-7.2944E-03	-2.0630E-01
2.0250000E+01	-7.2343E-03	-2.1465E-01
2.0260000E+01	-7.1189E-03	-2.2198E-01
2.0270000E+01	-6.8376E-03	-2.2799E-01
2.0280000E+01	-6.5917E-03	-2.3265E-01
2.0290000E+01	-6.2089E-03	-2.3629E-01
2.0300000E+01	-5.8711E-03	-2.3899E-01
2.0310000E+01	-5.3991E-03	-2.3997E-01
2.0320000E+01	-4.9485E-03	-2.3998E-01
2.0330000E+01	-4.3708E-03	-2.3866E-01
2.0340000E+01	-3.8687E-03	-2.3598E-01
2.0350000E+01	-3.2392E-03	-2.3200E-01
2.0360000E+01	-2.6915E-03	-2.2700E-01
2.0370000E+01	-2.0467E-03	-2.2066E-01
2.0380000E+01	-1.4684E-03	-2.1364E-01
2.0390000E+01	-8.6271E-04	-2.0534E-01
2.0400000E+01	-3.3506E-04	-1.9602E-01
2.0410000E+01	2.3661E-04	-1.8599E-01
2.0420000E+01	7.7528E-04	-1.7535E-01
2.0430000E+01	1.2372E-03	-1.6370E-01
2.0440000E+01	1.7870E-03	-1.5171E-01
2.0450000E+01	2.2870E-03	-1.3904E-01
2.0460000E+01	2.6841E-03	-1.2639E-01
2.0470000E+01	3.1154E-03	-1.1340E-01
2.0480000E+01	3.4795E-03	-1.0005E-01
