time /s	I /mA	E /V
1.0000000E-02	-1.5203E-02	-1.9995E-01
2.0000000E-02	-4.5330E-03	-1.3969E-01
3.0000000E-02	3.4336E-04	-8.9114E-02
4.0000000E-02	1.8937E-03	-5.6434E-02
5.0000000E-02	8.7849E-04	-4.7433E-02
6.0000000E-02	-1.9291E-03	-6.2758E-02
7.0000000E-02	-5.9159E-03	-1.0037E-01
8.0000000E-02	-1.0325E-02	-1.5365E-01
9.0000000E-02	-1.5116E-02	-2.1363E-01
1.0000000E-01	-1.9535E-02	-2.7028E-01
1.1000000E-01	-2.1723E-02	-3.1424E-01
1.2000000E-01	-2.0108E-02	-3.3795E-01
1.3000000E-01	-1.5149E-02	-3.3759E-01
1.4000000E-01	-8.5924E-03	-3.1293E-01
1.5000000E-01	-2.0484E-03	-2.6795E-01
1.6000000E-01	3.3597E-03	-2.1002E-01
1.7000000E-01	7.5087E-03	-1.4840E-01
1.8000000E-01	9.7796E-03	-9.3099E-02
1.9000000E-01	1.0177E-02	-5.3434E-02
2.0000000E-01	8.3669E-03	-3.5760E-02
2.1000000E-01	4.7669E-03	-4.2784E-02
2.2000000E-01	1.6958E-04	-7.3091E-02
2.3000000E-01	-4.5727E-03	-1.2133E-01
2.4000000E-01	-9.2726E-03	-1.8033E-01
2.5000000E-01	-1.3345E-02	-2.3927E-01
2.6000000E-01	-1.6011E-02	-2.8860E-01
2.7000000E-01	-1.6293E-02	-3.2025E-01
2.8000000E-01	-1.3275E-02	-3.2859E-01
2.9000000E-01	-8.0348E-03	-3.1227E-01
3.0000000E-01	-2.0633E-03	-2.7363E-01
3.1000000E-01	3.2887E-03	-2.1934E-01
3.2000000E-01	7.5727E-03	-1.5773E-01
3.3000000E-01	1.0375E-02	-9.9113E-02
3.4000000E-01	1.1416E-02	-5.3151E-02
3.5000000E-01	1.0376E-02	-2.7128E-02
3.6000000E-01	7.2639E-03	-2.5473E-02
3.7000000E-01	2.8449E-03	-4.7762E-02
3.8000000E-01	-1.9430E-03	-9.0725E-02
3.9000000E-01	-6.5943E-03	-1.4700E-01
4.0000000E-01	-1.0748E-02	-2.0699E-01
4.1000000E-01	-1.3828E-02	-2.6094E-01
4.2000000E-01	-1.5003E-02	-2.9959E-01
4.3000000E-01	-1.3300E-02	-3.1656E-01
4.4000000E-01	-8.8977E-03	-3.0860E-01
4.5000000E-01	-3.4478E-03	-2.7765E-01
4.6000000E-01	2.0821E-03	-2.2765E-01
4.7000000E-01	6.5809E-03	-1.6773E-01
4.8000000E-01	9.9317E-03	-1.0677E-01
4.9000000E-01	1.1591E-02	-5.5443E-02
5.0000000E-01	1.1324E-02	-2.1816E-02
5.1000000E-01	8.9537E-03	-1.1126E-02
5.2000000E-01	4.8755E-03	-2.5461E-02
5.3000000E-01	8.4111E-05	-6.1745E-02
5.4000000E-01	-4.6239E-03	-1.1433E-01
5.5000000E-01	-8.8562E-03	-1.7396E-01
5.6000000E-01	-1.2242E-02	-2.3131E-01
5.7000000E-01	-1.4103E-02	-2.7628E-01
5.8000000E-01	-1.3479E-02	-3.0126E-01
5.9000000E-01	-1.0057E-02	-3.0225E-01
6.0000000E-01	-4.8924E-03	-2.7896E-01
6.1000000E-01	5.0934E-04	-2.3500E-01
6.2000000E-01	5.3021E-03	-1.7734E-01
6.3000000E-01	9.0675E-03	-1.1577E-01
6.4000000E-01	1.1331E-02	-6.0142E-02
6.5000000E-01	1.1906E-02	-1.9134E-02
6.6000000E-01	1.0247E-02	-1.3892E-04
6.7000000E-01	6.7022E-03	-5.4402E-03
6.8000000E-01	2.0412E-03	-3.4761E-02
6.9000000E-01	-2.7315E-03	-8.2413E-02
7.0000000E-01	-7.1043E-03	-1.4069E-01
7.1000000E-01	-1.0744E-02	-1.9999E-01
7.2000000E-01	-1.3089E-02	-2.5025E-01
7.3000000E-01	-1.3428E-02	-2.8293E-01
7.4000000E-01	-1.1067E-02	-2.9295E-01
7.5000000E-01	-6.4435E-03	-2.7794E-01
7.6000000E-01	-1.1089E-03	-2.4033E-01
7.7000000E-01	3.8868E-03	-1.8667E-01
7.8000000E-01	8.0039E-03	-1.2540E-01
7.9000000E-01	1.0790E-02	-6.6456E-02
8.0000000E-01	1.2007E-02	-1.9480E-02
8.1000000E-01	1.1175E-02	7.8311E-03
8.2000000E-01	8.3177E-03	1.1184E-02
8.3000000E-01	3.9532E-03	-1.0131E-02
8.4000000E-01	-8.6772E-04	-5.1759E-02
8.5000000E-01	-5.4582E-03	-1.0771E-01
8.6000000E-01	-9.3270E-03	-1.6762E-01
8.7000000E-01	-1.2080E-02	-2.2228E-01
8.8000000E-01	-1.3162E-02	-2.6197E-01
8.9000000E-01	-1.1819E-02	-2.8031E-01
9.0000000E-01	-7.9604E-03	-2.7394E-01
9.1000000E-01	-2.8042E-03	-2.4397E-01
9.2000000E-01	2.2891E-03	-1.9502E-01
9.3000000E-01	6.7577E-03	-1.3508E-01
9.4000000E-01	1.0095E-02	-7.4093E-02
9.5000000E-01	1.1867E-02	-2.2150E-02
9.6000000E-01	1.1753E-02	1.2833E-02
9.7000000E-01	9.5316E-03	2.4848E-02
9.8000000E-01	5.6401E-03	1.2223E-02
9.9000000E-01	9.3377E-04	-2.3079E-02
1.0000000E+00	-3.7397E-03	-7.5053E-02
1.0100000E+00	-7.8156E-03	-1.3471E-01
1.0200000E+00	-1.1068E-02	-1.9229E-01
1.0300000E+00	-1.2676E-02	-2.3794E-01
1.0400000E+00	-1.2210E-02	-2.6461E-01
1.0500000E+00	-9.1806E-03	-2.6693E-01
1.0600000E+00	-4.4189E-03	-2.4498E-01
1.0700000E+00	6.6944E-04	-2.0202E-01
1.0800000E+00	5.3509E-03	-1.4506E-01
1.0900000E+00	9.0933E-03	-8.3111E-02
1.1000000E+00	1.1458E-02	-2.6808E-02
1.1100000E+00	1.2072E-02	1.4843E-02
1.1200000E+00	1.0597E-02	3.5523E-02
1.1300000E+00	7.2272E-03	3.1540E-02
1.1400000E+00	2.7216E-03	3.5620E-03
1.1500000E+00	-1.9897E-03	-4.3395E-02
1.1600000E+00	-6.3361E-03	-1.0134E-01
1.1700000E+00	-9.7869E-03	-1.6065E-01
1.1800000E+00	-1.2048E-02	-2.1194E-01
1.1900000E+00	-1.2405E-02	-2.4562E-01
1.2000000E+00	-1.0318E-02	-2.5696E-01
1.2100000E+00	-6.0665E-03	-2.4328E-01
1.2200000E+00	-9.7828E-04	-2.0702E-01
1.2300000E+00	3.8349E-03	-1.5407E-01
1.2400000E+00	7.8895E-03	-9.2781E-02
1.2500000E+00	1.0816E-02	-3.3456E-02
1.2600000E+00	1.2052E-02	1.4198E-02
1.2700000E+00	1.1373E-02	4.2807E-02
1.2800000E+00	8.5761E-03	4.7526E-02
1.2900000E+00	4.3996E-03	2.7858E-02
1.3000000E+00	-3.4466E-04	-1.3114E-02
1.3100000E+00	-4.7651E-03	-6.8020E-02
1.3200000E+00	-8.6087E-03	-1.2832E-01
1.3300000E+00	-1.1214E-02	-1.8330E-01
1.3400000E+00	-1.2334E-02	-2.2426E-01
1.3500000E+00	-1.1073E-02	-2.4395E-01
1.3600000E+00	-7.5449E-03	-2.3896E-01
1.3700000E+00	-2.6903E-03	-2.1028E-01
1.3800000E+00	2.2759E-03	-1.6205E-01
1.3900000E+00	6.6186E-03	-1.0272E-01
1.4000000E+00	9.9615E-03	-4.1797E-02
1.4100000E+00	1.1864E-02	1.1181E-02
1.4200000E+00	1.1879E-02	4.7460E-02
1.4300000E+00	9.8100E-03	6.0828E-02
1.4400000E+00	6.0778E-03	4.9540E-02
1.4500000E+00	1.4339E-03	1.5573E-02
1.4600000E+00	-3.2128E-03	-3.5715E-02
1.4700000E+00	-7.2042E-03	-9.5005E-02
1.4800000E+00	-1.0355E-02	-1.5332E-01
1.4900000E+00	-1.1940E-02	-1.9994E-01
1.5000000E+00	-1.1603E-02	-2.2759E-01
1.5100000E+00	-8.8692E-03	-2.3162E-01
1.5200000E+00	-4.3248E-03	-2.1064E-01
1.5300000E+00	5.9932E-04	-1.6903E-01
1.5400000E+00	5.1660E-03	-1.1242E-01
1.5500000E+00	8.9736E-03	-5.0801E-02
1.5600000E+00	1.1337E-02	6.1831E-03
1.5700000E+00	1.2122E-02	4.9116E-02
1.5800000E+00	1.0730E-02	7.0831E-02
1.5900000E+00	7.5546E-03	6.8165E-02
1.6000000E+00	3.1833E-03	4.1853E-02
1.6100000E+00	-1.4987E-03	-4.1226E-03
1.6200000E+00	-5.7974E-03	-6.1690E-02
1.6300000E+00	-9.2886E-03	-1.2167E-01
1.6400000E+00	-1.1355E-02	-1.7329E-01
1.6500000E+00	-1.1766E-02	-2.0829E-01
1.6600000E+00	-9.8536E-03	-2.2096E-01
1.6700000E+00	-5.9542E-03	-2.0864E-01
1.6800000E+00	-1.0392E-03	-1.7369E-01
1.6900000E+00	3.6968E-03	-1.2141E-01
1.7000000E+00	7.7899E-03	-6.0444E-02
1.7100000E+00	1.0687E-02	-8.3965E-04
1.7200000E+00	1.2005E-02	4.8154E-02
1.7300000E+00	1.1443E-02	7.7852E-02
1.7400000E+00	8.8288E-03	8.4175E-02
1.7500000E+00	4.7585E-03	6.5532E-02
1.7600000E+00	1.8320E-04	2.5889E-02
1.7700000E+00	-4.2666E-03	-2.8734E-02
1.7800000E+00	-8.1211E-03	-8.9026E-02
1.7900000E+00	-1.0690E-02	-1.4466E-01
1.8000000E+00	-1.1680E-02	-1.8629E-01
1.8100000E+00	-1.0589E-02	-2.0730E-01
1.8200000E+00	-7.3580E-03	-2.0395E-01
1.8300000E+00	-2.7324E-03	-1.7631E-01
1.8400000E+00	2.0786E-03	-1.2938E-01
1.8500000E+00	6.4667E-03	-7.0448E-02
1.8600000E+00	9.8562E-03	-9.1368E-03
1.8700000E+00	1.1720E-02	4.4484E-02
1.8800000E+00	1.1846E-02	8.1837E-02
1.8900000E+00	1.0016E-02	9.6818E-02
1.9000000E+00	6.3651E-03	8.6829E-02
1.9100000E+00	1.8063E-03	5.3880E-02
1.9200000E+00	-2.7542E-03	3.5763E-03
1.9300000E+00	-6.7903E-03	-5.5701E-02
1.9400000E+00	-9.7814E-03	-1.1399E-01
1.9500000E+00	-1.1411E-02	-1.6169E-01
1.9600000E+00	-1.1184E-02	-1.9061E-01
1.9700000E+00	-8.6120E-03	-1.9597E-01
1.9800000E+00	-4.3862E-03	-1.7663E-01
1.9900000E+00	4.3635E-04	-1.3571E-01
2.0000000E+00	4.9578E-03	-8.0116E-02
2.0100000E+00	8.8185E-03	-1.8483E-02
2.0200000E+00	1.1262E-02	3.9161E-02
2.0300000E+00	1.1988E-02	8.3110E-02
2.0400000E+00	1.0835E-02	1.0614E-01
2.0500000E+00	7.7232E-03	1.0515E-01
2.0600000E+00	3.4238E-03	7.9877E-02
2.0700000E+00	-1.0936E-03	3.4875E-02
2.0800000E+00	-5.3745E-03	-2.2366E-02
2.0900000E+00	-8.8357E-03	-8.2329E-02
2.1000000E+00	-1.0914E-02	-1.3468E-01
2.1100000E+00	-1.1350E-02	-1.7095E-01
2.1200000E+00	-9.5602E-03	-1.8494E-01
2.1300000E+00	-5.8287E-03	-1.7400E-01
2.1400000E+00	-1.1724E-03	-1.4035E-01
2.1500000E+00	3.5147E-03	-8.8727E-02
2.1600000E+00	7.6282E-03	-2.8119E-02
2.1700000E+00	1.0525E-02	3.1850E-02
2.1800000E+00	1.1750E-02	8.1463E-02
2.1900000E+00	1.1557E-02	1.1280E-01
2.2000000E+00	9.0892E-03	1.2051E-01
2.2100000E+00	5.0562E-03	1.0319E-01
2.2200000E+00	5.3676E-04	6.4540E-02
2.2300000E+00	-3.8178E-03	1.0554E-02
2.2400000E+00	-7.6422E-03	-4.9384E-02
2.2500000E+00	-1.0273E-02	-1.0566E-01
2.2600000E+00	-1.1372E-02	-1.4867E-01
2.2700000E+00	-1.0297E-02	-1.7063E-01
2.2800000E+00	-7.2486E-03	-1.6864E-01
2.2900000E+00	-2.8520E-03	-1.4267E-01
2.3000000E+00	1.9143E-03	-9.6368E-02
2.3100000E+00	6.2937E-03	-3.8143E-02
2.3200000E+00	9.6156E-03	2.3504E-02
2.3300000E+00	1.1514E-02	7.7830E-02
2.3400000E+00	1.1799E-02	1.1611E-01
2.3500000E+00	1.0201E-02	1.3248E-01
2.3600000E+00	6.6263E-03	1.2417E-01
2.3700000E+00	2.1088E-03	9.2165E-02
2.3800000E+00	-2.2784E-03	4.2887E-02
2.3900000E+00	-6.2268E-03	-1.6389E-02
2.4000000E+00	-9.3940E-03	-7.5013E-02
2.4100000E+00	-1.1007E-02	-1.2333E-01
2.4200000E+00	-1.0825E-02	-1.5363E-01
2.4300000E+00	-8.4442E-03	-1.6034E-01
2.4400000E+00	-4.4456E-03	-1.4233E-01
2.4500000E+00	2.8277E-04	-1.0273E-01
2.4600000E+00	4.8628E-03	-4.7456E-02
2.4700000E+00	8.6189E-03	1.4181E-02
2.4800000E+00	1.1055E-02	7.2143E-02
2.4900000E+00	1.1852E-02	1.1712E-01
2.5000000E+00	1.1010E-02	1.4144E-01
2.5100000E+00	8.0139E-03	1.4175E-01
2.5200000E+00	3.7118E-03	1.1782E-01
2.5300000E+00	-7.1330E-04	7.3864E-02
2.5400000E+00	-4.9014E-03	1.6932E-02
2.5500000E+00	-8.4518E-03	-4.3028E-02
2.5600000E+00	-1.0511E-02	-9.5986E-02
2.5700000E+00	-1.1026E-02	-1.3332E-01
2.5800000E+00	-9.4016E-03	-1.4866E-01
2.5900000E+00	-5.8722E-03	-1.3938E-01
2.6000000E+00	-1.3077E-03	-1.0672E-01
2.6100000E+00	3.3472E-03	-5.6090E-02
2.6200000E+00	7.4072E-03	4.2114E-03
2.6300000E+00	1.0310E-02	6.4852E-02
2.6400000E+00	1.1690E-02	1.1513E-01
2.6500000E+00	1.1609E-02	1.4742E-01
2.6600000E+00	9.2502E-03	1.5648E-01
2.6700000E+00	5.2777E-03	1.4079E-01
2.6800000E+00	7.6760E-04	1.0319E-01
2.6900000E+00	-3.4669E-03	4.9895E-02
2.7000000E+00	-7.1869E-03	-1.0043E-02
2.7100000E+00	-9.9427E-03	-6.6707E-02
2.7200000E+00	-1.1035E-02	-1.1065E-01
2.7300000E+00	-1.0100E-02	-1.3434E-01
2.7400000E+00	-7.1642E-03	-1.3365E-01
2.7500000E+00	-2.9366E-03	-1.0876E-01
2.7600000E+00	1.7575E-03	-6.3774E-02
2.7700000E+00	6.0925E-03	-5.4406E-03
2.7800000E+00	9.5013E-03	5.6143E-02
2.7900000E+00	1.1368E-02	1.1112E-01
2.8000000E+00	1.1717E-02	1.5042E-01
2.8100000E+00	1.0361E-02	1.6806E-01
2.8200000E+00	6.8802E-03	1.6112E-01
2.8300000E+00	2.3335E-03	1.3048E-01
2.8400000E+00	-2.0173E-03	8.1858E-02
2.8500000E+00	-5.9238E-03	2.3243E-02
2.8600000E+00	-8.9609E-03	-3.5694E-02
2.8700000E+00	-1.0684E-02	-8.5001E-02
2.8800000E+00	-1.0508E-02	-1.1634E-01
2.8900000E+00	-8.3753E-03	-1.2465E-01
2.9000000E+00	-4.4678E-03	-1.0801E-01
2.9100000E+00	9.8353E-05	-6.9408E-02
2.9200000E+00	4.6914E-03	-1.4768E-02
2.9300000E+00	8.3486E-03	4.6521E-02
2.9400000E+00	1.0774E-02	1.0516E-01
2.9500000E+00	1.1809E-02	1.5073E-01
2.9600000E+00	1.1295E-02	1.7677E-01
2.9700000E+00	8.3113E-03	1.7846E-01
2.9800000E+00	3.9570E-03	1.5579E-01
2.9900000E+00	-6.0710E-04	1.1285E-01
3.0000000E+00	-4.6169E-03	5.6562E-02
3.0100000E+00	-8.0546E-03	-3.7165E-03
3.0200000E+00	-1.0254E-02	-5.7373E-02
3.0300000E+00	-1.0784E-02	-9.5998E-02
3.0400000E+00	-9.2841E-03	-1.1267E-01
3.0500000E+00	-5.9290E-03	-1.0469E-01
3.0600000E+00	-1.4494E-03	-7.3406E-02
3.0700000E+00	3.1310E-03	-2.3418E-02
3.0800000E+00	7.1434E-03	3.6812E-02
3.0900000E+00	1.0072E-02	9.7475E-02
3.1000000E+00	1.1602E-02	1.4876E-01
3.1100000E+00	1.1838E-02	1.8243E-01
3.1200000E+00	9.8116E-03	1.9276E-01
3.1300000E+00	5.5574E-03	1.7843E-01
3.1400000E+00	7.9465E-04	1.4180E-01
3.1500000E+00	-3.3064E-03	8.9224E-02
3.1600000E+00	-6.8885E-03	2.9265E-02
3.1700000E+00	-9.5475E-03	-2.7707E-02
3.1800000E+00	-1.0765E-02	-7.2670E-02
3.1900000E+00	-9.9906E-03	-9.7340E-02
3.2000000E+00	-7.1858E-03	-9.8362E-02
3.2100000E+00	-2.9660E-03	-7.4679E-02
3.2200000E+00	1.6386E-03	-3.0776E-02
3.2300000E+00	5.8560E-03	2.6856E-02
3.2400000E+00	9.1053E-03	8.8481E-02
3.2500000E+00	1.1146E-02	1.4411E-01
3.2600000E+00	1.2087E-02	1.8475E-01
3.2700000E+00	1.1001E-02	2.0374E-01
3.2800000E+00	7.2906E-03	1.9811E-01
3.2900000E+00	2.5329E-03	1.6882E-01
3.3000000E+00	-1.8554E-03	1.2117E-01
3.3100000E+00	-5.7353E-03	6.2569E-02
3.3200000E+00	-8.7009E-03	3.2768E-03
3.3300000E+00	-1.0443E-02	-4.6700E-02
3.3400000E+00	-1.0337E-02	-7.9324E-02
3.3500000E+00	-8.2672E-03	-8.9047E-02
3.3600000E+00	-4.6013E-03	-7.3719E-02
3.3700000E+00	6.7331E-05	-3.6077E-02
3.3800000E+00	4.5059E-03	1.7538E-02
3.3900000E+00	8.1425E-03	7.9149E-02
3.4000000E+00	1.0533E-02	1.3776E-01
3.4100000E+00	1.2033E-02	1.8474E-01
3.4200000E+00	1.1904E-02	2.1173E-01
3.4300000E+00	9.0248E-03	2.1513E-01
3.4400000E+00	4.1278E-03	1.9379E-01
3.4500000E+00	-6.2828E-04	1.5150E-01
3.4600000E+00	-4.5242E-03	9.5885E-02
3.4700000E+00	-7.7844E-03	3.5906E-02
3.4800000E+00	-9.9648E-03	-1.8717E-02
3.4900000E+00	-1.0583E-02	-5.8361E-02
3.5000000E+00	-9.1581E-03	-7.6343E-02
3.5100000E+00	-5.9750E-03	-6.9695E-02
3.5200000E+00	-1.5821E-03	-3.9754E-02
3.5300000E+00	2.9392E-03	9.2198E-03
3.5400000E+00	6.9289E-03	6.9136E-02
3.5500000E+00	9.8156E-03	1.3014E-01
3.5600000E+00	1.1730E-02	1.8207E-01
3.5700000E+00	1.2448E-02	2.1707E-01
3.5800000E+00	1.0651E-02	2.2875E-01
3.5900000E+00	5.9052E-03	2.1577E-01
3.6000000E+00	9.0320E-04	1.8045E-01
3.6100000E+00	-3.3207E-03	1.2851E-01
3.6200000E+00	-6.8093E-03	6.8891E-02
3.6300000E+00	-9.3601E-03	1.1289E-02
3.6400000E+00	-1.0492E-02	-3.4370E-02
3.6500000E+00	-9.8247E-03	-6.0695E-02
3.6600000E+00	-7.1922E-03	-6.3032E-02
3.6700000E+00	-3.2181E-03	-4.0752E-02
3.6800000E+00	1.4470E-03	2.2184E-03
3.6900000E+00	5.6115E-03	5.9500E-02
3.7000000E+00	8.9055E-03	1.2112E-01
3.7100000E+00	1.1223E-02	1.7741E-01
3.7200000E+00	1.2660E-02	2.1909E-01
3.7300000E+00	1.2032E-02	2.3940E-01
3.7400000E+00	7.8701E-03	2.3510E-01
3.7500000E+00	2.4912E-03	2.0712E-01
3.7600000E+00	-2.1444E-03	1.6015E-01
3.7700000E+00	-5.8761E-03	1.0221E-01
3.7800000E+00	-8.6758E-03	4.2563E-02
3.7900000E+00	-1.0328E-02	-8.3855E-03
3.8000000E+00	-1.0237E-02	-4.2048E-02
3.8100000E+00	-8.2072E-03	-5.3065E-02
3.8200000E+00	-4.6950E-03	-3.9442E-02
3.8300000E+00	-2.4913E-04	-2.8012E-03
3.8400000E+00	4.1564E-03	5.0157E-02
3.8500000E+00	7.8366E-03	1.1147E-01
3.8600000E+00	1.0606E-02	1.7077E-01
3.8700000E+00	1.2450E-02	2.1841E-01
3.8800000E+00	1.2955E-02	2.4711E-01
3.8900000E+00	9.8256E-03	2.5140E-01
3.9000000E+00	4.4095E-03	2.3143E-01
3.9100000E+00	-6.4973E-04	1.9044E-01
3.9200000E+00	-4.8551E-03	1.3517E-01
3.9300000E+00	-7.8117E-03	7.5244E-02
3.9400000E+00	-9.8840E-03	2.0269E-02
3.9500000E+00	-1.0555E-02	-2.0359E-02
3.9600000E+00	-9.2023E-03	-4.0057E-02
3.9700000E+00	-6.0471E-03	-3.4717E-02
3.9800000E+00	-1.7785E-03	-6.1219E-03
3.9900000E+00	2.6679E-03	4.2188E-02
4.0000000E+00	6.5999E-03	1.0149E-01
4.0100000E+00	9.7839E-03	1.6275E-01
4.0200000E+00	1.2123E-02	2.1544E-01
4.0300000E+00	1.3075E-02	2.5144E-01
4.0400000E+00	1.1474E-02	2.6476E-01
4.0500000E+00	6.4168E-03	2.5310E-01
4.0600000E+00	9.3983E-04	2.1911E-01
4.0700000E+00	-3.6796E-03	1.6783E-01
4.0800000E+00	-7.0126E-03	1.0821E-01
4.0900000E+00	-9.4413E-03	5.0209E-02
4.1000000E+00	-1.0426E-02	3.5977E-03
4.1100000E+00	-9.8561E-03	-2.3712E-02
4.1200000E+00	-7.2480E-03	-2.7367E-02
4.1300000E+00	-3.4329E-03	-6.7679E-03
4.1400000E+00	1.2069E-03	3.5535E-02
4.1500000E+00	5.2672E-03	9.1819E-02
4.1600000E+00	8.8641E-03	1.5344E-01
4.1700000E+00	1.1557E-02	2.1040E-01
4.1800000E+00	1.3170E-02	2.5306E-01
4.1900000E+00	1.2420E-02	2.7475E-01
4.2000000E+00	8.5458E-03	2.7209E-01
4.2100000E+00	2.9545E-03	2.4541E-01
4.2200000E+00	-2.2685E-03	1.9914E-01
4.2300000E+00	-6.1771E-03	1.4150E-01
4.2400000E+00	-8.8652E-03	8.1899E-02
4.2500000E+00	-1.0305E-02	3.0285E-02
4.2600000E+00	-1.0313E-02	-4.7135E-03
4.2700000E+00	-8.4029E-03	-1.7035E-02
4.2800000E+00	-4.8029E-03	-4.7142E-03
4.2900000E+00	-4.9454E-04	3.0571E-02
4.3000000E+00	3.7662E-03	8.2834E-02
4.3100000E+00	7.5708E-03	1.4379E-01
4.3200000E+00	1.0843E-02	2.0342E-01
4.3300000E+00	1.2967E-02	2.5210E-01
4.3400000E+00	1.3110E-02	2.8211E-01
4.3500000E+00	1.0051E-02	2.8771E-01
4.3600000E+00	5.1665E-03	2.6941E-01
4.3700000E+00	-4.5109E-04	2.2941E-01
4.3800000E+00	-5.0502E-03	1.7449E-01
4.3900000E+00	-8.1877E-03	1.1453E-01
4.4000000E+00	-9.9762E-03	5.8912E-02
4.4100000E+00	-1.0487E-02	1.7257E-02
4.4200000E+00	-9.2432E-03	-3.4114E-03
4.4300000E+00	-6.2292E-03	2.5840E-04
4.4400000E+00	-2.0320E-03	2.7905E-02
4.4500000E+00	2.3312E-03	7.4828E-02
4.4600000E+00	6.3931E-03	1.3414E-01
4.4700000E+00	9.9047E-03	1.9540E-01
4.4800000E+00	1.2574E-02	2.4873E-01
4.4900000E+00	1.3248E-02	2.8605E-01
4.5000000E+00	1.1535E-02	3.0072E-01
4.5100000E+00	7.0842E-03	2.9040E-01
4.5200000E+00	1.4874E-03	2.5742E-01
4.5300000E+00	-3.6828E-03	2.0713E-01
4.5400000E+00	-7.3874E-03	1.4785E-01
4.5500000E+00	-9.6705E-03	8.9566E-02
4.5600000E+00	-1.0517E-02	4.1923E-02
4.5700000E+00	-9.9460E-03	1.3251E-02
4.5800000E+00	-7.4291E-03	7.9418E-03
4.5900000E+00	-3.6164E-03	2.7577E-02
4.6000000E+00	8.4738E-04	6.8510E-02
4.6100000E+00	4.9798E-03	1.2448E-01
4.6200000E+00	8.8063E-03	1.8610E-01
4.6300000E+00	1.1974E-02	2.4340E-01
4.6400000E+00	1.3399E-02	2.8738E-01
4.6500000E+00	1.2618E-02	3.1041E-01
4.6600000E+00	9.0539E-03	3.0876E-01
4.6700000E+00	3.6835E-03	2.8343E-01
4.6800000E+00	-1.8965E-03	2.3845E-01
4.6900000E+00	-6.4069E-03	1.8115E-01
4.7000000E+00	-9.1517E-03	1.2120E-01
4.7100000E+00	-1.0540E-02	6.8927E-02
4.7200000E+00	-1.0436E-02	3.2564E-02
4.7300000E+00	-8.5888E-03	1.8924E-02
4.7400000E+00	-5.1249E-03	2.9907E-02
4.7500000E+00	-7.7969E-04	6.3879E-02
4.7600000E+00	3.5533E-03	1.1548E-01
4.7700000E+00	7.5731E-03	1.7643E-01
4.7800000E+00	1.1187E-02	2.3641E-01
4.7900000E+00	1.3299E-02	2.8572E-01
4.8000000E+00	1.3197E-02	3.1671E-01
4.8100000E+00	1.0662E-02	3.2403E-01
4.8200000E+00	5.8067E-03	3.0707E-01
4.8300000E+00	2.4610E-04	2.6809E-01
4.8400000E+00	-5.0563E-03	2.1413E-01
4.8500000E+00	-8.5758E-03	1.5386E-01
4.8600000E+00	-1.0354E-02	9.7893E-02
4.8700000E+00	-1.0667E-02	5.5254E-02
4.8800000E+00	-9.4646E-03	3.2939E-02
4.8900000E+00	-6.5511E-03	3.5264E-02
4.9000000E+00	-2.3972E-03	6.1545E-02
4.9100000E+00	2.0648E-03	1.0784E-01
4.9200000E+00	6.2712E-03	1.6648E-01
4.9300000E+00	1.0139E-02	2.2776E-01
4.9400000E+00	1.2829E-02	2.8207E-01
4.9500000E+00	1.3426E-02	3.2037E-01
4.9600000E+00	1.1888E-02	3.3637E-01
4.9700000E+00	7.7777E-03	3.2772E-01
4.9800000E+00	2.1257E-03	2.9572E-01
4.9900000E+00	-3.3365E-03	2.4610E-01
5.0000000E+00	-7.6397E-03	1.8716E-01
5.0100000E+00	-1.0106E-02	1.2853E-01
5.0200000E+00	-1.0862E-02	8.0226E-02
5.0300000E+00	-1.0123E-02	5.0230E-02
5.0400000E+00	-7.7571E-03	4.3593E-02
5.0500000E+00	-3.9597E-03	6.1859E-02
5.0600000E+00	4.3460E-04	1.0153E-01
5.0700000E+00	4.8302E-03	1.5679E-01
5.0800000E+00	9.0067E-03	2.1843E-01
5.0900000E+00	1.2238E-02	2.7639E-01
5.1000000E+00	1.3641E-02	3.2103E-01
5.1100000E+00	1.3032E-02	3.4570E-01
5.1200000E+00	9.5069E-03	3.4573E-01
5.1300000E+00	4.2070E-03	3.2140E-01
5.1400000E+00	-1.2745E-03	2.7742E-01
5.1500000E+00	-6.4933E-03	2.2043E-01
5.1600000E+00	-9.5894E-03	1.6050E-01
5.1700000E+00	-1.0877E-02	1.0754E-01
5.1800000E+00	-1.0664E-02	7.0259E-02
5.1900000E+00	-8.8563E-03	5.4898E-02
5.2000000E+00	-5.4348E-03	6.4547E-02
5.2100000E+00	-1.1249E-03	9.7532E-02
5.2200000E+00	3.3226E-03	1.4816E-01
5.2300000E+00	7.7232E-03	2.0875E-01
5.2400000E+00	1.1520E-02	2.6908E-01
5.2500000E+00	1.3458E-02	3.1939E-01
5.2600000E+00	1.3549E-02	3.5170E-01
5.2700000E+00	1.1063E-02	3.6035E-01
5.2800000E+00	6.3634E-03	3.4474E-01
5.2900000E+00	7.4948E-04	3.0673E-01
5.3000000E+00	-4.6662E-03	2.5344E-01
5.3100000E+00	-8.7867E-03	1.9350E-01
5.3200000E+00	-1.0841E-02	1.3687E-01
5.3300000E+00	-1.1100E-02	9.3224E-02
5.3400000E+00	-9.7748E-03	6.9564E-02
5.3500000E+00	-6.8311E-03	7.0561E-02
5.3600000E+00	-2.7292E-03	9.5514E-02
5.3700000E+00	1.7069E-03	1.4079E-01
5.3800000E+00	6.2885E-03	1.9880E-01
5.3900000E+00	1.0433E-02	2.6040E-01
5.4000000E+00	1.3068E-02	3.1538E-01
5.4100000E+00	1.3851E-02	3.5471E-01
5.4200000E+00	1.2389E-02	3.7203E-01
5.4300000E+00	8.2646E-03	3.6505E-01
5.4400000E+00	2.8120E-03	3.3441E-01
5.4500000E+00	-2.7756E-03	2.8541E-01
5.4600000E+00	-7.5977E-03	2.2681E-01
5.4700000E+00	-1.0513E-02	1.6780E-01
5.4800000E+00	-1.1327E-02	1.1852E-01
5.4900000E+00	-1.0640E-02	8.7178E-02
5.5000000E+00	-8.0803E-03	7.9238E-02
5.5100000E+00	-4.3412E-03	9.5872E-02
5.5200000E+00	1.7302E-04	1.3482E-01
5.5300000E+00	4.7414E-03	1.8945E-01
5.5400000E+00	9.2837E-03	2.5110E-01
5.5500000E+00	1.2497E-02	3.0938E-01
5.5600000E+00	1.3953E-02	3.5502E-01
5.5700000E+00	1.3325E-02	3.8071E-01
5.5800000E+00	1.0127E-02	3.8235E-01
5.5900000E+00	4.7785E-03	3.5937E-01
5.6000000E+00	-6.8854E-04	3.1641E-01
5.6100000E+00	-6.0545E-03	2.5978E-01
5.6200000E+00	-9.8019E-03	1.9982E-01
5.6300000E+00	-1.1402E-02	1.4615E-01
5.6400000E+00	-1.1145E-02	1.0783E-01
5.6500000E+00	-9.3213E-03	9.1209E-02
5.6600000E+00	-5.8122E-03	9.9519E-02
5.6700000E+00	-1.5140E-03	1.3082E-01
5.6800000E+00	3.2464E-03	1.8082E-01
5.6900000E+00	7.8974E-03	2.4111E-01
5.7000000E+00	1.1668E-02	3.0172E-01
5.7100000E+00	1.3795E-02	3.5304E-01
5.7200000E+00	1.4009E-02	3.8637E-01
5.7300000E+00	1.1677E-02	3.9669E-01
5.7400000E+00	6.8506E-03	3.8205E-01
5.7500000E+00	1.2360E-03	3.4539E-01
5.7600000E+00	-4.1447E-03	2.9276E-01
5.7700000E+00	-8.7277E-03	2.3280E-01
5.7800000E+00	-1.1201E-02	1.7581E-01
5.7900000E+00	-1.1588E-02	1.3118E-01
5.8000000E+00	-1.0193E-02	1.0619E-01
5.8100000E+00	-7.2701E-03	1.0558E-01
5.8200000E+00	-3.0899E-03	1.2952E-01
5.8300000E+00	1.4924E-03	1.7382E-01
5.8400000E+00	6.4264E-03	2.3146E-01
5.8500000E+00	1.0611E-02	2.9305E-01
5.8600000E+00	1.3374E-02	3.4873E-01
5.8700000E+00	1.4296E-02	3.8901E-01
5.8800000E+00	1.3085E-02	4.0764E-01
5.8900000E+00	8.8516E-03	4.0200E-01
5.9000000E+00	3.2792E-03	3.7270E-01
5.9100000E+00	-2.3187E-03	3.2472E-01
5.9200000E+00	-7.2421E-03	2.6608E-01
5.9300000E+00	-1.0703E-02	2.0682E-01
5.9400000E+00	-1.1720E-02	1.5682E-01
5.9500000E+00	-1.1071E-02	1.2452E-01
5.9600000E+00	-8.4982E-03	1.1519E-01
5.9700000E+00	-4.7570E-03	1.3051E-01
5.9800000E+00	-1.1858E-04	1.6811E-01
5.9900000E+00	4.7670E-03	2.2212E-01
6.0000000E+00	9.4572E-03	2.8341E-01
6.0100000E+00	1.2696E-02	3.4238E-01
6.0200000E+00	1.4451E-02	3.8903E-01
6.0300000E+00	1.4211E-02	4.1600E-01
6.0400000E+00	1.0917E-02	4.1899E-01
6.0500000E+00	5.3022E-03	3.9738E-01
6.0600000E+00	-3.2697E-04	3.5503E-01
6.0700000E+00	-5.5925E-03	2.9941E-01
6.0800000E+00	-9.7466E-03	2.3912E-01
6.0900000E+00	-1.1761E-02	1.8480E-01
6.1000000E+00	-1.1586E-02	1.4547E-01
6.1100000E+00	-9.7721E-03	1.2751E-01
6.1200000E+00	-6.2287E-03	1.3420E-01
6.1300000E+00	-1.7945E-03	1.6449E-01
6.1400000E+00	3.1684E-03	2.1375E-01
6.1500000E+00	8.0658E-03	2.7341E-01
6.1600000E+00	1.1912E-02	3.3438E-01
6.1700000E+00	1.4165E-02	3.8635E-01
6.1800000E+00	1.4936E-02	4.2097E-01
6.1900000E+00	1.2821E-02	4.3264E-01
6.2000000E+00	7.5947E-03	4.1966E-01
6.2100000E+00	1.5744E-03	3.8403E-01
6.2200000E+00	-3.8457E-03	3.3205E-01
6.2300000E+00	-8.5384E-03	2.7210E-01
6.2400000E+00	-1.1403E-02	2.1479E-01
6.2500000E+00	-1.1951E-02	1.6918E-01
6.2600000E+00	-1.0781E-02	1.4317E-01
6.2700000E+00	-7.8413E-03	1.4082E-01
6.2800000E+00	-3.4321E-03	1.6350E-01
6.2900000E+00	1.4535E-03	2.0682E-01
6.3000000E+00	6.6231E-03	2.6375E-01
6.3100000E+00	1.0721E-02	3.2537E-01
6.3200000E+00	1.3685E-02	3.8170E-01
6.3300000E+00	1.5240E-02	4.2331E-01
6.3400000E+00	1.4511E-02	4.4329E-01
6.3500000E+00	9.8783E-03	4.3897E-01
6.3600000E+00	3.6367E-03	4.1068E-01
6.3700000E+00	-2.0412E-03	3.6372E-01
6.3800000E+00	-7.0700E-03	3.0542E-01
6.3900000E+00	-1.0746E-02	2.4614E-01
6.4000000E+00	-1.2234E-02	1.9514E-01
6.4100000E+00	-1.1464E-02	1.6185E-01
6.4200000E+00	-9.1160E-03	1.5085E-01
6.4300000E+00	-5.2060E-03	1.6485E-01
6.4400000E+00	-2.1323E-04	2.0147E-01
6.4500000E+00	4.9719E-03	2.5478E-01
6.4600000E+00	9.5835E-03	3.1575E-01
6.4700000E+00	1.2932E-02	3.7505E-01
6.4800000E+00	1.5191E-02	4.2267E-01
6.4900000E+00	1.5874E-02	4.5097E-01
6.5000000E+00	1.2294E-02	4.5530E-01
6.5100000E+00	5.7832E-03	4.3533E-01
6.5200000E+00	-2.6539E-04	3.9405E-01
6.5300000E+00	-5.5401E-03	3.3874E-01
6.5400000E+00	-9.7155E-03	2.7844E-01
6.5500000E+00	-1.2051E-02	2.2382E-01
6.5600000E+00	-1.2109E-02	1.8314E-01
6.5700000E+00	-1.0312E-02	1.6383E-01
6.5800000E+00	-6.7113E-03	1.6920E-01
6.5900000E+00	-2.1664E-03	1.9814E-01
6.6000000E+00	3.0183E-03	2.4642E-01
6.6100000E+00	8.1122E-03	3.0607E-01
6.6200000E+00	1.2056E-02	3.6702E-01
6.6300000E+00	1.4653E-02	4.1965E-01
6.6400000E+00	1.6510E-02	4.5567E-01
6.6500000E+00	1.4495E-02	4.6863E-01
6.6600000E+00	8.3168E-03	4.5698E-01
6.6700000E+00	1.5506E-03	4.2268E-01
6.6800000E+00	-3.7945E-03	3.7138E-01
6.6900000E+00	-8.5786E-03	3.1174E-01
6.7000000E+00	-1.1563E-02	2.5377E-01
6.7100000E+00	-1.2627E-02	2.0715E-01
6.7200000E+00	-1.1330E-02	1.7981E-01
6.7300000E+00	-8.2986E-03	1.7650E-01
6.7400000E+00	-3.8832E-03	1.9749E-01
6.7500000E+00	1.3081E-03	2.3978E-01
6.7600000E+00	6.5680E-03	2.9640E-01
6.7700000E+00	1.0904E-02	3.5803E-01
6.7800000E+00	1.4064E-02	4.1468E-01
6.7900000E+00	1.6593E-02	4.5733E-01
6.8000000E+00	1.6390E-02	4.7898E-01
6.8100000E+00	1.0875E-02	4.7595E-01
6.8200000E+00	3.7607E-03	4.4897E-01
6.8300000E+00	-2.1715E-03	4.0269E-01
6.8400000E+00	-6.9698E-03	3.4508E-01
6.8500000E+00	-1.0908E-02	2.8541E-01
6.8600000E+00	-1.2539E-02	2.3379E-01
6.8700000E+00	-1.2110E-02	1.9913E-01
6.8800000E+00	-9.6699E-03	1.8681E-01
6.8900000E+00	-5.6425E-03	1.9944E-01
6.9000000E+00	-5.0065E-04	2.3476E-01
6.9100000E+00	4.7853E-03	2.8710E-01
6.9200000E+00	9.6688E-03	3.4838E-01
6.9300000E+00	1.3161E-02	4.0802E-01
6.9400000E+00	1.6315E-02	4.5632E-01
6.9500000E+00	1.7476E-02	4.8598E-01
6.9600000E+00	1.3621E-02	4.9161E-01
6.9700000E+00	6.2487E-03	4.7299E-01
6.9800000E+00	-5.1970E-04	4.3269E-01
6.9900000E+00	-5.6105E-03	3.7805E-01
7.0000000E+00	-9.7506E-03	3.1805E-01
7.0100000E+00	-1.2398E-02	2.6243E-01
7.0200000E+00	-1.2595E-02	2.2082E-01
7.0300000E+00	-1.0977E-02	2.0013E-01
7.0400000E+00	-7.1827E-03	2.0413E-01
7.0500000E+00	-2.2958E-03	2.3180E-01
7.0600000E+00	3.0783E-03	2.7909E-01
7.0700000E+00	8.1735E-03	3.3840E-01
7.0800000E+00	1.2069E-02	3.9968E-01
7.0900000E+00	1.5612E-02	4.5298E-01
7.1000000E+00	1.8075E-02	4.8995E-01
7.1100000E+00	1.6210E-02	5.0464E-01
7.1200000E+00	9.0987E-03	4.9434E-01
7.1300000E+00	1.3638E-03	4.6099E-01
7.1400000E+00	-4.1764E-03	4.1037E-01
7.1500000E+00	-8.4837E-03	3.5107E-01
7.1600000E+00	-1.1763E-02	2.9277E-01
7.1700000E+00	-1.2959E-02	2.4545E-01
7.1800000E+00	-1.1937E-02	2.1682E-01
7.1900000E+00	-8.9304E-03	2.1180E-01
7.2000000E+00	-4.0740E-03	2.3147E-01
7.2100000E+00	1.0632E-03	2.7275E-01
7.2200000E+00	6.4286E-03	3.2875E-01
7.2300000E+00	1.0846E-02	3.9039E-01
7.2400000E+00	1.4728E-02	4.4768E-01
7.2500000E+00	1.8040E-02	4.9130E-01
7.2600000E+00	1.8036E-02	5.1430E-01
7.2700000E+00	1.2003E-02	5.1263E-01
7.2800000E+00	3.8920E-03	4.8698E-01
7.2900000E+00	-2.7255E-03	4.4168E-01
7.3000000E+00	-7.3329E-03	3.8439E-01
7.3100000E+00	-1.0729E-02	3.2477E-01
7.3200000E+00	-1.2827E-02	2.7246E-01
7.3300000E+00	-1.2614E-02	2.3643E-01
7.3400000E+00	-1.0277E-02	2.2278E-01
7.3500000E+00	-6.0017E-03	2.3412E-01
7.3600000E+00	-6.4485E-04	2.6811E-01
7.3700000E+00	4.5592E-03	3.1975E-01
7.3800000E+00	9.3836E-03	3.8069E-01
7.3900000E+00	1.3477E-02	4.4067E-01
7.4000000E+00	1.7583E-02	4.8995E-01
7.4100000E+00	1.9152E-02	5.2092E-01
7.4200000E+00	1.4641E-02	5.2794E-01
7.4300000E+00	6.8068E-03	5.1063E-01
7.4400000E+00	-9.5307E-04	4.7166E-01
7.4500000E+00	-6.1777E-03	4.1737E-01
7.4600000E+00	-9.7674E-03	3.5738E-01
7.4700000E+00	-1.2268E-02	3.0144E-01
7.4800000E+00	-1.2936E-02	2.5881E-01
7.4900000E+00	-1.1476E-02	2.3681E-01
7.5000000E+00	-7.7379E-03	2.3912E-01
7.5100000E+00	-2.5568E-03	2.6578E-01
7.5200000E+00	2.7364E-03	3.1207E-01
7.5300000E+00	7.7597E-03	3.7070E-01
7.5400000E+00	1.2139E-02	4.3234E-01
7.5500000E+00	1.6621E-02	4.8629E-01
7.5600000E+00	1.9388E-02	5.2462E-01
7.5700000E+00	1.6339E-02	5.4026E-01
7.5800000E+00	9.7886E-03	5.3165E-01
7.5900000E+00	1.4744E-03	4.9933E-01
7.6000000E+00	-4.7419E-03	4.4968E-01
7.6100000E+00	-8.7242E-03	3.9067E-01
7.6200000E+00	-1.1547E-02	3.3208E-01
7.6300000E+00	-1.3038E-02	2.8377E-01
7.6400000E+00	-1.2285E-02	2.5380E-01
7.6500000E+00	-9.2668E-03	2.4746E-01
7.6600000E+00	-4.5228E-03	2.6576E-01
7.6700000E+00	8.6356E-04	3.0574E-01
7.6800000E+00	6.1063E-03	3.6137E-01
7.6900000E+00	1.0620E-02	4.2300E-01
7.7000000E+00	1.5319E-02	4.8060E-01
7.7100000E+00	1.9159E-02	5.2530E-01
7.7200000E+00	1.7593E-02	5.4962E-01
7.7300000E+00	1.2072E-02	5.4928E-01
7.7400000E+00	4.6198E-03	5.2498E-01
7.7500000E+00	-2.8801E-03	4.8064E-01
7.7600000E+00	-7.5742E-03	4.2405E-01
7.7700000E+00	-1.0836E-02	3.6406E-01
7.7800000E+00	-1.2672E-02	3.1108E-01
7.7900000E+00	-1.2639E-02	2.7374E-01
7.8000000E+00	-1.0595E-02	2.5878E-01
7.8100000E+00	-6.3574E-03	2.6876E-01
7.8200000E+00	-9.7154E-04	3.0178E-01
7.8300000E+00	4.2637E-03	3.5236E-01
7.8400000E+00	9.1333E-03	4.1302E-01
7.8500000E+00	1.3852E-02	4.7329E-01
7.8600000E+00	1.8541E-02	5.2361E-01
7.8700000E+00	1.8260E-02	5.5557E-01
7.8800000E+00	1.3948E-02	5.6427E-01
7.8900000E+00	7.4414E-03	5.4829E-01
7.9000000E+00	-2.9424E-04	5.1029E-01
7.9100000E+00	-6.3329E-03	4.5668E-01
7.9200000E+00	-9.9085E-03	3.9672E-01
7.9300000E+00	-1.2084E-02	3.4041E-01
7.9400000E+00	-1.2785E-02	2.9672E-01
7.9500000E+00	-1.1568E-02	2.7344E-01
7.9600000E+00	-7.9101E-03	2.7445E-01
7.9700000E+00	-2.9396E-03	2.9977E-01
7.9800000E+00	2.4246E-03	3.4509E-01
7.9900000E+00	7.3680E-03	4.0336E-01
8.0000000E+00	1.2269E-02	4.6464E-01
8.0100000E+00	1.7450E-02	5.1960E-01
8.0200000E+00	1.8399E-02	5.5896E-01
8.0300000E+00	1.5428E-02	5.7623E-01
8.0400000E+00	9.8071E-03	5.6862E-01
8.0500000E+00	2.7864E-03	5.3794E-01
8.0600000E+00	-4.3291E-03	4.8899E-01
8.0700000E+00	-8.8191E-03	4.3005E-01
8.0800000E+00	-1.1405E-02	3.7106E-01
8.0900000E+00	-1.2587E-02	3.2209E-01
8.1000000E+00	-1.2025E-02	2.9112E-01
8.1100000E+00	-9.4368E-03	2.8310E-01
8.1200000E+00	-4.7445E-03	3.0011E-01
8.1300000E+00	3.4418E-04	3.3905E-01
8.1400000E+00	5.6797E-03	3.9368E-01
8.1500000E+00	1.0641E-02	4.5534E-01
8.1600000E+00	1.6096E-02	5.1359E-01
8.1700000E+00	1.8057E-02	5.5924E-01
8.1800000E+00	1.6362E-02	5.8493E-01
8.1900000E+00	1.1566E-02	5.8593E-01
8.2000000E+00	5.3879E-03	5.6294E-01
8.2100000E+00	-1.7619E-03	5.1959E-01
8.2200000E+00	-7.3950E-03	4.6335E-01
8.2300000E+00	-1.0745E-02	4.0337E-01
8.2400000E+00	-1.2307E-02	3.4973E-01
8.2500000E+00	-1.2368E-02	3.1144E-01
8.2600000E+00	-1.0410E-02	2.9508E-01
8.2700000E+00	-6.4930E-03	3.0342E-01
8.2800000E+00	-1.3141E-03	3.3510E-01
8.2900000E+00	3.8719E-03	3.8541E-01
8.3000000E+00	8.8003E-03	4.4533E-01
8.3100000E+00	1.4419E-02	5.0596E-01
8.3200000E+00	1.7673E-02	5.5724E-01
8.3300000E+00	1.6874E-02	5.9059E-01
8.3400000E+00	1.3157E-02	6.0059E-01
8.3500000E+00	7.6537E-03	5.8595E-01
8.3600000E+00	1.2004E-03	5.4897E-01
8.3700000E+00	-5.5004E-03	4.9602E-01
8.3800000E+00	-9.6424E-03	4.3635E-01
8.3900000E+00	-1.1809E-02	3.7938E-01
8.4000000E+00	-1.2393E-02	3.3474E-01
8.4100000E+00	-1.1282E-02	3.1006E-01
8.4200000E+00	-7.9579E-03	3.0976E-01
8.4300000E+00	-3.1281E-03	3.3340E-01
8.4400000E+00	2.0086E-03	3.7803E-01
8.4500000E+00	7.1601E-03	4.3565E-01
8.4600000E+00	1.2695E-02	4.9731E-01
8.4700000E+00	1.6934E-02	5.5293E-01
8.4800000E+00	1.6963E-02	5.9326E-01
8.4900000E+00	1.4266E-02	6.1190E-01
8.5000000E+00	9.6629E-03	6.0557E-01
8.5100000E+00	3.6809E-03	5.7626E-01
8.5200000E+00	-2.8456E-03	5.2798E-01
8.5300000E+00	-8.2800E-03	4.6968E-01
8.5400000E+00	-1.1090E-02	4.1040E-01
8.5500000E+00	-1.2269E-02	3.6038E-01
8.5600000E+00	-1.1748E-02	3.2809E-01
8.5700000E+00	-9.1625E-03	3.1909E-01
8.5800000E+00	-4.8636E-03	3.3441E-01
8.5900000E+00	2.5922E-04	3.7240E-01
8.6000000E+00	5.4456E-03	4.2634E-01
8.6100000E+00	1.0827E-02	4.8764E-01
8.6200000E+00	1.5953E-02	5.4659E-01
8.6300000E+00	1.6815E-02	5.9324E-01
8.6400000E+00	1.5039E-02	6.1988E-01
8.6500000E+00	1.1076E-02	6.2257E-01
8.6600000E+00	5.8032E-03	6.0094E-01
8.6700000E+00	-1.9379E-04	5.5860E-01
8.6800000E+00	-6.4055E-03	5.0265E-01
8.6900000E+00	-1.0221E-02	4.4269E-01
8.7000000E+00	-1.1956E-02	3.8841E-01
8.7100000E+00	-1.1967E-02	3.4909E-01
8.7200000E+00	-1.0253E-02	3.3140E-01
8.7300000E+00	-6.3485E-03	3.3840E-01
8.7400000E+00	-1.5415E-03	3.6868E-01
8.7500000E+00	3.6979E-03	4.1798E-01
8.7600000E+00	9.0813E-03	4.7797E-01
8.7700000E+00	1.4602E-02	5.3859E-01
8.7800000E+00	1.6395E-02	5.9058E-01
8.7900000E+00	1.5465E-02	6.2522E-01
8.8000000E+00	1.2369E-02	6.3656E-01
8.8100000E+00	7.6878E-03	6.2325E-01
8.8200000E+00	2.0581E-03	5.8762E-01
8.8300000E+00	-3.7838E-03	5.3527E-01
8.8400000E+00	-8.8987E-03	4.7566E-01
8.8500000E+00	-1.1355E-02	4.1835E-01
8.8600000E+00	-1.2070E-02	3.7271E-01
8.8700000E+00	-1.1049E-02	3.4674E-01
8.8800000E+00	-7.8319E-03	3.4506E-01
8.8900000E+00	-3.2422E-03	3.6738E-01
8.9000000E+00	1.9317E-03	4.1105E-01
8.9100000E+00	7.1930E-03	4.6801E-01
8.9200000E+00	1.3089E-02	5.2998E-01
8.9300000E+00	1.5822E-02	5.8593E-01
8.9400000E+00	1.5578E-02	6.2721E-01
8.9500000E+00	1.3514E-02	6.4719E-01
8.9600000E+00	9.3938E-03	6.4255E-01
8.9700000E+00	4.0110E-03	6.1425E-01
8.9800000E+00	-1.4371E-03	5.6726E-01
8.9900000E+00	-7.1604E-03	5.0901E-01
9.0000000E+00	-1.0627E-02	4.4968E-01
9.0100000E+00	-1.1913E-02	3.9904E-01
9.0200000E+00	-1.1479E-02	3.6538E-01
9.0300000E+00	-9.0899E-03	3.5475E-01
9.0400000E+00	-4.8773E-03	3.6906E-01
9.0500000E+00	1.3251E-04	4.0569E-01
9.0600000E+00	5.4770E-03	4.5900E-01
9.0700000E+00	1.1347E-02	5.2027E-01
9.0800000E+00	1.4946E-02	5.7923E-01
9.0900000E+00	1.5452E-02	6.2689E-01
9.1000000E+00	1.4349E-02	6.5489E-01
9.1100000E+00	1.0964E-02	6.5921E-01
9.1200000E+00	5.8991E-03	6.3889E-01
9.1300000E+00	5.1732E-04	5.9760E-01
9.1400000E+00	-4.7774E-03	5.4231E-01
9.1500000E+00	-9.5573E-03	4.8199E-01
9.1600000E+00	-1.1655E-02	4.2703E-01
9.1700000E+00	-1.1729E-02	3.8670E-01
9.1800000E+00	-1.0058E-02	3.6774E-01
9.1900000E+00	-6.4259E-03	3.7306E-01
9.2000000E+00	-1.5472E-03	4.0234E-01
9.2100000E+00	3.6373E-03	4.5066E-01
9.2200000E+00	9.4952E-03	5.1028E-01
9.2300000E+00	1.3899E-02	5.7124E-01
9.2400000E+00	1.5215E-02	6.2389E-01
9.2500000E+00	1.4832E-02	6.5955E-01
9.2600000E+00	1.2353E-02	6.7252E-01
9.2700000E+00	7.7414E-03	6.6057E-01
9.2800000E+00	2.3696E-03	6.2626E-01
9.2900000E+00	-2.7008E-03	5.7463E-01
9.3000000E+00	-7.7662E-03	5.1498E-01
9.3100000E+00	-1.0956E-02	4.5733E-01
9.3200000E+00	-1.1748E-02	4.1102E-01
9.3300000E+00	-1.0781E-02	3.8372E-01
9.3400000E+00	-7.8033E-03	3.8038E-01
9.3500000E+00	-3.2362E-03	4.0170E-01
9.3600000E+00	1.8919E-03	4.4399E-01
9.3700000E+00	7.5441E-03	5.0066E-01
9.3800000E+00	1.2683E-02	5.6224E-01
9.3900000E+00	1.4618E-02	6.1890E-01
9.4000000E+00	1.5026E-02	6.6154E-01
9.4100000E+00	1.3547E-02	6.8290E-01
9.4200000E+00	9.6415E-03	6.7956E-01
9.4300000E+00	4.1801E-03	6.5258E-01
9.4400000E+00	-9.8872E-04	6.0628E-01
9.4500000E+00	-5.7762E-03	5.4828E-01
9.4600000E+00	-9.9466E-03	4.8899E-01
9.4700000E+00	-1.1623E-02	4.3739E-01
9.4800000E+00	-1.1285E-02	4.0271E-01
9.4900000E+00	-9.0305E-03	3.9069E-01
9.5000000E+00	-4.8954E-03	4.0336E-01
9.5100000E+00	1.2934E-04	4.3899E-01
9.5200000E+00	5.6316E-03	4.9163E-01
9.5300000E+00	1.1270E-02	5.5259E-01
9.5400000E+00	1.3928E-02	6.1223E-01
9.5500000E+00	1.4858E-02	6.6055E-01
9.5600000E+00	1.4428E-02	6.8984E-01
9.5700000E+00	1.1388E-02	6.9552E-01
9.5800000E+00	6.1991E-03	6.7653E-01
9.5900000E+00	5.9175E-04	6.3623E-01
9.6000000E+00	-3.8780E-03	5.8160E-01
9.6100000E+00	-8.4384E-03	5.2134E-01
9.6200000E+00	-1.1179E-02	4.6600E-01
9.6300000E+00	-1.1484E-02	4.2468E-01
9.6400000E+00	-1.0004E-02	4.0404E-01
9.6500000E+00	-6.3918E-03	4.0802E-01
9.6600000E+00	-1.5924E-03	4.3604E-01
9.6700000E+00	3.7829E-03	4.8363E-01
9.6800000E+00	9.6220E-03	5.4259E-01
9.6900000E+00	1.2999E-02	6.0392E-01
9.7000000E+00	1.4550E-02	6.5753E-01
9.7100000E+00	1.4995E-02	6.9419E-01
9.7200000E+00	1.3082E-02	7.0853E-01
9.7300000E+00	8.2746E-03	6.9787E-01
9.7400000E+00	2.4564E-03	6.6458E-01
9.7500000E+00	-2.5280E-03	6.1392E-01
9.7600000E+00	-6.6740E-03	5.5466E-01
9.7700000E+00	-1.0326E-02	4.9634E-01
9.7800000E+00	-1.1527E-02	4.4900E-01
9.7900000E+00	-1.0702E-02	4.2069E-01
9.8000000E+00	-7.7566E-03	4.1602E-01
9.8100000E+00	-3.2728E-03	4.3568E-01
9.8200000E+00	1.9270E-03	4.7698E-01
9.8300000E+00	7.8571E-03	5.3293E-01
9.8400000E+00	1.1915E-02	5.9492E-01
9.8500000E+00	1.3984E-02	6.5190E-01
9.8600000E+00	1.5196E-02	6.9549E-01
9.8700000E+00	1.4585E-02	7.1819E-01
9.8800000E+00	1.0623E-02	7.1653E-01
9.8900000E+00	4.4709E-03	6.9051E-01
9.9000000E+00	-1.0959E-03	6.4525E-01
9.9100000E+00	-5.2076E-03	5.8798E-01
9.9200000E+00	-8.9555E-03	5.2798E-01
9.9300000E+00	-1.1288E-02	4.7601E-01
9.9400000E+00	-1.1144E-02	4.4002E-01
9.9500000E+00	-8.9675E-03	4.2668E-01
9.9600000E+00	-4.9251E-03	4.3805E-01
9.9700000E+00	1.7040E-04	4.7232E-01
9.9800000E+00	6.0071E-03	5.2431E-01
9.9900000E+00	1.0549E-02	5.8491E-01
1.0000000E+01	1.3201E-02	6.4491E-01
1.0010000E+01	1.4942E-02	6.9419E-01
1.0020000E+01	1.5729E-02	7.2485E-01
1.0030000E+01	1.3033E-02	7.3185E-01
1.0040000E+01	6.9281E-03	7.1419E-01
1.0050000E+01	5.6856E-04	6.7522E-01
1.0060000E+01	-4.1287E-03	6.2089E-01
1.0070000E+01	-7.6381E-03	5.6095E-01
1.0080000E+01	-1.0658E-02	5.0499E-01
1.0090000E+01	-1.1412E-02	4.6236E-01
1.0100000E+01	-9.9916E-03	4.4068E-01
1.0110000E+01	-6.4173E-03	4.4335E-01
1.0120000E+01	-1.5809E-03	4.7000E-01
1.0130000E+01	4.0073E-03	5.1630E-01
1.0140000E+01	9.1823E-03	5.7524E-01
1.0150000E+01	1.2237E-02	6.3654E-01
1.0160000E+01	1.4537E-02	6.9052E-01
1.0170000E+01	1.6409E-02	7.2850E-01
1.0180000E+01	1.5548E-02	7.4418E-01
1.0190000E+01	9.8960E-03	7.3520E-01
1.0200000E+01	2.6844E-03	7.0322E-01
1.0210000E+01	-3.0766E-03	6.5325E-01
1.0220000E+01	-6.6567E-03	5.9396E-01
1.0230000E+01	-9.6605E-03	5.3565E-01
1.0240000E+01	-1.1338E-02	4.8731E-01
1.0250000E+01	-1.0822E-02	4.5698E-01
1.0260000E+01	-8.1190E-03	4.4903E-01
1.0270000E+01	-3.7821E-03	4.6599E-01
1.0280000E+01	1.5953E-03	5.0465E-01
1.0290000E+01	6.9832E-03	5.5860E-01
1.0300000E+01	1.0700E-02	6.1859E-01
1.0310000E+01	1.3201E-02	6.7485E-01
1.0320000E+01	1.5235E-02	7.1787E-01
1.0330000E+01	1.5436E-02	7.4017E-01
1.0340000E+01	1.1319E-02	7.3851E-01
1.0350000E+01	4.2116E-03	7.1220E-01
1.0360000E+01	-1.9339E-03	6.6623E-01
1.0370000E+01	-5.9971E-03	6.0797E-01
1.0380000E+01	-9.3334E-03	5.4633E-01
1.0390000E+01	-1.1737E-02	4.9199E-01
1.0400000E+01	-1.1899E-02	4.5335E-01
1.0410000E+01	-9.8993E-03	4.3703E-01
1.0420000E+01	-5.9618E-03	4.4536E-01
1.0430000E+01	-8.0616E-04	4.7699E-01
1.0440000E+01	4.6779E-03	5.2631E-01
1.0450000E+01	9.2878E-03	5.8524E-01
1.0460000E+01	1.2041E-02	6.4424E-01
1.0470000E+01	1.3768E-02	6.9282E-01
1.0480000E+01	1.4468E-02	7.2320E-01
1.0490000E+01	1.1765E-02	7.2985E-01
1.0500000E+01	6.0353E-03	7.1221E-01
1.0510000E+01	-4.4350E-05	6.7257E-01
1.0520000E+01	-4.6804E-03	6.1726E-01
1.0530000E+01	-8.3244E-03	5.5563E-01
1.0540000E+01	-1.1307E-02	4.9767E-01
1.0550000E+01	-1.2139E-02	4.5268E-01
1.0560000E+01	-1.0971E-02	4.2804E-01
1.0570000E+01	-7.7407E-03	4.2767E-01
1.0580000E+01	-2.9571E-03	4.5134E-01
1.0590000E+01	2.3387E-03	4.9532E-01
1.0600000E+01	7.8291E-03	5.5227E-01
1.0610000E+01	1.1121E-02	6.1227E-01
1.0620000E+01	1.2889E-02	6.6518E-01
1.0630000E+01	1.3704E-02	7.0287E-01
1.0640000E+01	1.2220E-02	7.1821E-01
1.0650000E+01	7.5683E-03	7.0920E-01
1.0660000E+01	1.8797E-03	6.7657E-01
1.0670000E+01	-3.1649E-03	6.2593E-01
1.0680000E+01	-7.0619E-03	5.6562E-01
1.0690000E+01	-1.0646E-02	5.0501E-01
1.0700000E+01	-1.2102E-02	4.5470E-01
1.0710000E+01	-1.1839E-02	4.2200E-01
1.0720000E+01	-9.1787E-03	4.1305E-01
1.0730000E+01	-4.9736E-03	4.2832E-01
1.0740000E+01	3.0536E-04	4.6601E-01
1.0750000E+01	5.7493E-03	5.1930E-01
1.0760000E+01	1.0051E-02	5.7923E-01
1.0770000E+01	1.2169E-02	6.3591E-01
1.0780000E+01	1.3250E-02	6.7988E-01
1.0790000E+01	1.2404E-02	7.0356E-01
1.0800000E+01	9.0018E-03	7.0320E-01
1.0810000E+01	3.6442E-03	6.7854E-01
1.0820000E+01	-1.5065E-03	6.3359E-01
1.0830000E+01	-5.7271E-03	5.7530E-01
1.0840000E+01	-9.7292E-03	5.1368E-01
1.0850000E+01	-1.1961E-02	4.5870E-01
1.0860000E+01	-1.2166E-02	4.1905E-01
1.0870000E+01	-1.0404E-02	4.0140E-01
1.0880000E+01	-6.6252E-03	4.0836E-01
1.0890000E+01	-1.7537E-03	4.3871E-01
1.0900000E+01	3.5752E-03	4.8733E-01
1.0910000E+01	8.6950E-03	5.4597E-01
1.0920000E+01	1.1608E-02	6.0492E-01
1.0930000E+01	1.2815E-02	6.5424E-01
1.0940000E+01	1.2646E-02	6.8586E-01
1.0950000E+01	1.0052E-02	6.9422E-01
1.0960000E+01	5.4667E-03	6.7786E-01
1.0970000E+01	1.0729E-04	6.3925E-01
1.0980000E+01	-4.2311E-03	5.8461E-01
1.0990000E+01	-8.5683E-03	5.2333E-01
1.1000000E+01	-1.1486E-02	4.6469E-01
1.1010000E+01	-1.2369E-02	4.1871E-01
1.1020000E+01	-1.1413E-02	3.9271E-01
1.1030000E+01	-8.2787E-03	3.9105E-01
1.1040000E+01	-3.6591E-03	4.1337E-01
1.1050000E+01	1.4025E-03	4.5636E-01
1.1060000E+01	6.7497E-03	5.1259E-01
1.1070000E+01	1.0898E-02	5.7290E-01
1.1080000E+01	1.2504E-02	6.2657E-01
1.1090000E+01	1.2708E-02	6.6521E-01
1.1100000E+01	1.1018E-02	6.8222E-01
1.1110000E+01	6.9908E-03	6.7420E-01
1.1120000E+01	1.9311E-03	6.4289E-01
1.1130000E+01	-2.8420E-03	5.9327E-01
1.1140000E+01	-7.2877E-03	5.3297E-01
1.1150000E+01	-1.0853E-02	4.7233E-01
1.1160000E+01	-1.2309E-02	4.2104E-01
1.1170000E+01	-1.2112E-02	3.8741E-01
1.1180000E+01	-9.6282E-03	3.7675E-01
1.1190000E+01	-5.4385E-03	3.9104E-01
1.1200000E+01	-4.7479E-04	4.2736E-01
1.1210000E+01	4.5820E-03	4.7997E-01
1.1220000E+01	9.7004E-03	5.3995E-01
1.1230000E+01	1.2132E-02	5.9691E-01
1.1240000E+01	1.2724E-02	6.4187E-01
1.1250000E+01	1.1613E-02	6.6689E-01
1.1260000E+01	8.4212E-03	6.6791E-01
1.1270000E+01	3.6493E-03	6.4457E-01
1.1280000E+01	-1.3734E-03	6.0058E-01
1.1290000E+01	-5.7789E-03	5.4300E-01
1.1300000E+01	-9.9483E-03	4.8135E-01
1.1310000E+01	-1.2201E-02	4.2538E-01
1.1320000E+01	-1.2377E-02	3.8472E-01
1.1330000E+01	-1.0802E-02	3.6576E-01
1.1340000E+01	-7.1450E-03	3.7106E-01
1.1350000E+01	-2.3574E-03	4.0038E-01
1.1360000E+01	2.6515E-03	4.4802E-01
1.1370000E+01	7.7393E-03	5.0666E-01
1.1380000E+01	1.1585E-02	5.6559E-01
1.1390000E+01	1.2673E-02	6.1589E-01
1.1400000E+01	1.2125E-02	6.4856E-01
1.1410000E+01	9.6373E-03	6.5854E-01
1.1420000E+01	5.2867E-03	6.4323E-01
1.1430000E+01	3.9459E-04	6.0594E-01
1.1440000E+01	-4.3354E-03	5.5230E-01
1.1450000E+01	-8.8801E-03	4.9102E-01
1.1460000E+01	-1.1744E-02	4.3206E-01
1.1470000E+01	-1.2658E-02	3.8505E-01
1.1480000E+01	-1.1746E-02	3.5774E-01
1.1490000E+01	-8.7471E-03	3.5440E-01
1.1500000E+01	-4.2199E-03	3.7572E-01
1.1510000E+01	7.1983E-04	4.1768E-01
1.1520000E+01	5.7007E-03	4.7330E-01
1.1530000E+01	1.0398E-02	5.3326E-01
1.1540000E+01	1.2595E-02	5.8790E-01
1.1550000E+01	1.2451E-02	6.2759E-01
1.1560000E+01	1.0677E-02	6.4591E-01
1.1570000E+01	6.9393E-03	6.3956E-01
1.1580000E+01	2.0326E-03	6.0926E-01
1.1590000E+01	-2.8759E-03	5.6064E-01
1.1600000E+01	-7.7816E-03	5.0068E-01
1.1610000E+01	-1.1034E-02	4.3971E-01
1.1620000E+01	-1.2577E-02	3.8771E-01
1.1630000E+01	-1.2413E-02	3.5273E-01
1.1640000E+01	-1.0213E-02	3.4076E-01
1.1650000E+01	-6.1508E-03	3.5341E-01
1.1660000E+01	-1.0907E-03	3.8873E-01
1.1670000E+01	3.9351E-03	4.4066E-01
1.1680000E+01	8.6562E-03	5.0036E-01
1.1690000E+01	1.2217E-02	5.5795E-01
1.1700000E+01	1.2846E-02	6.0393E-01
1.1710000E+01	1.1565E-02	6.3024E-01
1.1720000E+01	8.3902E-03	6.3257E-01
1.1730000E+01	3.8660E-03	6.1060E-01
1.1740000E+01	-1.1416E-03	5.6760E-01
1.1750000E+01	-6.3917E-03	5.1031E-01
1.1760000E+01	-1.0171E-02	4.4870E-01
1.1770000E+01	-1.2281E-02	3.9239E-01
1.1780000E+01	-1.2724E-02	3.5075E-01
1.1790000E+01	-1.1347E-02	3.3008E-01
1.1800000E+01	-7.8005E-03	3.3405E-01
1.1810000E+01	-3.0250E-03	3.6204E-01
1.1820000E+01	2.0234E-03	4.0903E-01
1.1830000E+01	6.7809E-03	4.6700E-01
1.1840000E+01	1.1187E-02	5.2662E-01
1.1850000E+01	1.2907E-02	5.7760E-01
1.1860000E+01	1.2358E-02	6.1159E-01
1.1870000E+01	9.6500E-03	6.2260E-01
1.1880000E+01	5.5577E-03	6.0897E-01
1.1890000E+01	5.1302E-04	5.7264E-01
1.1900000E+01	-4.7212E-03	5.1964E-01
1.1910000E+01	-9.0889E-03	4.5834E-01
1.1920000E+01	-1.1755E-02	3.9908E-01
1.1930000E+01	-1.2937E-02	3.5107E-01
1.1940000E+01	-1.2153E-02	3.2275E-01
1.1950000E+01	-9.4012E-03	3.1807E-01
1.1960000E+01	-4.7573E-03	3.3774E-01
1.1970000E+01	7.2373E-05	3.7873E-01
1.1980000E+01	5.0010E-03	4.3399E-01
1.1990000E+01	9.4033E-03	4.9396E-01
1.2000000E+01	1.2661E-02	5.4894E-01
1.2010000E+01	1.2871E-02	5.8991E-01
1.2020000E+01	1.0837E-02	6.0959E-01
1.2030000E+01	7.1179E-03	6.0458E-01
1.2040000E+01	2.2598E-03	5.7560E-01
1.2050000E+01	-3.0472E-03	5.2765E-01
1.2060000E+01	-7.8468E-03	4.6833E-01
1.2070000E+01	-1.1119E-02	4.0704E-01
1.2080000E+01	-1.2679E-02	3.5408E-01
1.2090000E+01	-1.2721E-02	3.1808E-01
1.2100000E+01	-1.0668E-02	3.0477E-01
1.2110000E+01	-6.7129E-03	3.1611E-01
1.2120000E+01	-1.6382E-03	3.5039E-01
1.2130000E+01	3.2551E-03	4.0137E-01
1.2140000E+01	7.7965E-03	4.6099E-01
1.2150000E+01	1.1662E-02	5.1896E-01
1.2160000E+01	1.3212E-02	5.6557E-01
1.2170000E+01	1.1924E-02	5.9325E-01
1.2180000E+01	8.6951E-03	5.9727E-01
1.2190000E+01	4.0468E-03	5.7631E-01
1.2200000E+01	-1.2282E-03	5.3430E-01
1.2210000E+01	-6.4375E-03	4.7799E-01
1.2220000E+01	-1.0073E-02	4.1637E-01
1.2230000E+01	-1.2419E-02	3.5940E-01
1.2240000E+01	-1.3015E-02	3.1643E-01
1.2250000E+01	-1.1917E-02	2.9477E-01
1.2260000E+01	-8.4894E-03	2.9743E-01
1.2270000E+01	-3.6141E-03	3.2406E-01
1.2280000E+01	1.5310E-03	3.7005E-01
1.2290000E+01	6.1641E-03	4.2767E-01
1.2300000E+01	1.0138E-02	4.8730E-01
1.2310000E+01	1.2878E-02	5.3894E-01
1.2320000E+01	1.2868E-02	5.7395E-01
1.2330000E+01	1.0063E-02	5.8660E-01
1.2340000E+01	5.8248E-03	5.7428E-01
1.2350000E+01	5.0773E-04	5.3935E-01
1.2360000E+01	-4.8450E-03	4.8701E-01
1.2370000E+01	-9.0639E-03	4.2602E-01
1.2380000E+01	-1.1779E-02	3.6640E-01
1.2390000E+01	-1.3131E-02	3.1744E-01
1.2400000E+01	-1.2517E-02	2.8780E-01
1.2410000E+01	-9.9803E-03	2.8144E-01
1.2420000E+01	-5.3725E-03	3.0009E-01
1.2430000E+01	-3.8474E-04	3.4008E-01
1.2440000E+01	4.6030E-03	3.9437E-01
1.2450000E+01	8.7402E-03	4.5467E-01
1.2460000E+01	1.2042E-02	5.1028E-01
1.2470000E+01	1.3183E-02	5.5196E-01
1.2480000E+01	1.1454E-02	5.7293E-01
1.2490000E+01	7.5480E-03	5.6962E-01
1.2500000E+01	2.3842E-03	5.4194E-01
1.2510000E+01	-3.2911E-03	4.9499E-01
1.2520000E+01	-7.7119E-03	4.3602E-01
1.2530000E+01	-1.1094E-02	3.7440E-01
1.2540000E+01	-1.2860E-02	3.2076E-01
1.2550000E+01	-1.3095E-02	2.8378E-01
1.2560000E+01	-1.1333E-02	2.6875E-01
1.2570000E+01	-7.3503E-03	2.7875E-01
1.2580000E+01	-2.1021E-03	3.1174E-01
1.2590000E+01	2.8825E-03	3.6205E-01
1.2600000E+01	7.3877E-03	4.2132E-01
1.2610000E+01	1.0782E-02	4.7964E-01
1.2620000E+01	1.3109E-02	5.2729E-01
1.2630000E+01	1.2496E-02	5.5628E-01
1.2640000E+01	9.1840E-03	5.6162E-01
1.2650000E+01	4.2128E-03	5.4230E-01
1.2660000E+01	-1.4350E-03	5.0135E-01
1.2670000E+01	-6.2268E-03	4.4539E-01
1.2680000E+01	-9.9835E-03	3.8373E-01
1.2690000E+01	-1.2468E-02	3.2642E-01
1.2700000E+01	-1.3411E-02	2.8243E-01
1.2710000E+01	-1.2359E-02	2.5948E-01
1.2720000E+01	-8.9261E-03	2.6046E-01
1.2730000E+01	-4.1867E-03	2.8575E-01
1.2740000E+01	1.0630E-03	3.3074E-01
1.2750000E+01	5.7685E-03	3.8802E-01
1.2760000E+01	9.6385E-03	4.4799E-01
1.2770000E+01	1.2264E-02	5.0028E-01
1.2780000E+01	1.3150E-02	5.3662E-01
1.2790000E+01	1.0598E-02	5.5063E-01
1.2800000E+01	6.1120E-03	5.3965E-01
1.2810000E+01	4.0369E-04	5.0600E-01
1.2820000E+01	-4.7198E-03	4.5435E-01
1.2830000E+01	-8.8293E-03	3.9375E-01
1.2840000E+01	-1.1799E-02	3.3341E-01
1.2850000E+01	-1.3509E-02	2.8376E-01
1.2860000E+01	-1.3095E-02	2.5279E-01
1.2870000E+01	-1.0556E-02	2.4511E-01
1.2880000E+01	-6.0202E-03	2.6245E-01
1.2890000E+01	-9.6222E-04	3.0109E-01
1.2900000E+01	4.1843E-03	3.5507E-01
1.2910000E+01	8.2685E-03	4.1536E-01
1.2920000E+01	1.1330E-02	4.7133E-01
1.2930000E+01	1.2860E-02	5.1430E-01
1.2940000E+01	1.1943E-02	5.3660E-01
1.2950000E+01	7.9357E-03	5.3429E-01
1.2960000E+01	2.3490E-03	5.0833E-01
1.2970000E+01	-3.0027E-03	4.6204E-01
1.2980000E+01	-7.4331E-03	4.0338E-01
1.2990000E+01	-1.0864E-02	3.4207E-01
1.3000000E+01	-1.2988E-02	2.8779E-01
1.3010000E+01	-1.3558E-02	2.4912E-01
1.3020000E+01	-1.1920E-02	2.3317E-01
1.3030000E+01	-7.9136E-03	2.4177E-01
1.3040000E+01	-2.6220E-03	2.7346E-01
1.3050000E+01	2.4579E-03	3.2309E-01
1.3060000E+01	6.9562E-03	3.8203E-01
1.3070000E+01	1.0277E-02	4.4066E-01
1.3080000E+01	1.2367E-02	4.8895E-01
1.3090000E+01	1.2533E-02	5.1929E-01
1.3100000E+01	9.6784E-03	5.2595E-01
1.3110000E+01	4.3649E-03	5.0795E-01
1.3120000E+01	-1.1285E-03	4.6833E-01
1.3130000E+01	-6.0340E-03	4.1304E-01
1.3140000E+01	-9.6763E-03	3.5139E-01
1.3150000E+01	-1.2586E-02	2.9344E-01
1.3160000E+01	-1.3775E-02	2.4843E-01
1.3170000E+01	-1.2768E-02	2.2415E-01
1.3180000E+01	-9.5096E-03	2.2382E-01
1.3190000E+01	-4.6822E-03	2.4775E-01
1.3200000E+01	6.4951E-04	2.9175E-01
1.3210000E+01	5.4186E-03	3.4874E-01
1.3220000E+01	9.2612E-03	4.0869E-01
1.3230000E+01	1.1692E-02	4.6166E-01
1.3240000E+01	1.2580E-02	4.9932E-01
1.3250000E+01	1.0785E-02	5.1431E-01
1.3260000E+01	6.3434E-03	5.0497E-01
1.3270000E+01	7.0197E-04	4.7236E-01
1.3280000E+01	-4.2085E-03	4.2174E-01
1.3290000E+01	-8.6234E-03	3.6106E-01
1.3300000E+01	-1.1545E-02	3.0079E-01
1.3310000E+01	-1.3619E-02	2.5044E-01
1.3320000E+01	-1.3432E-02	2.1816E-01
1.3330000E+01	-1.1011E-02	2.0912E-01
1.3340000E+01	-6.5203E-03	2.2480E-01
1.3350000E+01	-1.3542E-03	2.6241E-01
1.3360000E+01	3.7605E-03	3.1575E-01
1.3370000E+01	7.9716E-03	3.7570E-01
1.3380000E+01	1.0958E-02	4.3236E-01
1.3390000E+01	1.2286E-02	4.7630E-01
1.3400000E+01	1.1743E-02	4.9997E-01
1.3410000E+01	8.0392E-03	4.9935E-01
1.3420000E+01	2.6823E-03	4.7431E-01
1.3430000E+01	-2.5319E-03	4.2901E-01
1.3440000E+01	-6.9821E-03	3.7104E-01
1.3450000E+01	-1.0766E-02	3.0943E-01
1.3460000E+01	-1.3193E-02	2.5446E-01
1.3470000E+01	-1.3772E-02	2.1481E-01
1.3480000E+01	-1.2061E-02	1.9746E-01
1.3490000E+01	-8.2940E-03	2.0449E-01
1.3500000E+01	-3.1708E-03	2.3510E-01
1.3510000E+01	2.0429E-03	2.8373E-01
1.3520000E+01	6.6229E-03	3.4238E-01
1.3530000E+01	9.9566E-03	4.0136E-01
1.3540000E+01	1.1861E-02	4.5068E-01
1.3550000E+01	1.2037E-02	4.8232E-01
1.3560000E+01	9.4887E-03	4.9031E-01
1.3570000E+01	4.5935E-03	4.7367E-01
1.3580000E+01	-6.5669E-04	4.3502E-01
1.3590000E+01	-5.4863E-03	3.8038E-01
1.3600000E+01	-9.5316E-03	3.1876E-01
1.3610000E+01	-1.2645E-02	2.6048E-01
1.3620000E+01	-1.3910E-02	2.1444E-01
1.3630000E+01	-1.2938E-02	1.8883E-01
1.3640000E+01	-9.8532E-03	1.8716E-01
1.3650000E+01	-5.0954E-03	2.0982E-01
1.3660000E+01	1.4407E-04	2.5310E-01
1.3670000E+01	5.0984E-03	3.0941E-01
1.3680000E+01	8.8643E-03	3.6940E-01
1.3690000E+01	1.1322E-02	4.2298E-01
1.3700000E+01	1.2008E-02	4.6167E-01
1.3710000E+01	1.0480E-02	4.7830E-01
1.3720000E+01	6.3871E-03	4.7032E-01
1.3730000E+01	1.1150E-03	4.3866E-01
1.3740000E+01	-3.7541E-03	3.8904E-01
1.3750000E+01	-8.2110E-03	3.2875E-01
1.3760000E+01	-1.1732E-02	2.6810E-01
1.3770000E+01	-1.3819E-02	2.1681E-01
1.3780000E+01	-1.3446E-02	1.8316E-01
1.3790000E+01	-1.1050E-02	1.7285E-01
1.3800000E+01	-6.8655E-03	1.8718E-01
1.3810000E+01	-1.8371E-03	2.2378E-01
1.3820000E+01	3.3329E-03	2.7643E-01
1.3830000E+01	7.6393E-03	3.3641E-01
1.3840000E+01	1.0607E-02	3.9334E-01
1.3850000E+01	1.1847E-02	4.3835E-01
1.3860000E+01	1.1176E-02	4.6301E-01
1.3870000E+01	7.9157E-03	4.6398E-01
1.3880000E+01	3.0309E-03	4.4035E-01
1.3890000E+01	-2.0518E-03	3.9604E-01
1.3900000E+01	-6.7161E-03	3.3874E-01
1.3910000E+01	-1.0731E-02	2.7675E-01
1.3920000E+01	-1.3336E-02	2.2114E-01
1.3930000E+01	-1.3798E-02	1.8083E-01
1.3940000E+01	-1.2043E-02	1.6185E-01
1.3950000E+01	-8.5142E-03	1.6750E-01
1.3960000E+01	-3.6321E-03	1.9681E-01
1.3970000E+01	1.4425E-03	2.4445E-01
1.3980000E+01	6.3431E-03	3.0309E-01
1.3990000E+01	9.6386E-03	3.6238E-01
1.4000000E+01	1.1449E-02	4.1235E-01
1.4010000E+01	1.1557E-02	4.4499E-01
1.4020000E+01	9.2778E-03	4.5465E-01
1.4030000E+01	4.7741E-03	4.3937E-01
1.4040000E+01	-2.6335E-04	4.0168E-01
1.4050000E+01	-5.1581E-03	3.4776E-01
1.4060000E+01	-9.4395E-03	2.8642E-01
1.4070000E+01	-1.2771E-02	2.2744E-01
1.4080000E+01	-1.3799E-02	1.8084E-01
1.4090000E+01	-1.2847E-02	1.5383E-01
1.4100000E+01	-9.8753E-03	1.5048E-01
1.4110000E+01	-5.4768E-03	1.7185E-01
1.4120000E+01	-3.9345E-04	2.1414E-01
1.4130000E+01	4.5459E-03	2.6976E-01
1.4140000E+01	8.5975E-03	3.3006E-01
1.4150000E+01	1.0981E-02	3.8437E-01
1.4160000E+01	1.1658E-02	4.2401E-01
1.4170000E+01	1.0179E-02	4.4200E-01
1.4180000E+01	6.4664E-03	4.3535E-01
1.4190000E+01	1.4606E-03	4.0536E-01
1.4200000E+01	-3.4586E-03	3.5606E-01
1.4210000E+01	-8.0829E-03	2.9641E-01
1.4220000E+01	-1.1806E-02	2.3544E-01
1.4230000E+01	-1.3688E-02	1.8350E-01
1.4240000E+01	-1.3326E-02	1.4850E-01
1.4250000E+01	-1.1060E-02	1.3687E-01
1.4260000E+01	-7.0811E-03	1.4985E-01
1.4270000E+01	-2.3092E-03	1.8513E-01
1.4280000E+01	2.8276E-03	2.3710E-01
1.4290000E+01	7.1955E-03	2.9673E-01
1.4300000E+01	1.0294E-02	3.5436E-01
1.4310000E+01	1.1544E-02	4.0004E-01
1.4320000E+01	1.0976E-02	4.2634E-01
1.4330000E+01	7.9022E-03	4.2868E-01
1.4340000E+01	3.2663E-03	4.0634E-01
1.4350000E+01	-1.7513E-03	3.6307E-01
1.4360000E+01	-6.5507E-03	3.0609E-01
1.4370000E+01	-1.0778E-02	2.4443E-01
1.4380000E+01	-1.3286E-02	1.8812E-01
1.4390000E+01	-1.3671E-02	1.4647E-01
1.4400000E+01	-1.1939E-02	1.2617E-01
1.4410000E+01	-8.6012E-03	1.3050E-01
1.4420000E+01	-4.0097E-03	1.5847E-01
1.4430000E+01	8.6211E-04	2.0547E-01
1.4440000E+01	5.7606E-03	2.6343E-01
1.4450000E+01	9.3271E-03	3.2307E-01
1.4460000E+01	1.1276E-02	3.7406E-01
1.4470000E+01	1.1193E-02	4.0765E-01
1.4480000E+01	9.2103E-03	4.1865E-01
1.4490000E+01	4.9353E-03	4.0467E-01
1.4500000E+01	3.9999E-05	3.6840E-01
1.4510000E+01	-4.9422E-03	3.1543E-01
1.4520000E+01	-9.4605E-03	2.5410E-01
1.4530000E+01	-1.2685E-02	1.9483E-01
1.4540000E+01	-1.3620E-02	1.4717E-01
1.4550000E+01	-1.2774E-02	1.1851E-01
1.4560000E+01	-9.9078E-03	1.1419E-01
1.4570000E+01	-5.7672E-03	1.3417E-01
1.4580000E+01	-8.6317E-04	1.7515E-01
1.4590000E+01	3.9336E-03	2.3046E-01
1.4600000E+01	8.2891E-03	2.9043E-01
1.4610000E+01	1.0697E-02	3.4572E-01
1.4620000E+01	1.1363E-02	3.8601E-01
1.4630000E+01	1.0066E-02	4.0567E-01
1.4640000E+01	6.6556E-03	4.0038E-01
1.4650000E+01	1.7434E-03	3.7137E-01
1.4660000E+01	-3.1742E-03	3.2343E-01
1.4670000E+01	-7.9616E-03	2.6411E-01
1.4680000E+01	-1.1760E-02	2.0281E-01
1.4690000E+01	-1.3495E-02	1.4983E-01
1.4700000E+01	-1.3097E-02	1.1416E-01
1.4710000E+01	-1.1074E-02	1.0087E-01
1.4720000E+01	-7.2142E-03	1.1253E-01
1.4730000E+01	-2.6181E-03	1.4683E-01
1.4740000E+01	2.2170E-03	1.9777E-01
1.4750000E+01	6.6242E-03	2.5746E-01
1.4760000E+01	1.0012E-02	3.1541E-01
1.4770000E+01	1.1220E-02	3.6205E-01
1.4780000E+01	1.0673E-02	3.8934E-01
1.4790000E+01	7.9991E-03	3.9302E-01
1.4800000E+01	3.6369E-03	3.7240E-01
1.4810000E+01	-1.5171E-03	3.3006E-01
1.4820000E+01	-6.4571E-03	2.7378E-01
1.4830000E+01	-1.0770E-02	2.1178E-01
1.4840000E+01	-1.2922E-02	1.5516E-01
1.4850000E+01	-1.3351E-02	1.1254E-01
1.4860000E+01	-1.1878E-02	9.0825E-02
1.4870000E+01	-8.8158E-03	9.3525E-02
1.4880000E+01	-4.2753E-03	1.2019E-01
1.4890000E+01	3.9570E-04	1.6650E-01
1.4900000E+01	5.2040E-03	2.2412E-01
1.4910000E+01	8.8768E-03	2.8373E-01
1.4920000E+01	1.0955E-02	3.3537E-01
1.4930000E+01	1.1006E-02	3.7038E-01
1.4940000E+01	9.1298E-03	3.8269E-01
1.4950000E+01	5.0826E-03	3.7037E-01
1.4960000E+01	3.0503E-04	3.3505E-01
1.4970000E+01	-4.7843E-03	2.8277E-01
1.4980000E+01	-9.4367E-03	2.2179E-01
1.4990000E+01	-1.2379E-02	1.6183E-01
1.5000000E+01	-1.3248E-02	1.1321E-01
1.5010000E+01	-1.2588E-02	8.3535E-02
1.5020000E+01	-9.8784E-03	7.7909E-02
1.5030000E+01	-5.9750E-03	9.6528E-02
1.5040000E+01	-1.2164E-03	1.3652E-01
1.5050000E+01	3.3276E-03	1.9113E-01
1.5060000E+01	7.5719E-03	2.5111E-01
1.5070000E+01	1.0259E-02	3.0673E-01
1.5080000E+01	1.1080E-02	3.4839E-01
1.5090000E+01	9.9943E-03	3.6906E-01
1.5100000E+01	6.5419E-03	3.6537E-01
1.5110000E+01	1.9092E-03	3.3772E-01
1.5120000E+01	-3.0167E-03	2.9072E-01
1.5130000E+01	-8.0929E-03	2.3146E-01
1.5140000E+01	-1.1548E-02	1.7015E-01
1.5150000E+01	-1.3070E-02	1.1650E-01
1.5160000E+01	-1.2825E-02	7.9562E-02
1.5170000E+01	-1.0995E-02	6.4890E-02
1.5180000E+01	-7.3908E-03	7.5201E-02
1.5190000E+01	-2.9519E-03	1.0818E-01
1.5200000E+01	1.7806E-03	1.5882E-01
1.5210000E+01	6.1191E-03	2.1815E-01
1.5220000E+01	9.5822E-03	2.7643E-01
1.5230000E+01	1.1057E-02	3.2374E-01
1.5240000E+01	1.0545E-02	3.5239E-01
1.5250000E+01	7.9904E-03	3.5769E-01
1.5260000E+01	3.6620E-03	3.3807E-01
1.5270000E+01	-1.2265E-03	2.9709E-01
1.5280000E+01	-6.3402E-03	2.4113E-01
1.5290000E+01	-1.0506E-02	1.7949E-01
1.5300000E+01	-1.2547E-02	1.2219E-01
1.5310000E+01	-1.2952E-02	7.8196E-02
1.5320000E+01	-1.1819E-02	5.5210E-02
1.5330000E+01	-8.7640E-03	5.6890E-02
1.5340000E+01	-4.5354E-03	8.2192E-02
1.5350000E+01	2.8032E-05	1.2750E-01
1.5360000E+01	4.5303E-03	1.8480E-01
1.5370000E+01	8.2774E-03	2.4444E-01
1.5380000E+01	1.0552E-02	2.9672E-01
1.5390000E+01	1.0793E-02	3.3305E-01
1.5400000E+01	9.0470E-03	3.4674E-01
1.5410000E+01	5.1412E-03	3.3572E-01
1.5420000E+01	3.6601E-04	3.0175E-01
1.5430000E+01	-4.8313E-03	2.5008E-01
1.5440000E+01	-9.2697E-03	1.8915E-01
1.5450000E+01	-1.1898E-02	1.2917E-01
1.5460000E+01	-1.2923E-02	7.9570E-02
1.5470000E+01	-1.2288E-02	4.8897E-02
1.5480000E+01	-9.9632E-03	4.1559E-02
1.5490000E+01	-6.0999E-03	5.8535E-02
1.5500000E+01	-1.4688E-03	9.7536E-02
1.5510000E+01	3.0607E-03	1.5181E-01
1.5520000E+01	7.1093E-03	2.1178E-01
1.5530000E+01	9.9152E-03	2.6775E-01
1.5540000E+01	1.0915E-02	3.1041E-01
1.5550000E+01	9.9092E-03	3.3271E-01
1.5560000E+01	6.7187E-03	3.3044E-01
1.5570000E+01	2.1076E-03	3.0406E-01
1.5580000E+01	-3.0181E-03	2.5775E-01
1.5590000E+01	-7.7147E-03	1.9912E-01
1.5600000E+01	-1.1028E-02	1.3750E-01
1.5610000E+01	-1.2586E-02	8.3550E-02
1.5620000E+01	-1.2657E-02	4.5241E-02
1.5630000E+01	-1.0944E-02	2.9226E-02
1.5640000E+01	-7.4857E-03	3.7884E-02
1.5650000E+01	-3.0483E-03	6.9897E-02
1.5660000E+01	1.4415E-03	1.1953E-01
1.5670000E+01	5.6581E-03	1.7848E-01
1.5680000E+01	9.0712E-03	2.3711E-01
1.5690000E+01	1.0718E-02	2.8540E-01
1.5700000E+01	1.0434E-02	3.1541E-01
1.5710000E+01	7.9733E-03	3.2206E-01
1.5720000E+01	3.7584E-03	3.0374E-01
1.5730000E+01	-1.2884E-03	2.6376E-01
1.5740000E+01	-6.2501E-03	2.0848E-01
1.5750000E+01	-9.9187E-03	1.4681E-01
1.5760000E+01	-1.2068E-02	8.9210E-02
1.5770000E+01	-1.2718E-02	4.4230E-02
1.5780000E+01	-1.1665E-02	1.9948E-02
1.5790000E+01	-8.8335E-03	1.9883E-02
1.5800000E+01	-4.5679E-03	4.4216E-02
1.5810000E+01	-1.0213E-04	8.8573E-02
1.5820000E+01	4.2851E-03	1.4517E-01
1.5830000E+01	7.8366E-03	2.0516E-01
1.5840000E+01	1.0286E-02	2.5809E-01
1.5850000E+01	1.0525E-02	2.9540E-01
1.5860000E+01	9.0585E-03	3.1072E-01
1.5870000E+01	5.3797E-03	3.0107E-01
1.5880000E+01	4.9671E-04	2.6810E-01
1.5890000E+01	-4.6070E-03	2.1744E-01
1.5900000E+01	-8.6486E-03	1.5683E-01
1.5910000E+01	-1.1333E-02	9.6528E-02
1.5920000E+01	-1.2576E-02	4.6222E-02
1.5930000E+01	-1.2297E-02	1.3957E-02
1.5940000E+01	-9.9879E-03	5.2555E-03
1.5950000E+01	-6.2130E-03	2.1220E-02
1.5960000E+01	-1.6771E-03	5.8889E-02
1.5970000E+01	2.6920E-03	1.1215E-01
1.5980000E+01	6.6830E-03	1.7247E-01
1.5990000E+01	9.3743E-03	2.2878E-01
1.6000000E+01	1.0714E-02	2.7276E-01
1.6010000E+01	9.7987E-03	2.9608E-01
1.6020000E+01	6.6926E-03	2.9507E-01
1.6030000E+01	2.1253E-03	2.7010E-01
1.6040000E+01	-2.9133E-03	2.2479E-01
1.6050000E+01	-7.4028E-03	1.6682E-01
1.6060000E+01	-1.0366E-02	1.0519E-01
1.6070000E+01	-1.2167E-02	5.0208E-02
1.6080000E+01	-1.2563E-02	1.0937E-02
1.6090000E+01	-1.0988E-02	-6.3855E-03
1.6100000E+01	-7.6221E-03	9.0774E-04
1.6110000E+01	-3.2018E-03	3.1574E-02
1.6120000E+01	1.2251E-03	8.0164E-02
1.6130000E+01	5.2001E-03	1.3914E-01
1.6140000E+01	8.5129E-03	1.9812E-01
1.6150000E+01	1.0362E-02	2.4711E-01
1.6160000E+01	1.0313E-02	2.7842E-01
1.6170000E+01	7.9438E-03	2.8641E-01
1.6180000E+01	3.7587E-03	2.6943E-01
1.6190000E+01	-1.2614E-03	2.3079E-01
1.6200000E+01	-5.8444E-03	1.7612E-01
1.6210000E+01	-9.2704E-03	1.1451E-01
1.6220000E+01	-1.1616E-02	5.6229E-02
1.6230000E+01	-1.2735E-02	1.0573E-02
1.6240000E+01	-1.1767E-02	-1.5044E-02
1.6250000E+01	-9.1247E-03	-1.6748E-02
1.6260000E+01	-4.8648E-03	6.2333E-03
1.6270000E+01	-3.2138E-04	4.9544E-02
1.6280000E+01	3.9485E-03	1.0586E-01
1.6290000E+01	7.4032E-03	1.6584E-01
1.6300000E+01	9.8209E-03	2.1945E-01
1.6310000E+01	1.0406E-02	2.5775E-01
1.6320000E+01	8.9378E-03	2.7442E-01
1.6330000E+01	5.2885E-03	2.6609E-01
1.6340000E+01	4.2242E-04	2.3442E-01
1.6350000E+01	-4.3518E-03	1.8449E-01
1.6360000E+01	-8.1532E-03	1.2450E-01
1.6370000E+01	-1.0910E-02	6.3888E-02
1.6380000E+01	-1.2422E-02	1.2601E-02
1.6390000E+01	-1.2333E-02	-2.0708E-02
1.6400000E+01	-1.0231E-02	-3.1054E-02
1.6410000E+01	-6.3930E-03	-1.6395E-02
1.6420000E+01	-1.7162E-03	2.0237E-02
1.6430000E+01	2.5894E-03	7.2834E-02
1.6440000E+01	6.2889E-03	1.3284E-01
1.6450000E+01	9.0186E-03	1.8980E-01
1.6460000E+01	1.0270E-02	2.3444E-01
1.6470000E+01	9.7381E-03	2.5945E-01
1.6480000E+01	6.6791E-03	2.6010E-01
1.6490000E+01	2.0934E-03	2.3612E-01
1.6500000E+01	-2.5979E-03	1.9181E-01
1.6510000E+01	-6.8026E-03	1.3415E-01
1.6520000E+01	-9.9662E-03	7.2527E-02
1.6530000E+01	-1.2004E-02	1.6956E-02
1.6540000E+01	-1.2581E-02	-2.3355E-02
1.6550000E+01	-1.1238E-02	-4.2050E-02
1.6560000E+01	-7.9323E-03	-3.6441E-02
1.6570000E+01	-3.4106E-03	-6.7554E-03
1.6580000E+01	1.0892E-03	4.1207E-02
1.6590000E+01	5.1106E-03	9.9509E-02
1.6600000E+01	8.0354E-03	1.5879E-01
1.6610000E+01	9.9092E-03	2.0880E-01
1.6620000E+01	1.0001E-02	2.4110E-01
1.6630000E+01	7.8528E-03	2.5042E-01
1.6640000E+01	3.7449E-03	2.3511E-01
1.6650000E+01	-9.3217E-04	1.9746E-01
1.6660000E+01	-5.3195E-03	1.4349E-01
1.6670000E+01	-8.8626E-03	8.2201E-02
1.6680000E+01	-1.1428E-02	2.3236E-02
1.6690000E+01	-1.2594E-02	-2.3355E-02
1.6700000E+01	-1.2065E-02	-5.0383E-02
1.6710000E+01	-9.3498E-03	-5.3055E-02
1.6720000E+01	-5.2425E-03	-3.1746E-02
1.6730000E+01	-3.3385E-04	1.0564E-02
1.6740000E+01	3.8365E-03	6.6510E-02
1.6750000E+01	7.1830E-03	1.2648E-01
1.6760000E+01	9.3560E-03	1.8079E-01
1.6770000E+01	1.0157E-02	2.2013E-01
1.6780000E+01	8.9032E-03	2.3812E-01
1.6790000E+01	5.2621E-03	2.3145E-01
1.6800000E+01	6.4810E-04	2.0110E-01
1.6810000E+01	-3.8063E-03	1.5181E-01
1.6820000E+01	-7.7071E-03	9.1859E-02
1.6830000E+01	-1.0589E-02	3.1251E-02
1.6840000E+01	-1.2414E-02	-2.0714E-02
1.6850000E+01	-1.2512E-02	-5.5371E-02
1.6860000E+01	-1.0538E-02	-6.7045E-02
1.6870000E+01	-6.8184E-03	-5.4092E-02
1.6880000E+01	-2.1279E-03	-1.8429E-02
1.6890000E+01	2.4443E-03	3.3531E-02
1.6900000E+01	6.1939E-03	9.3516E-02
1.6910000E+01	8.7493E-03	1.5082E-01
1.6920000E+01	9.9518E-03	1.9646E-01
1.6930000E+01	9.5765E-03	2.2244E-01
1.6940000E+01	6.6912E-03	2.2445E-01
1.6950000E+01	2.2765E-03	2.0212E-01
1.6960000E+01	-2.1542E-03	1.5880E-01
1.6970000E+01	-6.2855E-03	1.0185E-01
1.6980000E+01	-9.6406E-03	3.9880E-02
1.6990000E+01	-1.1950E-02	-1.6017E-02
1.7000000E+01	-1.2731E-02	-5.7691E-02
1.7010000E+01	-1.1495E-02	-7.7687E-02
1.7020000E+01	-8.3230E-03	-7.3367E-02
1.7030000E+01	-3.8183E-03	-4.5083E-02
1.7040000E+01	9.2196E-04	1.8706E-03
1.7050000E+01	5.0311E-03	6.0155E-02
1.7060000E+01	8.0116E-03	1.1950E-01
1.7070000E+01	9.7236E-03	1.7045E-01
1.7080000E+01	9.7932E-03	2.0410E-01
1.7090000E+01	7.8715E-03	2.1480E-01
1.7100000E+01	3.9311E-03	2.0082E-01
1.7110000E+01	-6.6757E-04	1.6416E-01
1.7120000E+01	-4.8250E-03	1.1084E-01
1.7130000E+01	-8.5120E-03	4.9550E-02
1.7140000E+01	-1.1297E-02	-9.4042E-03
1.7150000E+01	-1.2734E-02	-5.7029E-02
1.7160000E+01	-1.2289E-02	-8.5356E-02
1.7170000E+01	-9.6789E-03	-8.9713E-02
1.7180000E+01	-5.4787E-03	-6.9420E-02
1.7190000E+01	-7.2825E-04	-2.8426E-02
1.7200000E+01	3.7162E-03	2.6884E-02
1.7210000E+01	7.1849E-03	8.7146E-02
1.7220000E+01	9.3329E-03	1.4213E-01
1.7230000E+01	9.9114E-03	1.8246E-01
1.7240000E+01	8.7150E-03	2.0181E-01
1.7250000E+01	5.4705E-03	1.9646E-01
1.7260000E+01	9.6754E-04	1.6746E-01
1.7270000E+01	-3.3696E-03	1.1916E-01
1.7280000E+01	-7.2095E-03	5.9546E-02
1.7290000E+01	-1.0469E-02	-1.3561E-03
1.7300000E+01	-1.2497E-02	-5.4348E-02
1.7310000E+01	-1.2853E-02	-9.0053E-02
1.7320000E+01	-1.0926E-02	-1.0300E-01
1.7330000E+01	-7.1721E-03	-9.1368E-02
1.7340000E+01	-2.3582E-03	-5.6750E-02
1.7350000E+01	2.2880E-03	-5.4631E-03
1.7360000E+01	6.0876E-03	5.3851E-02
1.7370000E+01	8.7118E-03	1.1180E-01
1.7380000E+01	9.7862E-03	1.5844E-01
1.7390000E+01	9.3800E-03	1.8578E-01
1.7400000E+01	6.6735E-03	1.8912E-01
1.7410000E+01	2.6116E-03	1.6811E-01
1.7420000E+01	-1.7833E-03	1.2584E-01
1.7430000E+01	-5.9025E-03	6.9197E-02
1.7440000E+01	-9.4156E-03	7.6146E-03
1.7450000E+01	-1.1990E-02	-4.9043E-02
1.7460000E+01	-1.3006E-02	-9.1711E-02
1.7470000E+01	-1.1970E-02	-1.1335E-01
1.7480000E+01	-8.7374E-03	-1.1034E-01
1.7490000E+01	-4.1760E-03	-8.3387E-02
1.7500000E+01	6.5268E-04	-3.7101E-02
1.7510000E+01	4.9597E-03	2.0524E-02
1.7520000E+01	8.0728E-03	8.0140E-02
1.7530000E+01	9.7129E-03	1.3183E-01
1.7540000E+01	9.6761E-03	1.6681E-01
1.7550000E+01	7.8354E-03	1.7876E-01
1.7560000E+01	4.1358E-03	1.6616E-01
1.7570000E+01	-2.0315E-04	1.3081E-01
1.7580000E+01	-4.4391E-03	7.8222E-02
1.7590000E+01	-8.3407E-03	1.7234E-02
1.7600000E+01	-1.1339E-02	-4.2369E-02
1.7610000E+01	-1.2908E-02	-9.0678E-02
1.7620000E+01	-1.2669E-02	-1.2031E-01
1.7630000E+01	-1.0149E-02	-1.2601E-01
1.7640000E+01	-5.8699E-03	-1.0738E-01
1.7650000E+01	-9.4558E-04	-6.7070E-02
1.7660000E+01	3.5890E-03	-1.2485E-02
1.7670000E+01	7.2084E-03	4.7864E-02
1.7680000E+01	9.2869E-03	1.0314E-01
1.7690000E+01	9.8469E-03	1.4479E-01
1.7700000E+01	8.6587E-03	1.6549E-01
1.7710000E+01	5.5777E-03	1.6149E-01
1.7720000E+01	1.3241E-03	1.3349E-01
1.7730000E+01	-2.9287E-03	8.6208E-02
1.7740000E+01	-6.9960E-03	2.7256E-02
1.7750000E+01	-1.0447E-02	-3.4065E-02
1.7760000E+01	-1.2681E-02	-8.7687E-02
1.7770000E+01	-1.3161E-02	-1.2434E-01
1.7780000E+01	-1.1484E-02	-1.3903E-01
1.7790000E+01	-7.6272E-03	-1.2868E-01
1.7800000E+01	-2.7317E-03	-9.5395E-02
1.7810000E+01	2.0771E-03	-4.4765E-02
1.7820000E+01	6.1037E-03	1.4513E-02
1.7830000E+01	8.8156E-03	7.2819E-02
1.7840000E+01	9.8613E-03	1.2014E-01
1.7850000E+01	9.3088E-03	1.4878E-01
1.7860000E+01	6.8646E-03	1.5382E-01
1.7870000E+01	2.9372E-03	1.3383E-01
1.7880000E+01	-1.3849E-03	9.2848E-02
1.7890000E+01	-5.6238E-03	3.6909E-02
1.7900000E+01	-9.3734E-03	-2.4719E-02
1.7910000E+01	-1.2141E-02	-8.2340E-02
1.7920000E+01	-1.3320E-02	-1.2566E-01
1.7930000E+01	-1.2501E-02	-1.4867E-01
1.7940000E+01	-9.2472E-03	-1.4700E-01
1.7950000E+01	-4.5315E-03	-1.2137E-01
1.7960000E+01	4.0760E-04	-7.6051E-02
1.7970000E+01	4.8906E-03	-1.8764E-02
1.7980000E+01	8.0842E-03	4.1199E-02
1.7990000E+01	9.6909E-03	9.3110E-02
1.8000000E+01	9.7536E-03	1.2912E-01
1.8010000E+01	7.9196E-03	1.4279E-01
1.8020000E+01	4.4402E-03	1.3148E-01
1.8030000E+01	1.7685E-04	9.7524E-02
1.8040000E+01	-4.1691E-03	4.5543E-02
1.8050000E+01	-8.1810E-03	-1.5065E-02
1.8060000E+01	-1.1357E-02	-7.5029E-02
1.8070000E+01	-1.3211E-02	-1.2433E-01
1.8080000E+01	-1.3220E-02	-1.5532E-01
1.8090000E+01	-1.0680E-02	-1.6234E-01
1.8100000E+01	-6.3585E-03	-1.4503E-01
1.8110000E+01	-1.3055E-03	-1.0610E-01
1.8120000E+01	3.4421E-03	-5.1743E-02
1.8130000E+01	7.1574E-03	8.2166E-03
1.8140000E+01	9.4167E-03	6.4171E-02
1.8150000E+01	1.0034E-02	1.0676E-01
1.8160000E+01	8.8793E-03	1.2880E-01
1.8170000E+01	5.8781E-03	1.2648E-01
1.8180000E+01	1.7310E-03	9.9820E-02
1.8190000E+01	-2.6564E-03	5.3530E-02
1.8200000E+01	-6.8729E-03	-5.3971E-03
1.8210000E+01	-1.0424E-02	-6.6690E-02
1.8220000E+01	-1.2913E-02	-1.2098E-01
1.8230000E+01	-1.3638E-02	-1.5896E-01
1.8240000E+01	-1.2003E-02	-1.7464E-01
1.8250000E+01	-8.1450E-03	-1.6597E-01
1.8260000E+01	-3.0803E-03	-1.3369E-01
1.8270000E+01	1.8275E-03	-8.4037E-02
1.8280000E+01	6.0396E-03	-2.4754E-02
1.8290000E+01	8.8940E-03	3.3514E-02
1.8300000E+01	1.0122E-02	8.1830E-02
1.8310000E+01	9.5412E-03	1.1182E-01
1.8320000E+01	7.0940E-03	1.1812E-01
1.8330000E+01	3.3023E-03	9.9833E-02
1.8340000E+01	-1.1034E-03	5.9558E-02
1.8350000E+01	-5.4671E-03	4.2562E-03
1.8360000E+01	-9.3903E-03	-5.7384E-02
1.8370000E+01	-1.2239E-02	-1.1500E-01
1.8380000E+01	-1.3714E-02	-1.5965E-01
1.8390000E+01	-1.2996E-02	-1.8397E-01
1.8400000E+01	-9.7613E-03	-1.8365E-01
1.8410000E+01	-4.9533E-03	-1.5934E-01
1.8420000E+01	1.3256E-04	-1.1505E-01
1.8430000E+01	4.7002E-03	-5.8105E-02
1.8440000E+01	8.1750E-03	1.8632E-03
1.8450000E+01	9.9476E-03	5.4491E-02
1.8460000E+01	1.0058E-02	9.1828E-02
1.8470000E+01	8.2198E-03	1.0679E-01
1.8480000E+01	4.7706E-03	9.6808E-02
1.8490000E+01	4.5945E-04	6.3862E-02
1.8500000E+01	-3.8974E-03	1.2912E-02
1.8510000E+01	-8.1398E-03	-4.7384E-02
1.8520000E+01	-1.1464E-02	-1.0765E-01
1.8530000E+01	-1.3611E-02	-1.5797E-01
1.8540000E+01	-1.3693E-02	-1.8994E-01
1.8550000E+01	-1.1299E-02	-1.9863E-01
1.8560000E+01	-6.8705E-03	-1.8265E-01
1.8570000E+01	-1.7066E-03	-1.4470E-01
1.8580000E+01	3.2336E-03	-9.1080E-02
1.8590000E+01	7.0910E-03	-3.1116E-02
1.8600000E+01	9.5954E-03	2.5531E-02
1.8610000E+01	1.0261E-02	6.8859E-02
1.8620000E+01	9.2082E-03	9.2171E-02
1.8630000E+01	6.1914E-03	9.1169E-02
1.8640000E+01	2.0558E-03	6.5881E-02
1.8650000E+01	-2.4293E-03	2.0568E-02
1.8660000E+01	-6.6744E-03	-3.7707E-02
1.8670000E+01	-1.0452E-02	-9.9326E-02
1.8680000E+01	-1.3102E-02	-1.5399E-01
1.8690000E+01	-1.4172E-02	-1.9331E-01
1.8700000E+01	-1.2640E-02	-2.1060E-01
1.8710000E+01	-8.6804E-03	-2.0298E-01
1.8720000E+01	-3.4458E-03	-1.7196E-01
1.8730000E+01	1.5150E-03	-1.2339E-01
1.8740000E+01	5.9310E-03	-6.4427E-02
1.8750000E+01	8.9402E-03	-5.4344E-03
1.8760000E+01	1.0198E-02	4.3489E-02
1.8770000E+01	9.8360E-03	7.4479E-02
1.8780000E+01	7.5137E-03	8.2465E-02
1.8790000E+01	3.6376E-03	6.5517E-02
1.8800000E+01	-8.9331E-04	2.6586E-02
1.8810000E+01	-5.2917E-03	-2.8364E-02
1.8820000E+01	-9.2968E-03	-8.9661E-02
1.8830000E+01	-1.2448E-02	-1.4800E-01
1.8840000E+01	-1.4151E-02	-1.9362E-01
1.8850000E+01	-1.3721E-02	-2.1926E-01
1.8860000E+01	-1.0320E-02	-2.2032E-01
1.8870000E+01	-5.4117E-03	-1.9734E-01
1.8880000E+01	-1.4728E-04	-1.5403E-01
1.8890000E+01	4.5487E-03	-9.7731E-02
1.8900000E+01	8.0949E-03	-3.7769E-02
1.8910000E+01	1.0095E-02	1.5828E-02
1.8920000E+01	1.0358E-02	5.4181E-02
1.8930000E+01	8.5929E-03	7.0502E-02
1.8940000E+01	5.1666E-03	6.2190E-02
1.8950000E+01	7.9758E-04	3.0540E-02
1.8960000E+01	-3.7655E-03	-1.9739E-02
1.8970000E+01	-8.0592E-03	-8.0038E-02
1.8980000E+01	-1.1525E-02	-1.4066E-01
1.8990000E+01	-1.3849E-02	-1.9163E-01
1.9000000E+01	-1.4301E-02	-2.2498E-01
1.9010000E+01	-1.1935E-02	-2.3493E-01
1.9020000E+01	-7.3576E-03	-2.2031E-01
1.9030000E+01	-1.9340E-03	-1.8335E-01
1.9040000E+01	3.0431E-03	-1.3038E-01
1.9050000E+01	7.1080E-03	-7.0456E-02
1.9060000E+01	9.6582E-03	-1.3473E-02
1.9070000E+01	1.0499E-02	3.0843E-02
1.9080000E+01	9.5252E-03	5.5511E-02
1.9090000E+01	6.5421E-03	5.5838E-02
1.9100000E+01	2.4361E-03	3.1875E-02
1.9110000E+01	-2.1613E-03	-1.2430E-02
1.9120000E+01	-6.6097E-03	-7.0058E-02
1.9130000E+01	-1.0461E-02	-1.3165E-01
1.9140000E+01	-1.3397E-02	-1.8732E-01
1.9150000E+01	-1.4594E-02	-2.2762E-01
1.9160000E+01	-1.3167E-02	-2.4626E-01
1.9170000E+01	-9.1823E-03	-2.3995E-01
1.9180000E+01	-3.8016E-03	-2.1033E-01
1.9190000E+01	1.3515E-03	-1.6237E-01
1.9200000E+01	5.7983E-03	-1.0377E-01
1.9210000E+01	8.9629E-03	-4.4789E-02
1.9220000E+01	1.0486E-02	5.1765E-03
1.9230000E+01	1.0134E-02	3.7521E-02
1.9240000E+01	7.8327E-03	4.6536E-02
1.9250000E+01	4.1112E-03	3.1202E-02
1.9260000E+01	-5.9639E-04	-6.7547E-03
1.9270000E+01	-5.1447E-03	-6.0714E-02
1.9280000E+01	-9.3655E-03	-1.2230E-01
1.9290000E+01	-1.2603E-02	-1.8095E-01
1.9300000E+01	-1.4561E-02	-2.2760E-01
1.9310000E+01	-1.4200E-02	-2.5428E-01
1.9320000E+01	-1.0931E-02	-2.5692E-01
1.9330000E+01	-5.8290E-03	-2.3532E-01
1.9340000E+01	-3.8873E-04	-1.9302E-01
1.9350000E+01	4.3827E-03	-1.3704E-01
1.9360000E+01	8.0463E-03	-7.7119E-02
1.9370000E+01	1.0207E-02	-2.2800E-02
1.9380000E+01	1.0563E-02	1.6509E-02
1.9390000E+01	8.9032E-03	3.4188E-02
1.9400000E+01	5.5656E-03	2.7234E-02
1.9410000E+01	1.1104E-03	-3.0939E-03
1.9420000E+01	-3.5594E-03	-5.2409E-02
1.9430000E+01	-7.9291E-03	-1.1234E-01
1.9440000E+01	-1.1682E-02	-1.7330E-01
1.9450000E+01	-1.4187E-02	-2.2495E-01
1.9460000E+01	-1.4758E-02	-2.5959E-01
1.9470000E+01	-1.2433E-02	-2.7091E-01
1.9480000E+01	-7.8101E-03	-2.5762E-01
1.9490000E+01	-2.2485E-03	-2.2198E-01
1.9500000E+01	2.8719E-03	-1.6968E-01
1.9510000E+01	6.9408E-03	-1.1009E-01
1.9520000E+01	9.7127E-03	-5.2455E-02
1.9530000E+01	1.0704E-02	-7.1258E-03
1.9540000E+01	9.8038E-03	1.8853E-02
1.9550000E+01	6.9150E-03	2.0496E-02
1.9560000E+01	2.7410E-03	-2.0977E-03
1.9570000E+01	-1.9224E-03	-4.5412E-02
1.9580000E+01	-6.4686E-03	-1.0268E-01
1.9590000E+01	-1.0500E-02	-1.6429E-01
1.9600000E+01	-1.3491E-02	-2.2029E-01
1.9610000E+01	-1.4929E-02	-2.6162E-01
1.9620000E+01	-1.3667E-02	-2.8158E-01
1.9630000E+01	-9.6657E-03	-2.7695E-01
1.9640000E+01	-4.2459E-03	-2.4863E-01
1.9650000E+01	1.1441E-03	-2.0135E-01
1.9660000E+01	5.6064E-03	-1.4338E-01
1.9670000E+01	8.8980E-03	-8.3772E-02
1.9680000E+01	1.0544E-02	-3.3120E-02
1.9690000E+01	1.0407E-02	2.1210E-04
1.9700000E+01	8.1442E-03	1.0861E-02
1.9710000E+01	4.2965E-03	-3.4126E-03
1.9720000E+01	-2.9663E-04	-4.0057E-02
1.9730000E+01	-4.9128E-03	-9.3353E-02
1.9740000E+01	-9.2375E-03	-1.5466E-01
1.9750000E+01	-1.2815E-02	-2.1394E-01
1.9760000E+01	-1.4727E-02	-2.6125E-01
1.9770000E+01	-1.4537E-02	-2.8924E-01
1.9780000E+01	-1.1321E-02	-2.9359E-01
1.9790000E+01	-6.2967E-03	-2.7331E-01
1.9800000E+01	-6.7653E-04	-2.3198E-01
1.9810000E+01	4.2537E-03	-1.7633E-01
1.9820000E+01	7.9295E-03	-1.1642E-01
1.9830000E+01	1.0226E-02	-6.1449E-02
1.9840000E+01	1.0734E-02	-2.1121E-02
1.9850000E+01	9.2133E-03	-2.1249E-03
1.9860000E+01	5.8895E-03	-7.4015E-03
1.9870000E+01	1.3026E-03	-3.6741E-02
1.9880000E+01	-3.3781E-03	-8.5062E-02
1.9890000E+01	-7.8387E-03	-1.4465E-01
1.9900000E+01	-1.1754E-02	-2.0595E-01
1.9910000E+01	-1.4504E-02	-2.5857E-01
1.9920000E+01	-1.5072E-02	-2.9391E-01
1.9930000E+01	-1.2920E-02	-3.0691E-01
1.9940000E+01	-8.1653E-03	-2.9493E-01
1.9950000E+01	-2.6589E-03	-2.6032E-01
1.9960000E+01	2.6638E-03	-2.0903E-01
1.9970000E+01	6.9289E-03	-1.4937E-01
1.9980000E+01	9.7153E-03	-9.1797E-02
1.9990000E+01	1.0861E-02	-4.5115E-02
2.0000000E+01	1.0091E-02	-1.8155E-02
2.0010000E+01	7.3216E-03	-1.4766E-02
2.0020000E+01	3.0358E-03	-3.6072E-02
2.0030000E+01	-1.7108E-03	-7.8364E-02
2.0040000E+01	-6.3023E-03	-1.3500E-01
2.0050000E+01	-1.0513E-02	-1.9661E-01
2.0060000E+01	-1.3752E-02	-2.5361E-01
2.0070000E+01	-1.5277E-02	-2.9588E-01
2.0080000E+01	-1.3959E-02	-3.1723E-01
2.0090000E+01	-1.0066E-02	-3.1394E-01
2.0100000E+01	-4.5961E-03	-2.8697E-01
2.0110000E+01	7.8584E-04	-2.4066E-01
2.0120000E+01	5.5070E-03	-1.8270E-01
2.0130000E+01	8.8931E-03	-1.2307E-01
2.0140000E+01	1.0715E-02	-7.1801E-02
2.0150000E+01	1.0638E-02	-3.7128E-02
2.0160000E+01	8.5058E-03	-2.5118E-02
2.0170000E+01	4.6430E-03	-3.7763E-02
2.0180000E+01	-1.7301E-05	-7.3387E-02
2.0190000E+01	-4.7820E-03	-1.2602E-01
2.0200000E+01	-9.1794E-03	-1.8697E-01
2.0210000E+01	-1.2901E-02	-2.4659E-01
2.0220000E+01	-1.5070E-02	-2.9490E-01
2.0230000E+01	-1.4848E-02	-3.2427E-01
2.0240000E+01	-1.1602E-02	-3.2993E-01
2.0250000E+01	-6.5581E-03	-3.1093E-01
2.0260000E+01	-1.0399E-03	-2.7061E-01
2.0270000E+01	4.0469E-03	-2.1598E-01
2.0280000E+01	7.9713E-03	-1.5571E-01
2.0290000E+01	1.0277E-02	-1.0040E-01
2.0300000E+01	1.0919E-02	-5.9091E-02
2.0310000E+01	9.5052E-03	-3.8484E-02
2.0320000E+01	6.2307E-03	-4.2429E-02
2.0330000E+01	1.6474E-03	-7.0728E-02
2.0340000E+01	-3.1263E-03	-1.1803E-01
2.0350000E+01	-7.7922E-03	-1.7731E-01
2.0360000E+01	-1.1757E-02	-2.3828E-01
2.0370000E+01	-1.4617E-02	-2.9190E-01
2.0380000E+01	-1.5251E-02	-3.2856E-01
2.0390000E+01	-1.3037E-02	-3.4292E-01
2.0400000E+01	-8.4326E-03	-3.3224E-01
2.0410000E+01	-2.9599E-03	-2.9896E-01
2.0420000E+01	2.3860E-03	-2.4832E-01
2.0430000E+01	6.7371E-03	-1.8904E-01
2.0440000E+01	9.7953E-03	-1.3072E-01
2.0450000E+01	1.1017E-02	-8.3436E-02
2.0460000E+01	1.0294E-02	-5.5096E-02
2.0470000E+01	7.5283E-03	-5.0442E-02
2.0480000E+01	3.3988E-03	-7.0064E-02
