time /s	I /mA	E /V
1.0000000E-02	-7.5155E-03	-9.9938E-02
2.0000000E-02	-5.1031E-03	-8.5679E-02
3.0000000E-02	-3.4992E-03	-7.1354E-02
4.0000000E-02	-2.2151E-03	-5.7375E-02
5.0000000E-02	-1.2736E-03	-4.3687E-02
6.0000000E-02	-5.2333E-04	-3.0393E-02
7.0000000E-02	9.8129E-05	-1.7724E-02
8.0000000E-02	6.0604E-04	-5.6940E-03
9.0000000E-02	9.8819E-04	5.2729E-03
1.0000000E-01	1.3092E-03	1.5952E-02
1.1000000E-01	1.5265E-03	2.5257E-02
1.2000000E-01	1.6496E-03	3.3597E-02
1.3000000E-01	1.7299E-03	4.0915E-02
1.4000000E-01	1.7772E-03	4.7243E-02
1.5000000E-01	1.7120E-03	5.2303E-02
1.6000000E-01	1.6128E-03	5.5911E-02
1.7000000E-01	1.5249E-03	5.8571E-02
1.8000000E-01	1.3054E-03	5.9924E-02
1.9000000E-01	1.0970E-03	5.9914E-02
2.0000000E-01	8.2631E-04	5.8598E-02
2.1000000E-01	5.6178E-04	5.6277E-02
2.2000000E-01	2.2479E-04	5.2607E-02
2.3000000E-01	-8.9000E-05	4.7611E-02
2.4000000E-01	-4.4386E-04	4.1592E-02
2.5000000E-01	-8.5450E-04	3.4265E-02
2.6000000E-01	-1.2180E-03	2.6244E-02
2.7000000E-01	-1.5801E-03	1.7275E-02
2.8000000E-01	-1.9679E-03	7.3301E-03
2.9000000E-01	-2.3864E-03	-3.3679E-03
3.0000000E-01	-2.7979E-03	-1.5025E-02
3.1000000E-01	-3.1756E-03	-2.7025E-02
3.2000000E-01	-3.5567E-03	-3.9374E-02
3.3000000E-01	-3.9353E-03	-5.2377E-02
3.4000000E-01	-4.2736E-03	-6.5340E-02
3.5000000E-01	-4.6081E-03	-7.8329E-02
3.6000000E-01	-4.9110E-03	-9.1691E-02
3.7000000E-01	-5.1824E-03	-1.0469E-01
3.8000000E-01	-5.4526E-03	-1.1766E-01
3.9000000E-01	-5.6462E-03	-1.3032E-01
4.0000000E-01	-5.8383E-03	-1.4229E-01
4.1000000E-01	-5.9810E-03	-1.5397E-01
4.2000000E-01	-6.0499E-03	-1.6465E-01
4.3000000E-01	-6.1421E-03	-1.7494E-01
4.4000000E-01	-6.1253E-03	-1.8431E-01
4.5000000E-01	-6.0401E-03	-1.9261E-01
4.6000000E-01	-5.9448E-03	-1.9997E-01
4.7000000E-01	-5.8103E-03	-2.0626E-01
4.8000000E-01	-5.5877E-03	-2.1127E-01
4.9000000E-01	-5.3476E-03	-2.1529E-01
5.0000000E-01	-5.1197E-03	-2.1830E-01
5.1000000E-01	-4.7421E-03	-2.1962E-01
5.2000000E-01	-4.4019E-03	-2.1998E-01
5.3000000E-01	-3.9910E-03	-2.1896E-01
5.4000000E-01	-3.5683E-03	-2.1662E-01
5.5000000E-01	-3.1226E-03	-2.1331E-01
5.6000000E-01	-2.6740E-03	-2.0864E-01
5.7000000E-01	-2.1729E-03	-2.0266E-01
5.8000000E-01	-1.6654E-03	-1.9562E-01
5.9000000E-01	-1.1727E-03	-1.8731E-01
6.0000000E-01	-6.4131E-04	-1.7796E-01
6.1000000E-01	-1.5841E-04	-1.6799E-01
6.2000000E-01	3.5637E-04	-1.5700E-01
6.3000000E-01	8.4580E-04	-1.4502E-01
6.4000000E-01	1.3398E-03	-1.3267E-01
6.5000000E-01	1.8169E-03	-1.1935E-01
6.6000000E-01	2.2328E-03	-1.0603E-01
6.7000000E-01	2.6709E-03	-9.2022E-02
6.8000000E-01	3.0847E-03	-7.7690E-02
6.9000000E-01	3.4618E-03	-6.3393E-02
7.0000000E-01	3.7940E-03	-4.9070E-02
7.1000000E-01	4.1513E-03	-3.4722E-02
7.2000000E-01	4.3760E-03	-2.0721E-02
7.3000000E-01	4.6539E-03	-6.7349E-03
7.4000000E-01	4.8212E-03	6.6048E-03
7.5000000E-01	4.9590E-03	1.9283E-02
7.6000000E-01	5.0887E-03	3.1615E-02
7.7000000E-01	5.1461E-03	4.2916E-02
7.8000000E-01	5.1080E-03	5.3231E-02
7.9000000E-01	5.1223E-03	6.2882E-02
8.0000000E-01	5.0474E-03	7.1911E-02
8.1000000E-01	4.9297E-03	7.9253E-02
8.2000000E-01	4.7699E-03	8.5914E-02
8.3000000E-01	4.5716E-03	9.1231E-02
8.4000000E-01	4.2890E-03	9.5250E-02
8.5000000E-01	4.0568E-03	9.8217E-02
8.6000000E-01	3.6954E-03	9.9547E-02
8.7000000E-01	3.3619E-03	9.9892E-02
8.8000000E-01	2.9752E-03	9.8915E-02
8.9000000E-01	2.5933E-03	9.6890E-02
9.0000000E-01	2.1703E-03	9.3574E-02
9.1000000E-01	1.7341E-03	8.8914E-02
9.2000000E-01	1.2656E-03	8.2931E-02
9.3000000E-01	8.3805E-04	7.6240E-02
9.4000000E-01	3.6302E-04	6.8254E-02
9.5000000E-01	-1.0930E-04	5.9259E-02
9.6000000E-01	-5.7290E-04	4.9620E-02
9.7000000E-01	-1.0295E-03	3.8921E-02
9.8000000E-01	-1.4855E-03	2.7614E-02
9.9000000E-01	-1.9230E-03	1.5963E-02
1.0000000E+00	-2.3363E-03	3.6133E-03
1.0100000E+00	-2.7704E-03	-9.3521E-03
1.0200000E+00	-3.1392E-03	-2.2348E-02
1.0300000E+00	-3.4873E-03	-3.5348E-02
1.0400000E+00	-3.8124E-03	-4.8681E-02
1.0500000E+00	-4.0945E-03	-6.1648E-02
1.0600000E+00	-4.3488E-03	-7.4660E-02
1.0700000E+00	-4.5831E-03	-8.7366E-02
1.0800000E+00	-4.7653E-03	-9.9651E-02
1.0900000E+00	-4.9097E-03	-1.1133E-01
1.1000000E+00	-4.9966E-03	-1.2229E-01
1.1100000E+00	-5.0399E-03	-1.3262E-01
1.1200000E+00	-5.0823E-03	-1.4235E-01
1.1300000E+00	-4.9867E-03	-1.5063E-01
1.1400000E+00	-4.9097E-03	-1.5832E-01
1.1500000E+00	-4.8272E-03	-1.6499E-01
1.1600000E+00	-4.6299E-03	-1.7030E-01
1.1700000E+00	-4.4145E-03	-1.7466E-01
1.1800000E+00	-4.1692E-03	-1.7766E-01
1.1900000E+00	-3.9077E-03	-1.7963E-01
1.2000000E+00	-3.5647E-03	-1.8000E-01
1.2100000E+00	-3.2147E-03	-1.7932E-01
1.2200000E+00	-2.8441E-03	-1.7728E-01
1.2300000E+00	-2.4339E-03	-1.7429E-01
1.2400000E+00	-1.9955E-03	-1.6965E-01
1.2500000E+00	-1.5419E-03	-1.6401E-01
1.2600000E+00	-1.0868E-03	-1.5733E-01
1.2700000E+00	-6.0523E-04	-1.4933E-01
1.2800000E+00	-1.4202E-04	-1.4031E-01
1.2900000E+00	3.5688E-04	-1.3032E-01
1.3000000E+00	8.0315E-04	-1.1968E-01
1.3100000E+00	1.2639E-03	-1.0800E-01
1.3200000E+00	1.7598E-03	-9.5687E-02
1.3300000E+00	2.1963E-03	-8.2705E-02
1.3400000E+00	2.6273E-03	-6.9035E-02
1.3500000E+00	3.0250E-03	-5.5385E-02
1.3600000E+00	3.4261E-03	-4.1038E-02
1.3700000E+00	3.7885E-03	-2.6718E-02
1.3800000E+00	4.1408E-03	-1.2389E-02
1.3900000E+00	4.3989E-03	1.9432E-03
1.4000000E+00	4.6632E-03	1.5924E-02
1.4100000E+00	4.8875E-03	2.9912E-02
1.4200000E+00	5.1118E-03	4.3262E-02
1.4300000E+00	5.2605E-03	5.6238E-02
1.4400000E+00	5.3403E-03	6.8563E-02
1.4500000E+00	5.3994E-03	8.0228E-02
1.4600000E+00	5.4534E-03	9.0908E-02
1.4700000E+00	5.4539E-03	1.0088E-01
1.4800000E+00	5.3687E-03	1.0989E-01
1.4900000E+00	5.2535E-03	1.1753E-01
1.5000000E+00	5.1318E-03	1.2453E-01
1.5100000E+00	4.9089E-03	1.2990E-01
1.5200000E+00	4.6646E-03	1.3425E-01
1.5300000E+00	4.4190E-03	1.3754E-01
1.5400000E+00	4.1048E-03	1.3953E-01
1.5500000E+00	3.7309E-03	1.3989E-01
1.5600000E+00	3.3781E-03	1.3919E-01
1.5700000E+00	2.9870E-03	1.3755E-01
1.5800000E+00	2.5156E-03	1.3420E-01
1.5900000E+00	2.1036E-03	1.2990E-01
1.6000000E+00	1.6226E-03	1.2452E-01
1.6100000E+00	1.1780E-03	1.1790E-01
1.6200000E+00	7.1496E-04	1.1024E-01
1.6300000E+00	2.3272E-04	1.0158E-01
1.6400000E+00	-2.3119E-04	9.1928E-02
1.6500000E+00	-7.1446E-04	8.1602E-02
1.6600000E+00	-1.1614E-03	7.0285E-02
1.6700000E+00	-1.5927E-03	5.8585E-02
1.6800000E+00	-1.9758E-03	4.6618E-02
1.6900000E+00	-2.4708E-03	3.3634E-02
1.7000000E+00	-2.8191E-03	2.0947E-02
1.7100000E+00	-3.1868E-03	7.6515E-03
1.7200000E+00	-3.5156E-03	-5.6956E-03
1.7300000E+00	-3.8168E-03	-1.8670E-02
1.7400000E+00	-4.0839E-03	-3.1669E-02
1.7500000E+00	-4.3198E-03	-4.4361E-02
1.7600000E+00	-4.5159E-03	-5.6673E-02
1.7700000E+00	-4.6831E-03	-6.8661E-02
1.7800000E+00	-4.7614E-03	-7.9666E-02
1.7900000E+00	-4.8279E-03	-9.0325E-02
1.8000000E+00	-4.8354E-03	-9.9984E-02
1.8100000E+00	-4.8312E-03	-1.0903E-01
1.8200000E+00	-4.7493E-03	-1.1665E-01
1.8300000E+00	-4.6369E-03	-1.2366E-01
1.8400000E+00	-4.4677E-03	-1.2932E-01
1.8500000E+00	-4.2341E-03	-1.3363E-01
1.8600000E+00	-4.0093E-03	-1.3702E-01
1.8700000E+00	-3.7503E-03	-1.3934E-01
1.8800000E+00	-3.4329E-03	-1.4001E-01
1.8900000E+00	-3.0692E-03	-1.3969E-01
1.9000000E+00	-2.7391E-03	-1.3802E-01
1.9100000E+00	-2.2907E-03	-1.3502E-01
1.9200000E+00	-1.9207E-03	-1.3102E-01
1.9300000E+00	-1.4312E-03	-1.2563E-01
1.9400000E+00	-9.8728E-04	-1.1899E-01
1.9500000E+00	-5.3366E-04	-1.1137E-01
1.9600000E+00	-1.0788E-04	-1.0265E-01
1.9700000E+00	4.4959E-04	-9.2699E-02
1.9800000E+00	8.6293E-04	-8.2361E-02
1.9900000E+00	1.3460E-03	-7.0675E-02
2.0000000E+00	1.7841E-03	-5.8710E-02
2.0100000E+00	2.2646E-03	-4.5720E-02
2.0200000E+00	2.6826E-03	-3.2410E-02
2.0300000E+00	3.0993E-03	-1.8373E-02
2.0400000E+00	3.4927E-03	-4.4009E-03
2.0500000E+00	3.8440E-03	9.9186E-03
2.0600000E+00	4.1639E-03	2.4267E-02
2.0700000E+00	4.4651E-03	3.8583E-02
2.0800000E+00	4.7460E-03	5.2890E-02
2.0900000E+00	4.9758E-03	6.6553E-02
2.1000000E+00	5.1836E-03	8.0195E-02
2.1100000E+00	5.3386E-03	9.3221E-02
2.1200000E+00	5.4628E-03	1.0587E-01
2.1300000E+00	5.5331E-03	1.1751E-01
2.1400000E+00	5.5941E-03	1.2854E-01
2.1500000E+00	5.5672E-03	1.3854E-01
2.1600000E+00	5.5531E-03	1.4785E-01
2.1700000E+00	5.4559E-03	1.5588E-01
2.1800000E+00	5.3192E-03	1.6284E-01
2.1900000E+00	5.1578E-03	1.6887E-01
2.2000000E+00	4.9149E-03	1.7355E-01
2.2100000E+00	4.6481E-03	1.7685E-01
2.2200000E+00	4.3796E-03	1.7919E-01
2.2300000E+00	3.9790E-03	1.7984E-01
2.2400000E+00	3.6467E-03	1.7950E-01
2.2500000E+00	3.2067E-03	1.7784E-01
2.2600000E+00	2.8477E-03	1.7518E-01
2.2700000E+00	2.3843E-03	1.7122E-01
2.2800000E+00	1.8765E-03	1.6589E-01
2.2900000E+00	1.4256E-03	1.5953E-01
2.3000000E+00	9.3173E-04	1.5189E-01
2.3100000E+00	4.6305E-04	1.4353E-01
2.3200000E+00	-8.6503E-06	1.3424E-01
2.3300000E+00	-4.7715E-04	1.2392E-01
2.3400000E+00	-9.4859E-04	1.1290E-01
2.3500000E+00	-1.3905E-03	1.0158E-01
2.3600000E+00	-1.8119E-03	8.9242E-02
2.3700000E+00	-2.2304E-03	7.6591E-02
2.3800000E+00	-2.6138E-03	6.3932E-02
2.3900000E+00	-2.9868E-03	5.0614E-02
2.4000000E+00	-3.3220E-03	3.7628E-02
2.4100000E+00	-3.6440E-03	2.4307E-02
2.4200000E+00	-3.8857E-03	1.1331E-02
2.4300000E+00	-4.1575E-03	-1.3398E-03
2.4400000E+00	-4.3377E-03	-1.4018E-02
2.4500000E+00	-4.5282E-03	-2.6037E-02
2.4600000E+00	-4.6266E-03	-3.7378E-02
2.4700000E+00	-4.7239E-03	-4.8028E-02
2.4800000E+00	-4.7299E-03	-5.7997E-02
2.4900000E+00	-4.7345E-03	-6.7034E-02
2.5000000E+00	-4.6458E-03	-7.5027E-02
2.5100000E+00	-4.5690E-03	-8.1988E-02
2.5200000E+00	-4.4018E-03	-8.8007E-02
2.5300000E+00	-4.2072E-03	-9.2659E-02
2.5400000E+00	-3.9547E-03	-9.6325E-02
2.5500000E+00	-3.7182E-03	-9.8993E-02
2.5600000E+00	-3.3886E-03	-9.9984E-02
2.5700000E+00	-3.0894E-03	-1.0002E-01
2.5800000E+00	-2.7148E-03	-9.8685E-02
2.5900000E+00	-2.3227E-03	-9.6004E-02
2.6000000E+00	-1.8735E-03	-9.1999E-02
2.6100000E+00	-1.4487E-03	-8.7017E-02
2.6200000E+00	-1.0109E-03	-8.0650E-02
2.6300000E+00	-5.4804E-04	-7.3342E-02
2.6400000E+00	-9.3880E-05	-6.4710E-02
2.6500000E+00	4.0467E-04	-5.5372E-02
2.6600000E+00	8.7459E-04	-4.4732E-02
2.6700000E+00	1.3226E-03	-3.3368E-02
2.6800000E+00	1.7907E-03	-2.1382E-02
2.6900000E+00	2.2250E-03	-8.7407E-03
2.7000000E+00	2.6712E-03	4.5985E-03
2.7100000E+00	3.0519E-03	1.8234E-02
2.7200000E+00	3.4571E-03	3.2236E-02
2.7300000E+00	3.8314E-03	4.6577E-02
2.7400000E+00	4.1650E-03	6.0910E-02
2.7500000E+00	4.4848E-03	7.5243E-02
2.7600000E+00	4.7763E-03	8.9571E-02
2.7700000E+00	4.9842E-03	1.0355E-01
2.7800000E+00	5.2080E-03	1.1718E-01
2.7900000E+00	5.3861E-03	1.3019E-01
2.8000000E+00	5.5142E-03	1.4288E-01
2.8100000E+00	5.6236E-03	1.5486E-01
2.8200000E+00	5.7006E-03	1.6620E-01
2.8300000E+00	5.7014E-03	1.7618E-01
2.8400000E+00	5.7076E-03	1.8582E-01
2.8500000E+00	5.6466E-03	1.9417E-01
2.8600000E+00	5.5451E-03	2.0149E-01
2.8700000E+00	5.3594E-03	2.0750E-01
2.8800000E+00	5.2098E-03	2.1252E-01
2.8900000E+00	4.9404E-03	2.1616E-01
2.9000000E+00	4.6127E-03	2.1853E-01
2.9100000E+00	4.3164E-03	2.1984E-01
2.9200000E+00	3.9426E-03	2.1984E-01
2.9300000E+00	3.5216E-03	2.1853E-01
2.9400000E+00	3.0968E-03	2.1584E-01
2.9500000E+00	2.6331E-03	2.1222E-01
2.9600000E+00	2.1522E-03	2.0721E-01
2.9700000E+00	1.6555E-03	2.0089E-01
2.9800000E+00	1.1836E-03	1.9388E-01
2.9900000E+00	6.8076E-04	1.8554E-01
3.0000000E+00	1.9659E-04	1.7652E-01
3.0100000E+00	-2.7467E-04	1.6655E-01
3.0200000E+00	-7.6427E-04	1.5556E-01
3.0300000E+00	-1.2212E-03	1.4422E-01
3.0400000E+00	-1.6573E-03	1.3224E-01
3.0500000E+00	-2.0850E-03	1.1958E-01
3.0600000E+00	-2.4594E-03	1.0691E-01
3.0700000E+00	-2.8455E-03	9.3934E-02
3.0800000E+00	-3.1997E-03	8.0584E-02
3.0900000E+00	-3.4955E-03	6.7269E-02
3.1000000E+00	-3.7984E-03	5.4309E-02
3.1100000E+00	-4.0553E-03	4.1282E-02
3.1200000E+00	-4.2301E-03	2.8936E-02
3.1300000E+00	-4.4047E-03	1.6956E-02
3.1400000E+00	-4.5575E-03	5.2732E-03
3.1500000E+00	-4.6460E-03	-5.6894E-03
3.1600000E+00	-4.6959E-03	-1.5667E-02
3.1700000E+00	-4.7096E-03	-2.4999E-02
3.1800000E+00	-4.6479E-03	-3.3011E-02
3.1900000E+00	-4.5280E-03	-4.0367E-02
3.2000000E+00	-4.4132E-03	-4.6642E-02
3.2100000E+00	-4.2261E-03	-5.1694E-02
3.2200000E+00	-4.0002E-03	-5.5699E-02
3.2300000E+00	-3.7225E-03	-5.8351E-02
3.2400000E+00	-3.4539E-03	-6.0021E-02
3.2500000E+00	-3.0982E-03	-6.0036E-02
3.2600000E+00	-2.7517E-03	-5.9001E-02
3.2700000E+00	-2.3624E-03	-5.6690E-02
3.2800000E+00	-1.9492E-03	-5.3043E-02
3.2900000E+00	-1.5285E-03	-4.8372E-02
3.3000000E+00	-1.0830E-03	-4.2346E-02
3.3100000E+00	-5.7533E-04	-3.5045E-02
3.3200000E+00	-1.1099E-04	-2.6692E-02
3.3300000E+00	3.3372E-04	-1.7385E-02
3.3400000E+00	7.7495E-04	-7.3606E-03
3.3500000E+00	1.2979E-03	3.9597E-03
3.3600000E+00	1.6989E-03	1.5612E-02
3.3700000E+00	2.1832E-03	2.8238E-02
3.3800000E+00	2.5890E-03	4.1262E-02
3.3900000E+00	3.0006E-03	5.4897E-02
3.4000000E+00	3.4135E-03	6.8917E-02
3.4100000E+00	3.7935E-03	8.3221E-02
3.4200000E+00	4.1345E-03	9.7567E-02
3.4300000E+00	4.4566E-03	1.1187E-01
3.4400000E+00	4.7343E-03	1.2619E-01
3.4500000E+00	5.0022E-03	1.4021E-01
3.4600000E+00	5.2253E-03	1.5388E-01
3.4700000E+00	5.4271E-03	1.6718E-01
3.4800000E+00	5.6177E-03	1.8014E-01
3.4900000E+00	5.7240E-03	1.9216E-01
3.5000000E+00	5.8031E-03	2.0351E-01
3.5100000E+00	5.8895E-03	2.1416E-01
3.5200000E+00	5.8904E-03	2.2351E-01
3.5300000E+00	5.8599E-03	2.3216E-01
3.5400000E+00	5.7776E-03	2.3984E-01
3.5500000E+00	5.6454E-03	2.4616E-01
3.5600000E+00	5.4495E-03	2.5149E-01
3.5700000E+00	5.2577E-03	2.5551E-01
3.5800000E+00	4.9460E-03	2.5816E-01
3.5900000E+00	4.6328E-03	2.5982E-01
3.6000000E+00	4.2421E-03	2.5984E-01
3.6100000E+00	3.8321E-03	2.5880E-01
3.6200000E+00	3.3756E-03	2.5650E-01
3.6300000E+00	2.9451E-03	2.5317E-01
3.6400000E+00	2.4462E-03	2.4849E-01
3.6500000E+00	1.9206E-03	2.4248E-01
3.6600000E+00	1.4276E-03	2.3554E-01
3.6700000E+00	9.2043E-04	2.2750E-01
3.6800000E+00	4.1347E-04	2.1856E-01
3.6900000E+00	-4.4599E-05	2.0887E-01
3.7000000E+00	-5.4490E-04	1.9818E-01
3.7100000E+00	-1.0058E-03	1.8686E-01
3.7200000E+00	-1.4835E-03	1.7489E-01
3.7300000E+00	-1.8992E-03	1.6258E-01
3.7400000E+00	-2.2957E-03	1.4990E-01
3.7500000E+00	-2.7157E-03	1.3694E-01
3.7600000E+00	-3.0564E-03	1.2357E-01
3.7700000E+00	-3.3600E-03	1.1057E-01
3.7800000E+00	-3.6629E-03	9.7264E-02
3.7900000E+00	-3.9128E-03	8.4271E-02
3.8000000E+00	-4.1172E-03	7.1948E-02
3.8100000E+00	-4.3387E-03	5.9597E-02
3.8200000E+00	-4.4859E-03	4.7962E-02
3.8300000E+00	-4.5581E-03	3.6963E-02
3.8400000E+00	-4.6279E-03	2.6630E-02
3.8500000E+00	-4.6313E-03	1.7290E-02
3.8600000E+00	-4.5829E-03	8.6566E-03
3.8700000E+00	-4.5282E-03	9.5830E-04
3.8800000E+00	-4.3985E-03	-5.3777E-03
3.8900000E+00	-4.2397E-03	-1.0706E-02
3.9000000E+00	-4.0157E-03	-1.5027E-02
3.9100000E+00	-3.7728E-03	-1.8017E-02
3.9200000E+00	-3.4853E-03	-1.9698E-02
3.9300000E+00	-3.1397E-03	-2.0049E-02
3.9400000E+00	-2.8001E-03	-1.9363E-02
3.9500000E+00	-2.4231E-03	-1.7354E-02
3.9600000E+00	-2.0167E-03	-1.4069E-02
3.9700000E+00	-1.5744E-03	-9.3646E-03
3.9800000E+00	-1.1426E-03	-3.7021E-03
3.9900000E+00	-6.8463E-04	3.2883E-03
4.0000000E+00	-2.0845E-04	1.1291E-02
4.0100000E+00	2.3253E-04	2.0261E-02
4.0200000E+00	7.4197E-04	3.0259E-02
4.0300000E+00	1.1918E-03	4.1251E-02
4.0400000E+00	1.6708E-03	5.2915E-02
4.0500000E+00	2.0851E-03	6.5234E-02
4.0600000E+00	2.5487E-03	7.8245E-02
4.0700000E+00	2.9539E-03	9.1557E-02
4.0800000E+00	3.3710E-03	1.0556E-01
4.0900000E+00	3.7533E-03	1.1988E-01
4.1000000E+00	4.1316E-03	1.3423E-01
4.1100000E+00	4.4648E-03	1.4853E-01
4.1200000E+00	4.7589E-03	1.6282E-01
4.1300000E+00	5.0210E-03	1.7684E-01
4.1400000E+00	5.3159E-03	1.9082E-01
4.1500000E+00	5.5083E-03	2.0415E-01
4.1600000E+00	5.7199E-03	2.1715E-01
4.1700000E+00	5.8753E-03	2.2946E-01
4.1800000E+00	5.9680E-03	2.4081E-01
4.1900000E+00	6.0691E-03	2.5150E-01
4.2000000E+00	6.1157E-03	2.6147E-01
4.2100000E+00	6.1010E-03	2.7014E-01
4.2200000E+00	6.0833E-03	2.7813E-01
4.2300000E+00	6.0119E-03	2.8480E-01
4.2400000E+00	5.8376E-03	2.9012E-01
4.2500000E+00	5.6123E-03	2.9448E-01
4.2600000E+00	5.3345E-03	2.9745E-01
4.2700000E+00	5.0236E-03	2.9946E-01
4.2800000E+00	4.6318E-03	2.9979E-01
4.2900000E+00	4.2349E-03	2.9914E-01
4.3000000E+00	3.7664E-03	2.9714E-01
4.3100000E+00	3.3181E-03	2.9415E-01
4.3200000E+00	2.7654E-03	2.8949E-01
4.3300000E+00	2.2354E-03	2.8380E-01
4.3400000E+00	1.7408E-03	2.7714E-01
4.3500000E+00	1.2064E-03	2.6951E-01
4.3600000E+00	7.1380E-04	2.6084E-01
4.3700000E+00	1.9507E-04	2.5118E-01
4.3800000E+00	-3.0044E-04	2.4086E-01
4.3900000E+00	-7.9937E-04	2.2949E-01
4.4000000E+00	-1.2953E-03	2.1785E-01
4.4100000E+00	-1.7225E-03	2.0553E-01
4.4200000E+00	-2.1323E-03	1.9291E-01
4.4300000E+00	-2.5067E-03	1.7988E-01
4.4400000E+00	-2.9355E-03	1.6658E-01
4.4500000E+00	-3.2136E-03	1.5353E-01
4.4600000E+00	-3.5565E-03	1.4026E-01
4.4700000E+00	-3.8221E-03	1.2727E-01
4.4800000E+00	-4.0237E-03	1.1459E-01
4.4900000E+00	-4.2207E-03	1.0226E-01
4.5000000E+00	-4.3785E-03	9.0605E-02
4.5100000E+00	-4.4975E-03	7.9312E-02
4.5200000E+00	-4.5806E-03	6.8972E-02
4.5300000E+00	-4.5875E-03	5.9264E-02
4.5400000E+00	-4.5737E-03	5.0635E-02
4.5500000E+00	-4.5064E-03	4.2613E-02
4.5600000E+00	-4.4057E-03	3.5946E-02
4.5700000E+00	-4.2149E-03	3.0288E-02
4.5800000E+00	-4.0384E-03	2.5980E-02
4.5900000E+00	-3.8140E-03	2.2611E-02
4.6000000E+00	-3.5357E-03	2.0628E-02
4.6100000E+00	-3.1992E-03	1.9942E-02
4.6200000E+00	-2.8719E-03	2.0276E-02
4.6300000E+00	-2.4895E-03	2.1968E-02
4.6400000E+00	-2.0828E-03	2.4961E-02
4.6500000E+00	-1.6388E-03	2.9281E-02
4.6600000E+00	-1.2193E-03	3.4927E-02
4.6700000E+00	-7.4864E-04	4.1599E-02
4.6800000E+00	-2.9584E-04	4.9267E-02
4.6900000E+00	1.7424E-04	5.7942E-02
4.7000000E+00	6.3452E-04	6.7911E-02
4.7100000E+00	1.1040E-03	7.8569E-02
4.7200000E+00	1.5478E-03	8.9919E-02
4.7300000E+00	2.0429E-03	1.0222E-01
4.7400000E+00	2.5043E-03	1.1524E-01
4.7500000E+00	2.9258E-03	1.2856E-01
4.7600000E+00	3.3299E-03	1.4223E-01
4.7700000E+00	3.7693E-03	1.5654E-01
4.7800000E+00	4.1174E-03	1.7085E-01
4.7900000E+00	4.4745E-03	1.8518E-01
4.8000000E+00	4.8138E-03	1.9950E-01
4.8100000E+00	5.0883E-03	2.1352E-01
4.8200000E+00	5.3874E-03	2.2747E-01
4.8300000E+00	5.6165E-03	2.4115E-01
4.8400000E+00	5.8576E-03	2.5417E-01
4.8500000E+00	6.0226E-03	2.6647E-01
4.8600000E+00	6.1673E-03	2.7812E-01
4.8700000E+00	6.3164E-03	2.8914E-01
4.8800000E+00	6.4176E-03	2.9914E-01
4.8900000E+00	6.4493E-03	3.0810E-01
4.9000000E+00	6.5006E-03	3.1645E-01
4.9100000E+00	6.3783E-03	3.2312E-01
4.9200000E+00	6.3169E-03	3.2911E-01
4.9300000E+00	6.1732E-03	3.3376E-01
4.9400000E+00	5.9086E-03	3.3713E-01
4.9500000E+00	5.5477E-03	3.3911E-01
4.9600000E+00	5.1406E-03	3.3982E-01
4.9700000E+00	4.7227E-03	3.3946E-01
4.9800000E+00	4.2413E-03	3.3777E-01
4.9900000E+00	3.7261E-03	3.3478E-01
5.0000000E+00	3.1746E-03	3.3080E-01
5.0100000E+00	2.6094E-03	3.2545E-01
5.0200000E+00	2.0485E-03	3.1884E-01
5.0300000E+00	1.4785E-03	3.1148E-01
5.0400000E+00	9.6942E-04	3.0282E-01
5.0500000E+00	4.0148E-04	2.9349E-01
5.0600000E+00	-9.2735E-05	2.8315E-01
5.0700000E+00	-6.1488E-04	2.7216E-01
5.0800000E+00	-1.1021E-03	2.6049E-01
5.0900000E+00	-1.5297E-03	2.4847E-01
5.1000000E+00	-1.9556E-03	2.3585E-01
5.1100000E+00	-2.3552E-03	2.2288E-01
5.1200000E+00	-2.7349E-03	2.0991E-01
5.1300000E+00	-3.1215E-03	1.9659E-01
5.1400000E+00	-3.4122E-03	1.8357E-01
5.1500000E+00	-3.7544E-03	1.7025E-01
5.1600000E+00	-3.9289E-03	1.5756E-01
5.1700000E+00	-4.1934E-03	1.4525E-01
5.1800000E+00	-4.2913E-03	1.3326E-01
5.1900000E+00	-4.4435E-03	1.2191E-01
5.2000000E+00	-4.5507E-03	1.1123E-01
5.2100000E+00	-4.5810E-03	1.0159E-01
5.2200000E+00	-4.5268E-03	9.2577E-02
5.2300000E+00	-4.4940E-03	8.4583E-02
5.2400000E+00	-4.3762E-03	7.7595E-02
5.2500000E+00	-4.2433E-03	7.1640E-02
5.2600000E+00	-4.0754E-03	6.6949E-02
5.2700000E+00	-3.8561E-03	6.3260E-02
5.2800000E+00	-3.5574E-03	6.0959E-02
5.2900000E+00	-3.2399E-03	5.9957E-02
5.3000000E+00	-2.9073E-03	5.9914E-02
5.3100000E+00	-2.5407E-03	6.1611E-02
5.3200000E+00	-2.1436E-03	6.4255E-02
5.3300000E+00	-1.7302E-03	6.8236E-02
5.3400000E+00	-1.2948E-03	7.3267E-02
5.3500000E+00	-8.2094E-04	7.9933E-02
5.3600000E+00	-3.5386E-04	8.7257E-02
5.3700000E+00	1.3011E-04	9.5919E-02
5.3800000E+00	5.7330E-04	1.0522E-01
5.3900000E+00	1.0490E-03	1.1589E-01
5.4000000E+00	1.5291E-03	1.2724E-01
5.4100000E+00	1.9976E-03	1.3920E-01
5.4200000E+00	2.4467E-03	1.5185E-01
5.4300000E+00	2.8851E-03	1.6522E-01
5.4400000E+00	3.3785E-03	1.7919E-01
5.4500000E+00	3.7798E-03	1.9318E-01
5.4600000E+00	4.1588E-03	2.0752E-01
5.4700000E+00	4.4874E-03	2.2181E-01
5.4800000E+00	4.8708E-03	2.3618E-01
5.4900000E+00	5.1918E-03	2.5049E-01
5.5000000E+00	5.4884E-03	2.6449E-01
5.5100000E+00	5.7400E-03	2.7778E-01
5.5200000E+00	6.0200E-03	2.9113E-01
5.5300000E+00	6.2429E-03	3.0379E-01
5.5400000E+00	6.4241E-03	3.1545E-01
5.5500000E+00	6.6948E-03	3.2679E-01
5.5600000E+00	6.7960E-03	3.3677E-01
5.5700000E+00	6.9421E-03	3.4612E-01
5.5800000E+00	7.1059E-03	3.5444E-01
5.5900000E+00	7.1923E-03	3.6171E-01
5.6000000E+00	7.1277E-03	3.6777E-01
5.6100000E+00	7.0510E-03	3.7277E-01
5.6200000E+00	6.7406E-03	3.7645E-01
5.6300000E+00	6.4394E-03	3.7876E-01
5.6400000E+00	6.0183E-03	3.7977E-01
5.6500000E+00	5.5481E-03	3.7976E-01
5.6600000E+00	4.9186E-03	3.7812E-01
5.6700000E+00	4.3341E-03	3.7547E-01
5.6800000E+00	3.7050E-03	3.7180E-01
5.6900000E+00	3.0893E-03	3.6679E-01
5.7000000E+00	2.4000E-03	3.6043E-01
5.7100000E+00	1.7815E-03	3.5312E-01
5.7200000E+00	1.1040E-03	3.4481E-01
5.7300000E+00	5.4301E-04	3.3582E-01
5.7400000E+00	5.3852E-05	3.2581E-01
5.7500000E+00	-4.9189E-04	3.1479E-01
5.7600000E+00	-1.0205E-03	3.0348E-01
5.7700000E+00	-1.4872E-03	2.9116E-01
5.7800000E+00	-1.8926E-03	2.7884E-01
5.7900000E+00	-2.3249E-03	2.6586E-01
5.8000000E+00	-2.7126E-03	2.5285E-01
5.8100000E+00	-3.0400E-03	2.3951E-01
5.8200000E+00	-3.3439E-03	2.2653E-01
5.8300000E+00	-3.6696E-03	2.1318E-01
5.8400000E+00	-3.8824E-03	2.0054E-01
5.8500000E+00	-4.0966E-03	1.8789E-01
5.8600000E+00	-4.3215E-03	1.7588E-01
5.8700000E+00	-4.4142E-03	1.6456E-01
5.8800000E+00	-4.5285E-03	1.5356E-01
5.8900000E+00	-4.5674E-03	1.4361E-01
5.9000000E+00	-4.5090E-03	1.3459E-01
5.9100000E+00	-4.5348E-03	1.2625E-01
5.9200000E+00	-4.4318E-03	1.1894E-01
5.9300000E+00	-4.2150E-03	1.1290E-01
5.9400000E+00	-4.0777E-03	1.0792E-01
5.9500000E+00	-3.8829E-03	1.0393E-01
5.9600000E+00	-3.6126E-03	1.0124E-01
5.9700000E+00	-3.2764E-03	9.9907E-02
5.9800000E+00	-2.9155E-03	9.9901E-02
5.9900000E+00	-2.5936E-03	1.0090E-01
6.0000000E+00	-2.1849E-03	1.0357E-01
6.0100000E+00	-1.7318E-03	1.0724E-01
6.0200000E+00	-1.3155E-03	1.1224E-01
6.0300000E+00	-8.5115E-04	1.1818E-01
6.0400000E+00	-3.4657E-04	1.2556E-01
6.0500000E+00	8.5866E-05	1.3356E-01
6.0600000E+00	5.8947E-04	1.4323E-01
6.0700000E+00	1.0626E-03	1.5321E-01
6.0800000E+00	1.4681E-03	1.6453E-01
6.0900000E+00	1.9986E-03	1.7652E-01
6.1000000E+00	2.4444E-03	1.8886E-01
6.1100000E+00	2.8903E-03	2.0218E-01
6.1200000E+00	3.3652E-03	2.1586E-01
6.1300000E+00	3.7830E-03	2.2983E-01
6.1400000E+00	4.2020E-03	2.4414E-01
6.1500000E+00	4.5559E-03	2.5849E-01
6.1600000E+00	4.9440E-03	2.7280E-01
6.1700000E+00	5.2703E-03	2.8713E-01
6.1800000E+00	5.6386E-03	3.0109E-01
6.1900000E+00	5.9381E-03	3.1482E-01
6.2000000E+00	6.2704E-03	3.2811E-01
6.2100000E+00	6.5765E-03	3.4078E-01
6.2200000E+00	6.9356E-03	3.5278E-01
6.2300000E+00	7.2496E-03	3.6412E-01
6.2400000E+00	7.6210E-03	3.7472E-01
6.2500000E+00	7.8576E-03	3.8409E-01
6.2600000E+00	8.1192E-03	3.9277E-01
6.2700000E+00	8.2336E-03	4.0009E-01
6.2800000E+00	8.2905E-03	4.0642E-01
6.2900000E+00	8.2651E-03	4.1175E-01
6.3000000E+00	7.9946E-03	4.1543E-01
6.3100000E+00	7.6199E-03	4.1809E-01
6.3200000E+00	7.1668E-03	4.1973E-01
6.3300000E+00	6.5271E-03	4.1976E-01
6.3400000E+00	5.9024E-03	4.1874E-01
6.3500000E+00	5.1482E-03	4.1643E-01
6.3600000E+00	4.3817E-03	4.1276E-01
6.3700000E+00	3.6192E-03	4.0811E-01
6.3800000E+00	2.7685E-03	4.0210E-01
6.3900000E+00	2.0618E-03	3.9512E-01
6.4000000E+00	1.2614E-03	3.8678E-01
6.4100000E+00	6.2388E-04	3.7781E-01
6.4200000E+00	-2.0177E-05	3.6812E-01
6.4300000E+00	-6.6027E-04	3.5747E-01
6.4400000E+00	-1.1798E-03	3.4614E-01
6.4500000E+00	-1.7309E-03	3.3415E-01
6.4600000E+00	-2.1659E-03	3.2183E-01
6.4700000E+00	-2.6377E-03	3.0882E-01
6.4800000E+00	-2.9764E-03	2.9582E-01
6.4900000E+00	-3.3136E-03	2.8284E-01
6.5000000E+00	-3.6052E-03	2.6949E-01
6.5100000E+00	-3.8827E-03	2.5653E-01
6.5200000E+00	-4.1205E-03	2.4349E-01
6.5300000E+00	-4.3250E-03	2.3085E-01
6.5400000E+00	-4.4837E-03	2.1887E-01
6.5500000E+00	-4.6222E-03	2.0719E-01
6.5600000E+00	-4.7004E-03	1.9618E-01
6.5700000E+00	-4.7214E-03	1.8585E-01
6.5800000E+00	-4.6937E-03	1.7653E-01
6.5900000E+00	-4.6554E-03	1.6789E-01
6.6000000E+00	-4.5538E-03	1.6055E-01
6.6100000E+00	-4.3841E-03	1.5423E-01
6.6200000E+00	-4.1981E-03	1.4888E-01
6.6300000E+00	-3.9606E-03	1.4491E-01
6.6400000E+00	-3.7280E-03	1.4187E-01
6.6500000E+00	-3.3919E-03	1.4020E-01
6.6600000E+00	-3.0545E-03	1.3992E-01
6.6700000E+00	-2.7154E-03	1.4054E-01
6.6800000E+00	-2.2863E-03	1.4289E-01
6.6900000E+00	-1.8629E-03	1.4623E-01
6.7000000E+00	-1.4250E-03	1.5087E-01
6.7100000E+00	-9.6073E-04	1.5654E-01
6.7200000E+00	-4.9174E-04	1.6352E-01
6.7300000E+00	-5.6380E-06	1.7152E-01
6.7400000E+00	4.9384E-04	1.8087E-01
6.7500000E+00	9.7878E-04	1.9084E-01
6.7600000E+00	1.4550E-03	2.0185E-01
6.7700000E+00	1.9285E-03	2.1353E-01
6.7800000E+00	2.4133E-03	2.2584E-01
6.7900000E+00	2.9095E-03	2.3915E-01
6.8000000E+00	3.3201E-03	2.5246E-01
6.8100000E+00	3.7838E-03	2.6647E-01
6.8200000E+00	4.2280E-03	2.8080E-01
6.8300000E+00	4.6487E-03	2.9510E-01
6.8400000E+00	5.0560E-03	3.0945E-01
6.8500000E+00	5.4721E-03	3.2377E-01
6.8600000E+00	5.8736E-03	3.3776E-01
6.8700000E+00	6.3714E-03	3.5178E-01
6.8800000E+00	6.8399E-03	3.6510E-01
6.8900000E+00	7.3066E-03	3.7774E-01
6.9000000E+00	7.8255E-03	3.9006E-01
6.9100000E+00	8.2898E-03	4.0143E-01
6.9200000E+00	8.7377E-03	4.1207E-01
6.9300000E+00	9.2161E-03	4.2208E-01
6.9400000E+00	9.4950E-03	4.3073E-01
6.9500000E+00	9.6633E-03	4.3839E-01
6.9600000E+00	9.7539E-03	4.4505E-01
6.9700000E+00	9.6516E-03	4.5041E-01
6.9800000E+00	9.3946E-03	4.5475E-01
6.9900000E+00	8.9866E-03	4.5775E-01
7.0000000E+00	8.3760E-03	4.5941E-01
7.0100000E+00	7.6592E-03	4.5971E-01
7.0200000E+00	6.9059E-03	4.5907E-01
7.0300000E+00	6.0673E-03	4.5708E-01
7.0400000E+00	5.1287E-03	4.5372E-01
7.0500000E+00	4.2510E-03	4.4905E-01
7.0600000E+00	3.3587E-03	4.4342E-01
7.0700000E+00	2.5129E-03	4.3678E-01
7.0800000E+00	1.6302E-03	4.2877E-01
7.0900000E+00	8.6988E-04	4.2012E-01
7.1000000E+00	6.4656E-05	4.1042E-01
7.1100000E+00	-6.7169E-04	3.9978E-01
7.1200000E+00	-1.3265E-03	3.8879E-01
7.1300000E+00	-1.9707E-03	3.7681E-01
7.1400000E+00	-2.5328E-03	3.6447E-01
7.1500000E+00	-3.0410E-03	3.5179E-01
7.1600000E+00	-3.4744E-03	3.3881E-01
7.1700000E+00	-3.7807E-03	3.2582E-01
7.1800000E+00	-4.1515E-03	3.1252E-01
7.1900000E+00	-4.3960E-03	2.9950E-01
7.2000000E+00	-4.6130E-03	2.8647E-01
7.2100000E+00	-4.7753E-03	2.7383E-01
7.2200000E+00	-4.8972E-03	2.6151E-01
7.2300000E+00	-4.9905E-03	2.4985E-01
7.2400000E+00	-5.0863E-03	2.3851E-01
7.2500000E+00	-5.1043E-03	2.2820E-01
7.2600000E+00	-5.0722E-03	2.1854E-01
7.2700000E+00	-4.9954E-03	2.0988E-01
7.2800000E+00	-4.8644E-03	2.0220E-01
7.2900000E+00	-4.7006E-03	1.9553E-01
7.3000000E+00	-4.5152E-03	1.8985E-01
7.3100000E+00	-4.2382E-03	1.8556E-01
7.3200000E+00	-3.9677E-03	1.8256E-01
7.3300000E+00	-3.6589E-03	1.8054E-01
7.3400000E+00	-3.2890E-03	1.7987E-01
7.3500000E+00	-2.9357E-03	1.8019E-01
7.3600000E+00	-2.4925E-03	1.8219E-01
7.3700000E+00	-2.0574E-03	1.8519E-01
7.3800000E+00	-1.6214E-03	1.8954E-01
7.3900000E+00	-1.1345E-03	1.9519E-01
7.4000000E+00	-6.5981E-04	2.0188E-01
7.4100000E+00	-1.6806E-04	2.0950E-01
7.4200000E+00	3.3960E-04	2.1850E-01
7.4300000E+00	8.4729E-04	2.2848E-01
7.4400000E+00	1.3125E-03	2.3917E-01
7.4500000E+00	1.8728E-03	2.5081E-01
7.4600000E+00	2.3447E-03	2.6314E-01
7.4700000E+00	2.8377E-03	2.7580E-01
7.4800000E+00	3.3566E-03	2.8946E-01
7.4900000E+00	3.7872E-03	3.0313E-01
7.5000000E+00	4.3249E-03	3.1747E-01
7.5100000E+00	4.8519E-03	3.3177E-01
7.5200000E+00	5.3842E-03	3.4609E-01
7.5300000E+00	5.9297E-03	3.6042E-01
7.5400000E+00	6.5124E-03	3.7444E-01
7.5500000E+00	7.1549E-03	3.8844E-01
7.5600000E+00	7.7656E-03	4.0173E-01
7.5700000E+00	8.4442E-03	4.1475E-01
7.5800000E+00	9.0561E-03	4.2738E-01
7.5900000E+00	9.5846E-03	4.3907E-01
7.6000000E+00	1.0029E-02	4.4973E-01
7.6100000E+00	1.0437E-02	4.5968E-01
7.6200000E+00	1.0711E-02	4.6870E-01
7.6300000E+00	1.0869E-02	4.7669E-01
7.6400000E+00	1.0904E-02	4.8367E-01
7.6500000E+00	1.0690E-02	4.8939E-01
7.6600000E+00	1.0240E-02	4.9371E-01
7.6700000E+00	9.7114E-03	4.9702E-01
7.6800000E+00	9.0821E-03	4.9905E-01
7.6900000E+00	8.2875E-03	4.9972E-01
7.7000000E+00	7.5126E-03	4.9940E-01
7.7100000E+00	6.6011E-03	4.9739E-01
7.7200000E+00	5.6870E-03	4.9438E-01
7.7300000E+00	4.7707E-03	4.9037E-01
7.7400000E+00	3.8443E-03	4.8470E-01
7.7500000E+00	3.0006E-03	4.7841E-01
7.7600000E+00	2.1251E-03	4.7074E-01
7.7700000E+00	1.2667E-03	4.6211E-01
7.7800000E+00	4.6372E-04	4.5273E-01
7.7900000E+00	-3.8576E-04	4.4244E-01
7.8000000E+00	-1.1151E-03	4.3142E-01
7.8100000E+00	-1.8533E-03	4.1976E-01
7.8200000E+00	-2.5643E-03	4.0746E-01
7.8300000E+00	-3.1998E-03	3.9480E-01
7.8400000E+00	-3.7406E-03	3.8215E-01
7.8500000E+00	-4.2679E-03	3.6879E-01
7.8600000E+00	-4.6739E-03	3.5549E-01
7.8700000E+00	-4.9543E-03	3.4249E-01
7.8800000E+00	-5.2017E-03	3.2952E-01
7.8900000E+00	-5.4028E-03	3.1681E-01
7.9000000E+00	-5.5641E-03	3.0414E-01
7.9100000E+00	-5.6015E-03	2.9249E-01
7.9200000E+00	-5.6216E-03	2.8116E-01
7.9300000E+00	-5.6508E-03	2.7051E-01
7.9400000E+00	-5.5504E-03	2.6083E-01
7.9500000E+00	-5.4663E-03	2.5186E-01
7.9600000E+00	-5.3238E-03	2.4384E-01
7.9700000E+00	-5.1562E-03	2.3685E-01
7.9800000E+00	-4.8997E-03	2.3120E-01
7.9900000E+00	-4.6231E-03	2.2652E-01
8.0000000E+00	-4.3692E-03	2.2284E-01
8.0100000E+00	-3.9870E-03	2.2087E-01
8.0200000E+00	-3.6548E-03	2.1987E-01
8.0300000E+00	-3.2045E-03	2.2020E-01
8.0400000E+00	-2.7949E-03	2.2151E-01
8.0500000E+00	-2.3554E-03	2.2454E-01
8.0600000E+00	-1.8788E-03	2.2851E-01
8.0700000E+00	-1.3641E-03	2.3385E-01
8.0800000E+00	-8.5998E-04	2.4019E-01
8.0900000E+00	-3.6823E-04	2.4783E-01
8.1000000E+00	1.5280E-04	2.5649E-01
8.1100000E+00	6.6804E-04	2.6584E-01
8.1200000E+00	1.1985E-03	2.7650E-01
8.1300000E+00	1.7109E-03	2.8782E-01
8.1400000E+00	2.2702E-03	3.0016E-01
8.1500000E+00	2.8304E-03	3.1278E-01
8.1600000E+00	3.3999E-03	3.2612E-01
8.1700000E+00	3.9932E-03	3.3979E-01
8.1800000E+00	4.6303E-03	3.5409E-01
8.1900000E+00	5.2759E-03	3.6812E-01
8.2000000E+00	6.0051E-03	3.8276E-01
8.2100000E+00	6.7255E-03	3.9707E-01
8.2200000E+00	7.4183E-03	4.1108E-01
8.2300000E+00	8.1626E-03	4.2508E-01
8.2400000E+00	8.8402E-03	4.3871E-01
8.2500000E+00	9.3949E-03	4.5170E-01
8.2600000E+00	9.9956E-03	4.6436E-01
8.2700000E+00	1.0442E-02	4.7636E-01
8.2800000E+00	1.0778E-02	4.8736E-01
8.2900000E+00	1.0913E-02	4.9737E-01
8.3000000E+00	1.1034E-02	5.0670E-01
8.3100000E+00	1.1004E-02	5.1503E-01
8.3200000E+00	1.0817E-02	5.2203E-01
8.3300000E+00	1.0506E-02	5.2800E-01
8.3400000E+00	1.0026E-02	5.3270E-01
8.3500000E+00	9.5101E-03	5.3633E-01
8.3600000E+00	8.9062E-03	5.3868E-01
8.3700000E+00	8.1421E-03	5.3971E-01
8.3800000E+00	7.4476E-03	5.3969E-01
8.3900000E+00	6.5759E-03	5.3801E-01
8.4000000E+00	5.7571E-03	5.3536E-01
8.4100000E+00	4.9311E-03	5.3138E-01
8.4200000E+00	4.1151E-03	5.2641E-01
8.4300000E+00	3.3013E-03	5.2005E-01
8.4400000E+00	2.5023E-03	5.1272E-01
8.4500000E+00	1.7169E-03	5.0440E-01
8.4600000E+00	9.7634E-04	4.9509E-01
8.4700000E+00	1.9223E-04	4.8473E-01
8.4800000E+00	-4.8782E-04	4.7412E-01
8.4900000E+00	-1.2956E-03	4.6243E-01
8.5000000E+00	-1.9699E-03	4.5043E-01
8.5100000E+00	-2.7080E-03	4.3780E-01
8.5200000E+00	-3.3802E-03	4.2512E-01
8.5300000E+00	-4.0866E-03	4.1181E-01
8.5400000E+00	-4.6179E-03	3.9879E-01
8.5500000E+00	-5.1329E-03	3.8547E-01
8.5600000E+00	-5.4974E-03	3.7248E-01
8.5700000E+00	-5.8466E-03	3.5948E-01
8.5800000E+00	-5.9724E-03	3.4714E-01
8.5900000E+00	-6.0971E-03	3.3514E-01
8.6000000E+00	-6.1083E-03	3.2385E-01
8.6100000E+00	-6.1296E-03	3.1284E-01
8.6200000E+00	-6.0259E-03	3.0281E-01
8.6300000E+00	-5.9332E-03	2.9383E-01
8.6400000E+00	-5.7697E-03	2.8551E-01
8.6500000E+00	-5.5717E-03	2.7851E-01
8.6600000E+00	-5.3070E-03	2.7250E-01
8.6700000E+00	-5.0592E-03	2.6750E-01
8.6800000E+00	-4.7187E-03	2.6387E-01
8.6900000E+00	-4.3821E-03	2.6119E-01
8.7000000E+00	-3.9721E-03	2.5985E-01
8.7100000E+00	-3.5530E-03	2.5984E-01
8.7200000E+00	-3.1165E-03	2.6115E-01
8.7300000E+00	-2.6619E-03	2.6350E-01
8.7400000E+00	-2.1124E-03	2.6750E-01
8.7500000E+00	-1.6104E-03	2.7249E-01
8.7600000E+00	-1.0859E-03	2.7848E-01
8.7700000E+00	-5.5989E-04	2.8581E-01
8.7800000E+00	9.6617E-06	2.9414E-01
8.7900000E+00	5.2446E-04	3.0345E-01
8.8000000E+00	1.1553E-03	3.1415E-01
8.8100000E+00	1.7129E-03	3.2511E-01
8.8200000E+00	2.3371E-03	3.3714E-01
8.8300000E+00	2.9854E-03	3.4979E-01
8.8400000E+00	3.6987E-03	3.6309E-01
8.8500000E+00	4.4143E-03	3.7677E-01
8.8600000E+00	5.1943E-03	3.9072E-01
8.8700000E+00	5.9435E-03	4.0473E-01
8.8800000E+00	6.7692E-03	4.1940E-01
8.8900000E+00	7.5227E-03	4.3374E-01
8.9000000E+00	8.2464E-03	4.4807E-01
8.9100000E+00	8.8522E-03	4.6207E-01
8.9200000E+00	9.3862E-03	4.7568E-01
8.9300000E+00	9.7505E-03	4.8869E-01
8.9400000E+00	1.0064E-02	5.0136E-01
8.9500000E+00	1.0274E-02	5.1367E-01
8.9600000E+00	1.0290E-02	5.2468E-01
8.9700000E+00	1.0387E-02	5.3532E-01
8.9800000E+00	1.0286E-02	5.4463E-01
8.9900000E+00	1.0200E-02	5.5301E-01
9.0000000E+00	1.0008E-02	5.6032E-01
9.0100000E+00	9.8264E-03	5.6666E-01
9.0200000E+00	9.4552E-03	5.7168E-01
9.0300000E+00	9.0197E-03	5.7568E-01
9.0400000E+00	8.5077E-03	5.7834E-01
9.0500000E+00	7.8975E-03	5.7968E-01
9.0600000E+00	7.2116E-03	5.7971E-01
9.0700000E+00	6.4485E-03	5.7834E-01
9.0800000E+00	5.7402E-03	5.7600E-01
9.0900000E+00	5.0010E-03	5.7235E-01
9.1000000E+00	4.1939E-03	5.6733E-01
9.1100000E+00	3.4737E-03	5.6135E-01
9.1200000E+00	2.7499E-03	5.5436E-01
9.1300000E+00	2.0365E-03	5.4641E-01
9.1400000E+00	1.3371E-03	5.3739E-01
9.1500000E+00	6.4818E-04	5.2736E-01
9.1600000E+00	-1.1128E-05	5.1675E-01
9.1700000E+00	-6.9846E-04	5.0507E-01
9.1800000E+00	-1.2888E-03	4.9342E-01
9.1900000E+00	-1.9801E-03	4.8075E-01
9.2000000E+00	-2.6476E-03	4.6810E-01
9.2100000E+00	-3.2778E-03	4.5511E-01
9.2200000E+00	-3.9115E-03	4.4179E-01
9.2300000E+00	-4.5568E-03	4.2845E-01
9.2400000E+00	-5.0813E-03	4.1545E-01
9.2500000E+00	-5.5421E-03	4.0247E-01
9.2600000E+00	-5.8643E-03	3.9015E-01
9.2700000E+00	-6.1449E-03	3.7782E-01
9.2800000E+00	-6.3014E-03	3.6618E-01
9.2900000E+00	-6.3262E-03	3.5550E-01
9.3000000E+00	-6.3474E-03	3.4518E-01
9.3100000E+00	-6.2351E-03	3.3582E-01
9.3200000E+00	-6.0703E-03	3.2749E-01
9.3300000E+00	-5.8564E-03	3.2013E-01
9.3400000E+00	-5.6219E-03	3.1385E-01
9.3500000E+00	-5.3460E-03	3.0851E-01
9.3600000E+00	-5.0356E-03	3.0452E-01
9.3700000E+00	-4.6334E-03	3.0149E-01
9.3800000E+00	-4.2119E-03	3.0017E-01
9.3900000E+00	-3.8009E-03	2.9984E-01
9.4000000E+00	-3.3326E-03	3.0083E-01
9.4100000E+00	-2.8329E-03	3.0280E-01
9.4200000E+00	-2.3073E-03	3.0650E-01
9.4300000E+00	-1.7763E-03	3.1117E-01
9.4400000E+00	-1.2220E-03	3.1715E-01
9.4500000E+00	-6.5831E-04	3.2414E-01
9.4600000E+00	-5.7134E-05	3.3214E-01
9.4700000E+00	5.6900E-04	3.4143E-01
9.4800000E+00	1.1939E-03	3.5147E-01
9.4900000E+00	1.8632E-03	3.6245E-01
9.5000000E+00	2.5866E-03	3.7409E-01
9.5100000E+00	3.3859E-03	3.8676E-01
9.5200000E+00	4.1626E-03	3.9975E-01
9.5300000E+00	4.9853E-03	4.1345E-01
9.5400000E+00	5.7743E-03	4.2734E-01
9.5500000E+00	6.5232E-03	4.4139E-01
9.5600000E+00	7.2228E-03	4.5570E-01
9.5700000E+00	7.9053E-03	4.7036E-01
9.5800000E+00	8.3838E-03	4.8472E-01
9.5900000E+00	8.7237E-03	4.9869E-01
9.6000000E+00	8.9979E-03	5.1236E-01
9.6100000E+00	9.1570E-03	5.2566E-01
9.6200000E+00	9.3097E-03	5.3868E-01
9.6300000E+00	9.3760E-03	5.5066E-01
9.6400000E+00	9.5169E-03	5.6233E-01
9.6500000E+00	9.5818E-03	5.7266E-01
9.6600000E+00	9.6995E-03	5.8267E-01
9.6700000E+00	9.6703E-03	5.9132E-01
9.6800000E+00	9.6471E-03	5.9896E-01
9.6900000E+00	9.4496E-03	6.0531E-01
9.7000000E+00	9.2765E-03	6.1065E-01
9.7100000E+00	8.9862E-03	6.1498E-01
9.7200000E+00	8.4824E-03	6.1763E-01
9.7300000E+00	7.9798E-03	6.1934E-01
9.7400000E+00	7.3826E-03	6.1966E-01
9.7500000E+00	6.7809E-03	6.1901E-01
9.7600000E+00	6.0107E-03	6.1666E-01
9.7700000E+00	5.2600E-03	6.1333E-01
9.7800000E+00	4.4918E-03	6.0869E-01
9.7900000E+00	3.7493E-03	6.0303E-01
9.8000000E+00	3.0059E-03	5.9602E-01
9.8100000E+00	2.2785E-03	5.8837E-01
9.8200000E+00	1.5275E-03	5.7935E-01
9.8300000E+00	8.7472E-04	5.6969E-01
9.8400000E+00	2.4446E-04	5.5907E-01
9.8500000E+00	-3.3129E-04	5.4810E-01
9.8600000E+00	-9.6155E-04	5.3609E-01
9.8700000E+00	-1.5446E-03	5.2372E-01
9.8800000E+00	-2.0876E-03	5.1108E-01
9.8900000E+00	-2.6566E-03	4.9809E-01
9.9000000E+00	-3.2078E-03	4.8478E-01
9.9100000E+00	-3.7477E-03	4.7176E-01
9.9200000E+00	-4.2858E-03	4.5843E-01
9.9300000E+00	-4.8201E-03	4.4544E-01
9.9400000E+00	-5.2524E-03	4.3280E-01
9.9500000E+00	-5.6494E-03	4.2079E-01
9.9600000E+00	-5.9811E-03	4.0880E-01
9.9700000E+00	-6.1651E-03	3.9782E-01
9.9800000E+00	-6.2640E-03	3.8747E-01
9.9900000E+00	-6.2755E-03	3.7782E-01
1.0000000E+01	-6.2026E-03	3.6917E-01
1.0010000E+01	-6.0126E-03	3.6180E-01
1.0020000E+01	-5.8250E-03	3.5515E-01
1.0030000E+01	-5.5622E-03	3.4950E-01
1.0040000E+01	-5.2147E-03	3.4514E-01
1.0050000E+01	-4.8160E-03	3.4218E-01
1.0060000E+01	-4.4134E-03	3.4015E-01
1.0070000E+01	-3.9402E-03	3.3982E-01
1.0080000E+01	-3.4545E-03	3.4048E-01
1.0090000E+01	-2.9832E-03	3.4216E-01
1.0100000E+01	-2.3905E-03	3.4547E-01
1.0110000E+01	-1.8573E-03	3.4981E-01
1.0120000E+01	-1.2173E-03	3.5547E-01
1.0130000E+01	-6.3112E-04	3.6214E-01
1.0140000E+01	4.4516E-05	3.7011E-01
1.0150000E+01	7.4574E-04	3.7910E-01
1.0160000E+01	1.4684E-03	3.8908E-01
1.0170000E+01	2.2076E-03	3.9976E-01
1.0180000E+01	2.9978E-03	4.1142E-01
1.0190000E+01	3.7843E-03	4.2375E-01
1.0200000E+01	4.5489E-03	4.3673E-01
1.0210000E+01	5.2751E-03	4.5008E-01
1.0220000E+01	5.9659E-03	4.6402E-01
1.0230000E+01	6.5008E-03	4.7804E-01
1.0240000E+01	7.0336E-03	4.9237E-01
1.0250000E+01	7.3492E-03	5.0635E-01
1.0260000E+01	7.4824E-03	5.1933E-01
1.0270000E+01	7.6546E-03	5.3236E-01
1.0280000E+01	7.7797E-03	5.4503E-01
1.0290000E+01	7.9494E-03	5.5735E-01
1.0300000E+01	8.1253E-03	5.6933E-01
1.0310000E+01	8.2192E-03	5.8032E-01
1.0320000E+01	8.3286E-03	5.9064E-01
1.0330000E+01	8.4626E-03	6.0032E-01
1.0340000E+01	8.6010E-03	6.0930E-01
1.0350000E+01	8.6071E-03	6.1700E-01
1.0360000E+01	8.6005E-03	6.2367E-01
1.0370000E+01	8.4942E-03	6.2931E-01
1.0380000E+01	8.2817E-03	6.3366E-01
1.0390000E+01	7.9769E-03	6.3699E-01
1.0400000E+01	7.5836E-03	6.3898E-01
1.0410000E+01	7.0894E-03	6.3969E-01
1.0420000E+01	6.5366E-03	6.3930E-01
1.0430000E+01	5.8853E-03	6.3763E-01
1.0440000E+01	5.1400E-03	6.3432E-01
1.0450000E+01	4.4482E-03	6.3033E-01
1.0460000E+01	3.6736E-03	6.2472E-01
1.0470000E+01	2.9669E-03	6.1801E-01
1.0480000E+01	2.2028E-03	6.1035E-01
1.0490000E+01	1.4629E-03	6.0137E-01
1.0500000E+01	7.7047E-04	5.9170E-01
1.0510000E+01	1.4253E-04	5.8101E-01
1.0520000E+01	-4.8387E-04	5.6940E-01
1.0530000E+01	-1.0963E-03	5.5705E-01
1.0540000E+01	-1.6904E-03	5.4439E-01
1.0550000E+01	-2.2805E-03	5.3077E-01
1.0560000E+01	-2.8022E-03	5.1708E-01
1.0570000E+01	-3.3615E-03	5.0311E-01
1.0580000E+01	-3.9214E-03	4.8879E-01
1.0590000E+01	-4.5368E-03	4.7413E-01
1.0600000E+01	-5.0310E-03	4.5975E-01
1.0610000E+01	-5.5588E-03	4.4577E-01
1.0620000E+01	-6.0735E-03	4.3179E-01
1.0630000E+01	-6.4597E-03	4.1845E-01
1.0640000E+01	-6.8641E-03	4.0514E-01
1.0650000E+01	-7.0736E-03	3.9278E-01
1.0660000E+01	-7.2047E-03	3.8115E-01
1.0670000E+01	-7.2221E-03	3.7014E-01
1.0680000E+01	-7.1860E-03	3.6015E-01
1.0690000E+01	-7.0076E-03	3.5115E-01
1.0700000E+01	-6.8096E-03	3.4317E-01
1.0710000E+01	-6.5735E-03	3.3615E-01
1.0720000E+01	-6.2777E-03	3.3053E-01
1.0730000E+01	-5.9504E-03	3.2584E-01
1.0740000E+01	-5.5285E-03	3.2247E-01
1.0750000E+01	-5.0867E-03	3.2049E-01
1.0760000E+01	-4.5880E-03	3.1984E-01
1.0770000E+01	-4.1329E-03	3.2015E-01
1.0780000E+01	-3.6086E-03	3.2186E-01
1.0790000E+01	-3.0641E-03	3.2484E-01
1.0800000E+01	-2.4816E-03	3.2914E-01
1.0810000E+01	-1.9237E-03	3.3451E-01
1.0820000E+01	-1.3361E-03	3.4080E-01
1.0830000E+01	-6.7059E-04	3.4848E-01
1.0840000E+01	-7.5458E-05	3.5678E-01
1.0850000E+01	5.9649E-04	3.6644E-01
1.0860000E+01	1.2491E-03	3.7644E-01
1.0870000E+01	1.9519E-03	3.8743E-01
1.0880000E+01	2.6653E-03	3.9908E-01
1.0890000E+01	3.4196E-03	4.1141E-01
1.0900000E+01	4.1235E-03	4.2408E-01
1.0910000E+01	4.8570E-03	4.3709E-01
1.0920000E+01	5.4419E-03	4.5008E-01
1.0930000E+01	5.9656E-03	4.6338E-01
1.0940000E+01	6.4079E-03	4.7639E-01
1.0950000E+01	6.7442E-03	4.8936E-01
1.0960000E+01	7.0661E-03	5.0234E-01
1.0970000E+01	7.1387E-03	5.1467E-01
1.0980000E+01	7.2324E-03	5.2668E-01
1.0990000E+01	7.2115E-03	5.3770E-01
1.1000000E+01	7.2163E-03	5.4834E-01
1.1010000E+01	7.2039E-03	5.5832E-01
1.1020000E+01	7.1556E-03	5.6731E-01
1.1030000E+01	7.0087E-03	5.7534E-01
1.1040000E+01	6.8319E-03	5.8232E-01
1.1050000E+01	6.6286E-03	5.8799E-01
1.1060000E+01	6.3907E-03	5.9300E-01
1.1070000E+01	6.0974E-03	5.9637E-01
1.1080000E+01	5.7496E-03	5.9866E-01
1.1090000E+01	5.3118E-03	5.9969E-01
1.1100000E+01	4.8782E-03	5.9968E-01
1.1110000E+01	4.3172E-03	5.9802E-01
1.1120000E+01	3.7724E-03	5.9534E-01
1.1130000E+01	3.2090E-03	5.9136E-01
1.1140000E+01	2.6137E-03	5.8603E-01
1.1150000E+01	2.0144E-03	5.7970E-01
1.1160000E+01	1.4085E-03	5.7235E-01
1.1170000E+01	8.1784E-04	5.6370E-01
1.1180000E+01	2.6286E-04	5.5407E-01
1.1190000E+01	-3.6575E-04	5.4340E-01
1.1200000E+01	-9.1562E-04	5.3204E-01
1.1210000E+01	-1.4486E-03	5.2009E-01
1.1220000E+01	-2.0222E-03	5.0745E-01
1.1230000E+01	-2.5991E-03	4.9409E-01
1.1240000E+01	-3.1516E-03	4.8044E-01
1.1250000E+01	-3.7454E-03	4.6647E-01
1.1260000E+01	-4.3390E-03	4.5209E-01
1.1270000E+01	-4.9331E-03	4.3778E-01
1.1280000E+01	-5.5461E-03	4.2314E-01
1.1290000E+01	-5.9511E-03	4.0915E-01
1.1300000E+01	-6.4174E-03	3.9514E-01
1.1310000E+01	-6.7285E-03	3.8147E-01
1.1320000E+01	-6.9679E-03	3.6816E-01
1.1330000E+01	-7.1070E-03	3.5581E-01
1.1340000E+01	-7.1630E-03	3.4384E-01
1.1350000E+01	-7.1420E-03	3.3282E-01
1.1360000E+01	-7.1022E-03	3.2249E-01
1.1370000E+01	-6.9935E-03	3.1317E-01
1.1380000E+01	-6.8486E-03	3.0481E-01
1.1390000E+01	-6.6019E-03	2.9785E-01
1.1400000E+01	-6.3841E-03	2.9181E-01
1.1410000E+01	-6.0456E-03	2.8682E-01
1.1420000E+01	-5.7105E-03	2.8317E-01
1.1430000E+01	-5.3542E-03	2.8085E-01
1.1440000E+01	-4.8571E-03	2.7985E-01
1.1450000E+01	-4.3691E-03	2.7986E-01
1.1460000E+01	-3.8916E-03	2.8151E-01
1.1470000E+01	-3.3704E-03	2.8414E-01
1.1480000E+01	-2.8427E-03	2.8784E-01
1.1490000E+01	-2.2699E-03	2.9312E-01
1.1500000E+01	-1.7356E-03	2.9913E-01
1.1510000E+01	-1.1645E-03	3.0647E-01
1.1520000E+01	-5.9228E-04	3.1479E-01
1.1530000E+01	-4.2814E-06	3.2413E-01
1.1540000E+01	5.5297E-04	3.3414E-01
1.1550000E+01	1.1773E-03	3.4513E-01
1.1560000E+01	1.7210E-03	3.5643E-01
1.1570000E+01	2.4349E-03	3.6846E-01
1.1580000E+01	3.0593E-03	3.8113E-01
1.1590000E+01	3.6685E-03	3.9374E-01
1.1600000E+01	4.3758E-03	4.0709E-01
1.1610000E+01	4.9820E-03	4.2007E-01
1.1620000E+01	5.5705E-03	4.3340E-01
1.1630000E+01	6.0698E-03	4.4638E-01
1.1640000E+01	6.5428E-03	4.5937E-01
1.1650000E+01	6.8623E-03	4.7167E-01
1.1660000E+01	7.0251E-03	4.8370E-01
1.1670000E+01	7.1711E-03	4.9536E-01
1.1680000E+01	7.1121E-03	5.0605E-01
1.1690000E+01	7.0748E-03	5.1601E-01
1.1700000E+01	6.9600E-03	5.2535E-01
1.1710000E+01	6.7318E-03	5.3335E-01
1.1720000E+01	6.5410E-03	5.4066E-01
1.1730000E+01	6.2953E-03	5.4700E-01
1.1740000E+01	5.9826E-03	5.5201E-01
1.1750000E+01	5.6309E-03	5.5568E-01
1.1760000E+01	5.2546E-03	5.5836E-01
1.1770000E+01	4.8269E-03	5.5971E-01
1.1780000E+01	4.3842E-03	5.5970E-01
1.1790000E+01	3.8511E-03	5.5838E-01
1.1800000E+01	3.3759E-03	5.5604E-01
1.1810000E+01	2.8598E-03	5.5239E-01
1.1820000E+01	2.2655E-03	5.4737E-01
1.1830000E+01	1.7559E-03	5.4139E-01
1.1840000E+01	1.1564E-03	5.3402E-01
1.1850000E+01	5.7579E-04	5.2575E-01
1.1860000E+01	4.0033E-05	5.1640E-01
1.1870000E+01	-5.3140E-04	5.0607E-01
1.1880000E+01	-1.1102E-03	4.9508E-01
1.1890000E+01	-1.6791E-03	4.8307E-01
1.1900000E+01	-2.3093E-03	4.7042E-01
1.1910000E+01	-2.9399E-03	4.5711E-01
1.1920000E+01	-3.5799E-03	4.4345E-01
1.1930000E+01	-4.1554E-03	4.2945E-01
1.1940000E+01	-4.7602E-03	4.1548E-01
1.1950000E+01	-5.2860E-03	4.0111E-01
1.1960000E+01	-5.7525E-03	3.8649E-01
1.1970000E+01	-6.0855E-03	3.7250E-01
1.1980000E+01	-6.4300E-03	3.5818E-01
1.1990000E+01	-6.6351E-03	3.4449E-01
1.2000000E+01	-6.7622E-03	3.3153E-01
1.2010000E+01	-6.8977E-03	3.1852E-01
1.2020000E+01	-6.9456E-03	3.0652E-01
1.2030000E+01	-7.0084E-03	2.9519E-01
1.2040000E+01	-6.9581E-03	2.8486E-01
1.2050000E+01	-6.9123E-03	2.7518E-01
1.2060000E+01	-6.7730E-03	2.6683E-01
1.2070000E+01	-6.6264E-03	2.5955E-01
1.2080000E+01	-6.3930E-03	2.5320E-01
1.2090000E+01	-6.1512E-03	2.4785E-01
1.2100000E+01	-5.8231E-03	2.4384E-01
1.2110000E+01	-5.4533E-03	2.4122E-01
1.2120000E+01	-5.0264E-03	2.3985E-01
1.2130000E+01	-4.5803E-03	2.3987E-01
1.2140000E+01	-4.0929E-03	2.4086E-01
1.2150000E+01	-3.5992E-03	2.4316E-01
1.2160000E+01	-3.0807E-03	2.4683E-01
1.2170000E+01	-2.4969E-03	2.5187E-01
1.2180000E+01	-1.9700E-03	2.5782E-01
1.2190000E+01	-1.4440E-03	2.6483E-01
1.2200000E+01	-8.5452E-04	2.7281E-01
1.2210000E+01	-3.3272E-04	2.8182E-01
1.2220000E+01	2.2530E-04	2.9182E-01
1.2230000E+01	7.3821E-04	3.0249E-01
1.2240000E+01	1.3000E-03	3.1381E-01
1.2250000E+01	1.8220E-03	3.2580E-01
1.2260000E+01	2.3378E-03	3.3815E-01
1.2270000E+01	2.8114E-03	3.5080E-01
1.2280000E+01	3.4238E-03	3.6382E-01
1.2290000E+01	3.9873E-03	3.7710E-01
1.2300000E+01	4.5642E-03	3.9043E-01
1.2310000E+01	5.0958E-03	4.0341E-01
1.2320000E+01	5.6346E-03	4.1638E-01
1.2330000E+01	6.1098E-03	4.2903E-01
1.2340000E+01	6.4526E-03	4.4107E-01
1.2350000E+01	6.7487E-03	4.5269E-01
1.2360000E+01	6.9368E-03	4.6372E-01
1.2370000E+01	6.9378E-03	4.7368E-01
1.2380000E+01	6.9547E-03	4.8335E-01
1.2390000E+01	6.8066E-03	4.9173E-01
1.2400000E+01	6.6186E-03	4.9905E-01
1.2410000E+01	6.3478E-03	5.0571E-01
1.2420000E+01	5.9712E-03	5.1069E-01
1.2430000E+01	5.6408E-03	5.1504E-01
1.2440000E+01	5.2068E-03	5.1767E-01
1.2450000E+01	4.7643E-03	5.1935E-01
1.2460000E+01	4.2903E-03	5.1967E-01
1.2470000E+01	3.8336E-03	5.1904E-01
1.2480000E+01	3.2794E-03	5.1670E-01
1.2490000E+01	2.7241E-03	5.1338E-01
1.2500000E+01	2.1821E-03	5.0871E-01
1.2510000E+01	1.5910E-03	5.0269E-01
1.2520000E+01	1.0229E-03	4.9573E-01
1.2530000E+01	4.1702E-04	4.8775E-01
1.2540000E+01	-1.3806E-04	4.7871E-01
1.2550000E+01	-7.3060E-04	4.6877E-01
1.2560000E+01	-1.3756E-03	4.5777E-01
1.2570000E+01	-2.0071E-03	4.4577E-01
1.2580000E+01	-2.6318E-03	4.3346E-01
1.2590000E+01	-3.2625E-03	4.2045E-01
1.2600000E+01	-3.8553E-03	4.0679E-01
1.2610000E+01	-4.4047E-03	3.9281E-01
1.2620000E+01	-4.8647E-03	3.7879E-01
1.2630000E+01	-5.2882E-03	3.6452E-01
1.2640000E+01	-5.6366E-03	3.5015E-01
1.2650000E+01	-5.9609E-03	3.3586E-01
1.2660000E+01	-6.2205E-03	3.2153E-01
1.2670000E+01	-6.3975E-03	3.0789E-01
1.2680000E+01	-6.5564E-03	2.9451E-01
1.2690000E+01	-6.7176E-03	2.8154E-01
1.2700000E+01	-6.8074E-03	2.6919E-01
1.2710000E+01	-6.8573E-03	2.5783E-01
1.2720000E+01	-6.8591E-03	2.4720E-01
1.2730000E+01	-6.8453E-03	2.3753E-01
1.2740000E+01	-6.7316E-03	2.2887E-01
1.2750000E+01	-6.6522E-03	2.2088E-01
1.2760000E+01	-6.4108E-03	2.1454E-01
1.2770000E+01	-6.2131E-03	2.0889E-01
1.2780000E+01	-5.8793E-03	2.0488E-01
1.2790000E+01	-5.5305E-03	2.0189E-01
1.2800000E+01	-5.1325E-03	2.0022E-01
1.2810000E+01	-4.7154E-03	1.9988E-01
1.2820000E+01	-4.2758E-03	2.0053E-01
1.2830000E+01	-3.7794E-03	2.0256E-01
1.2840000E+01	-3.2483E-03	2.0585E-01
1.2850000E+01	-2.7169E-03	2.1052E-01
1.2860000E+01	-2.1595E-03	2.1617E-01
1.2870000E+01	-1.6141E-03	2.2318E-01
1.2880000E+01	-1.0774E-03	2.3083E-01
1.2890000E+01	-5.5164E-04	2.3952E-01
1.2900000E+01	4.4686E-06	2.4952E-01
1.2910000E+01	5.2256E-04	2.5983E-01
1.2920000E+01	1.0515E-03	2.7114E-01
1.2930000E+01	1.5154E-03	2.8281E-01
1.2940000E+01	2.0038E-03	2.9514E-01
1.2950000E+01	2.5002E-03	3.0781E-01
1.2960000E+01	2.9344E-03	3.2082E-01
1.2970000E+01	3.3847E-03	3.3413E-01
1.2980000E+01	3.8113E-03	3.4711E-01
1.2990000E+01	4.2606E-03	3.6045E-01
1.3000000E+01	4.7010E-03	3.7342E-01
1.3010000E+01	5.1379E-03	3.8607E-01
1.3020000E+01	5.5756E-03	3.9842E-01
1.3030000E+01	5.8731E-03	4.1007E-01
1.3040000E+01	6.1810E-03	4.2106E-01
1.3050000E+01	6.3869E-03	4.3139E-01
1.3060000E+01	6.5205E-03	4.4109E-01
1.3070000E+01	6.5249E-03	4.4974E-01
1.3080000E+01	6.4428E-03	4.5740E-01
1.3090000E+01	6.2519E-03	4.6405E-01
1.3100000E+01	6.0291E-03	4.6973E-01
1.3110000E+01	5.6944E-03	4.7407E-01
1.3120000E+01	5.3412E-03	4.7739E-01
1.3130000E+01	4.8044E-03	4.7908E-01
1.3140000E+01	4.3507E-03	4.7973E-01
1.3150000E+01	3.8670E-03	4.7942E-01
1.3160000E+01	3.2687E-03	4.7741E-01
1.3170000E+01	2.7092E-03	4.7441E-01
1.3180000E+01	2.1347E-03	4.7007E-01
1.3190000E+01	1.5160E-03	4.6441E-01
1.3200000E+01	9.1952E-04	4.5774E-01
1.3210000E+01	2.8149E-04	4.4974E-01
1.3220000E+01	-3.5796E-04	4.4078E-01
1.3230000E+01	-9.7385E-04	4.3112E-01
1.3240000E+01	-1.5814E-03	4.2045E-01
1.3250000E+01	-2.1752E-03	4.0878E-01
1.3260000E+01	-2.7839E-03	3.9646E-01
1.3270000E+01	-3.3219E-03	3.8348E-01
1.3280000E+01	-3.8344E-03	3.7013E-01
1.3290000E+01	-4.3008E-03	3.5615E-01
1.3300000E+01	-4.6990E-03	3.4216E-01
1.3310000E+01	-5.0595E-03	3.2786E-01
1.3320000E+01	-5.3610E-03	3.1351E-01
1.3330000E+01	-5.6502E-03	2.9918E-01
1.3340000E+01	-5.9420E-03	2.8482E-01
1.3350000E+01	-6.1596E-03	2.7086E-01
1.3360000E+01	-6.3233E-03	2.5756E-01
1.3370000E+01	-6.5023E-03	2.4454E-01
1.3380000E+01	-6.5859E-03	2.3220E-01
1.3390000E+01	-6.7217E-03	2.2055E-01
1.3400000E+01	-6.7613E-03	2.0957E-01
1.3410000E+01	-6.7779E-03	1.9956E-01
1.3420000E+01	-6.7062E-03	1.9056E-01
1.3430000E+01	-6.5850E-03	1.8288E-01
1.3440000E+01	-6.4443E-03	1.7589E-01
1.3450000E+01	-6.2339E-03	1.7023E-01
1.3460000E+01	-5.9388E-03	1.6590E-01
1.3470000E+01	-5.6516E-03	1.6257E-01
1.3480000E+01	-5.2592E-03	1.6054E-01
1.3490000E+01	-4.8513E-03	1.5991E-01
1.3500000E+01	-4.4323E-03	1.6023E-01
1.3510000E+01	-3.9211E-03	1.6226E-01
1.3520000E+01	-3.4308E-03	1.6523E-01
1.3530000E+01	-2.8702E-03	1.6956E-01
1.3540000E+01	-2.3704E-03	1.7485E-01
1.3550000E+01	-1.8321E-03	1.8117E-01
1.3560000E+01	-1.2848E-03	1.8887E-01
1.3570000E+01	-7.0800E-04	1.9754E-01
1.3580000E+01	-1.4839E-04	2.0721E-01
1.3590000E+01	3.5700E-04	2.1751E-01
1.3600000E+01	8.6802E-04	2.2851E-01
1.3610000E+01	1.3437E-03	2.4019E-01
1.3620000E+01	1.8088E-03	2.5215E-01
1.3630000E+01	2.2579E-03	2.6484E-01
1.3640000E+01	2.6854E-03	2.7781E-01
1.3650000E+01	3.1320E-03	2.9114E-01
1.3660000E+01	3.4466E-03	3.0409E-01
1.3670000E+01	3.8668E-03	3.1745E-01
1.3680000E+01	4.1896E-03	3.3046E-01
1.3690000E+01	4.5032E-03	3.4315E-01
1.3700000E+01	4.7906E-03	3.5546E-01
1.3710000E+01	5.1181E-03	3.6745E-01
1.3720000E+01	5.3658E-03	3.7876E-01
1.3730000E+01	5.5394E-03	3.8907E-01
1.3740000E+01	5.7252E-03	3.9910E-01
1.3750000E+01	5.8043E-03	4.0771E-01
1.3760000E+01	5.8331E-03	4.1574E-01
1.3770000E+01	5.7942E-03	4.2273E-01
1.3780000E+01	5.6207E-03	4.2839E-01
1.3790000E+01	5.3930E-03	4.3306E-01
1.3800000E+01	5.0900E-03	4.3674E-01
1.3810000E+01	4.6728E-03	4.3874E-01
1.3820000E+01	4.2297E-03	4.3975E-01
1.3830000E+01	3.7192E-03	4.3943E-01
1.3840000E+01	3.2298E-03	4.3810E-01
1.3850000E+01	2.6326E-03	4.3509E-01
1.3860000E+01	2.0300E-03	4.3110E-01
1.3870000E+01	1.4413E-03	4.2579E-01
1.3880000E+01	7.7854E-04	4.1940E-01
1.3890000E+01	2.4224E-04	4.1177E-01
1.3900000E+01	-3.9969E-04	4.0310E-01
1.3910000E+01	-9.6385E-04	3.9344E-01
1.3920000E+01	-1.5639E-03	3.8279E-01
1.3930000E+01	-2.0922E-03	3.7147E-01
1.3940000E+01	-2.6169E-03	3.5948E-01
1.3950000E+01	-3.0874E-03	3.4647E-01
1.3960000E+01	-3.5435E-03	3.3315E-01
1.3970000E+01	-3.9387E-03	3.1952E-01
1.3980000E+01	-4.3120E-03	3.0551E-01
1.3990000E+01	-4.6936E-03	2.9120E-01
1.4000000E+01	-5.0646E-03	2.7682E-01
1.4010000E+01	-5.3330E-03	2.6254E-01
1.4020000E+01	-5.6543E-03	2.4820E-01
1.4030000E+01	-5.8886E-03	2.3421E-01
1.4040000E+01	-6.1572E-03	2.2056E-01
1.4050000E+01	-6.3035E-03	2.0755E-01
1.4060000E+01	-6.4914E-03	1.9491E-01
1.4070000E+01	-6.5481E-03	1.8323E-01
1.4080000E+01	-6.6192E-03	1.7223E-01
1.4090000E+01	-6.6846E-03	1.6192E-01
1.4100000E+01	-6.6949E-03	1.5257E-01
1.4110000E+01	-6.5892E-03	1.4456E-01
1.4120000E+01	-6.4235E-03	1.3756E-01
1.4130000E+01	-6.2405E-03	1.3159E-01
1.4140000E+01	-6.0370E-03	1.2657E-01
1.4150000E+01	-5.6966E-03	1.2327E-01
1.4160000E+01	-5.3608E-03	1.2091E-01
1.4170000E+01	-4.9710E-03	1.1993E-01
1.4180000E+01	-4.5168E-03	1.2027E-01
1.4190000E+01	-4.0898E-03	1.2158E-01
1.4200000E+01	-3.5944E-03	1.2423E-01
1.4210000E+01	-3.0411E-03	1.2823E-01
1.4220000E+01	-2.5355E-03	1.3355E-01
1.4230000E+01	-1.9724E-03	1.3988E-01
1.4240000E+01	-1.4358E-03	1.4722E-01
1.4250000E+01	-9.0140E-04	1.5555E-01
1.4260000E+01	-3.5510E-04	1.6488E-01
1.4270000E+01	1.3023E-04	1.7486E-01
1.4280000E+01	6.7495E-04	1.8588E-01
1.4290000E+01	1.1476E-03	1.9719E-01
1.4300000E+01	1.6414E-03	2.0950E-01
1.4310000E+01	2.0809E-03	2.2185E-01
1.4320000E+01	2.5462E-03	2.3482E-01
1.4330000E+01	2.9346E-03	2.4783E-01
1.4340000E+01	3.3427E-03	2.6116E-01
1.4350000E+01	3.6973E-03	2.7448E-01
1.4360000E+01	3.9722E-03	2.8747E-01
1.4370000E+01	4.2017E-03	3.0013E-01
1.4380000E+01	4.5065E-03	3.1281E-01
1.4390000E+01	4.6952E-03	3.2478E-01
1.4400000E+01	4.9046E-03	3.3611E-01
1.4410000E+01	4.9843E-03	3.4678E-01
1.4420000E+01	5.1144E-03	3.5676E-01
1.4430000E+01	5.1565E-03	3.6581E-01
1.4440000E+01	5.1937E-03	3.7408E-01
1.4450000E+01	5.1133E-03	3.8109E-01
1.4460000E+01	5.0667E-03	3.8741E-01
1.4470000E+01	4.8291E-03	3.9208E-01
1.4480000E+01	4.6162E-03	3.9608E-01
1.4490000E+01	4.2887E-03	3.9843E-01
1.4500000E+01	3.9275E-03	3.9977E-01
1.4510000E+01	3.4611E-03	3.9977E-01
1.4520000E+01	3.0120E-03	3.9844E-01
1.4530000E+01	2.4457E-03	3.9576E-01
1.4540000E+01	1.9633E-03	3.9214E-01
1.4550000E+01	1.3858E-03	3.8715E-01
1.4560000E+01	8.6905E-04	3.8112E-01
1.4570000E+01	2.6493E-04	3.7381E-01
1.4580000E+01	-2.9672E-04	3.6514E-01
1.4590000E+01	-7.9634E-04	3.5578E-01
1.4600000E+01	-1.3373E-03	3.4547E-01
1.4610000E+01	-1.8394E-03	3.3413E-01
1.4620000E+01	-2.3170E-03	3.2214E-01
1.4630000E+01	-2.7654E-03	3.0949E-01
1.4640000E+01	-3.1713E-03	2.9648E-01
1.4650000E+01	-3.6135E-03	2.8286E-01
1.4660000E+01	-4.0227E-03	2.6884E-01
1.4670000E+01	-4.4082E-03	2.5455E-01
1.4680000E+01	-4.7863E-03	2.4021E-01
1.4690000E+01	-5.0846E-03	2.2586E-01
1.4700000E+01	-5.4250E-03	2.1153E-01
1.4710000E+01	-5.7110E-03	1.9755E-01
1.4720000E+01	-5.9120E-03	1.8392E-01
1.4730000E+01	-6.1674E-03	1.7056E-01
1.4740000E+01	-6.3426E-03	1.5789E-01
1.4750000E+01	-6.4902E-03	1.4586E-01
1.4760000E+01	-6.5797E-03	1.3460E-01
1.4770000E+01	-6.6127E-03	1.2423E-01
1.4780000E+01	-6.6078E-03	1.1490E-01
1.4790000E+01	-6.5772E-03	1.0623E-01
1.4800000E+01	-6.4352E-03	9.8906E-02
1.4810000E+01	-6.3155E-03	9.2567E-02
1.4820000E+01	-6.0909E-03	8.7572E-02
1.4830000E+01	-5.7998E-03	8.3928E-02
1.4840000E+01	-5.4504E-03	8.1276E-02
1.4850000E+01	-5.1102E-03	7.9922E-02
1.4860000E+01	-4.7075E-03	7.9914E-02
1.4870000E+01	-4.2001E-03	8.1263E-02
1.4880000E+01	-3.7518E-03	8.3550E-02
1.4890000E+01	-3.2486E-03	8.7214E-02
1.4900000E+01	-2.7305E-03	9.2216E-02
1.4910000E+01	-2.1975E-03	9.8238E-02
1.4920000E+01	-1.6545E-03	1.0523E-01
1.4930000E+01	-1.0634E-03	1.1355E-01
1.4940000E+01	-5.8333E-04	1.2256E-01
1.4950000E+01	-5.5802E-05	1.3258E-01
1.4960000E+01	4.5772E-04	1.4321E-01
1.4970000E+01	9.8833E-04	1.5457E-01
1.4980000E+01	1.4644E-03	1.6651E-01
1.4990000E+01	1.9283E-03	1.7886E-01
1.5000000E+01	2.3979E-03	1.9182E-01
1.5010000E+01	2.7816E-03	2.0485E-01
1.5020000E+01	3.2003E-03	2.1817E-01
1.5030000E+01	3.5239E-03	2.3116E-01
1.5040000E+01	3.8496E-03	2.4450E-01
1.5050000E+01	4.1209E-03	2.5717E-01
1.5060000E+01	4.3096E-03	2.6981E-01
1.5070000E+01	4.5424E-03	2.8179E-01
1.5080000E+01	4.6761E-03	2.9346E-01
1.5090000E+01	4.7780E-03	3.0448E-01
1.5100000E+01	4.8345E-03	3.1446E-01
1.5110000E+01	4.8953E-03	3.2382E-01
1.5120000E+01	4.8932E-03	3.3242E-01
1.5130000E+01	4.7818E-03	3.3975E-01
1.5140000E+01	4.6542E-03	3.4614E-01
1.5150000E+01	4.4852E-03	3.5111E-01
1.5160000E+01	4.2339E-03	3.5509E-01
1.5170000E+01	3.9957E-03	3.5812E-01
1.5180000E+01	3.6201E-03	3.5943E-01
1.5190000E+01	3.2601E-03	3.5977E-01
1.5200000E+01	2.8307E-03	3.5875E-01
1.5210000E+01	2.4010E-03	3.5677E-01
1.5220000E+01	1.8910E-03	3.5310E-01
1.5230000E+01	1.4377E-03	3.4847E-01
1.5240000E+01	9.1243E-04	3.4248E-01
1.5250000E+01	4.0949E-04	3.3550E-01
1.5260000E+01	-1.1364E-04	3.2714E-01
1.5270000E+01	-5.8047E-04	3.1814E-01
1.5280000E+01	-1.0885E-03	3.0783E-01
1.5290000E+01	-1.5877E-03	2.9681E-01
1.5300000E+01	-2.0254E-03	2.8517E-01
1.5310000E+01	-2.5072E-03	2.7250E-01
1.5320000E+01	-2.9728E-03	2.5952E-01
1.5330000E+01	-3.4122E-03	2.4584E-01
1.5340000E+01	-3.8040E-03	2.3220E-01
1.5350000E+01	-4.2210E-03	2.1788E-01
1.5360000E+01	-4.6202E-03	2.0355E-01
1.5370000E+01	-4.9680E-03	1.8922E-01
1.5380000E+01	-5.3089E-03	1.7490E-01
1.5390000E+01	-5.5973E-03	1.6060E-01
1.5400000E+01	-5.8561E-03	1.4690E-01
1.5410000E+01	-6.0775E-03	1.3359E-01
1.5420000E+01	-6.2599E-03	1.2091E-01
1.5430000E+01	-6.4411E-03	1.0857E-01
1.5440000E+01	-6.5501E-03	9.7269E-02
1.5450000E+01	-6.6108E-03	8.6602E-02
1.5460000E+01	-6.6207E-03	7.6940E-02
1.5470000E+01	-6.5961E-03	6.8277E-02
1.5480000E+01	-6.5206E-03	6.0605E-02
1.5490000E+01	-6.3827E-03	5.4309E-02
1.5500000E+01	-6.1730E-03	4.8947E-02
1.5510000E+01	-5.9428E-03	4.4560E-02
1.5520000E+01	-5.6284E-03	4.1933E-02
1.5530000E+01	-5.2629E-03	4.0257E-02
1.5540000E+01	-4.8412E-03	3.9947E-02
1.5550000E+01	-4.4469E-03	4.0625E-02
1.5560000E+01	-3.9431E-03	4.2918E-02
1.5570000E+01	-3.4565E-03	4.6224E-02
1.5580000E+01	-2.9326E-03	5.0908E-02
1.5590000E+01	-2.4342E-03	5.6592E-02
1.5600000E+01	-1.8575E-03	6.3570E-02
1.5610000E+01	-1.3247E-03	7.1607E-02
1.5620000E+01	-7.9861E-04	8.0259E-02
1.5630000E+01	-2.5113E-04	9.0191E-02
1.5640000E+01	2.4731E-04	1.0054E-01
1.5650000E+01	7.5803E-04	1.1189E-01
1.5660000E+01	1.2706E-03	1.2394E-01
1.5670000E+01	1.7493E-03	1.3623E-01
1.5680000E+01	2.1767E-03	1.4886E-01
1.5690000E+01	2.6021E-03	1.6187E-01
1.5700000E+01	2.9770E-03	1.7486E-01
1.5710000E+01	3.3505E-03	1.8816E-01
1.5720000E+01	3.6848E-03	2.0150E-01
1.5730000E+01	3.9310E-03	2.1416E-01
1.5740000E+01	4.2066E-03	2.2686E-01
1.5750000E+01	4.4333E-03	2.3917E-01
1.5760000E+01	4.5412E-03	2.5083E-01
1.5770000E+01	4.6601E-03	2.6180E-01
1.5780000E+01	4.7304E-03	2.7216E-01
1.5790000E+01	4.7617E-03	2.8178E-01
1.5800000E+01	4.7287E-03	2.9047E-01
1.5810000E+01	4.6349E-03	2.9817E-01
1.5820000E+01	4.5315E-03	3.0479E-01
1.5830000E+01	4.3411E-03	3.1010E-01
1.5840000E+01	4.0970E-03	3.1445E-01
1.5850000E+01	3.8491E-03	3.1748E-01
1.5860000E+01	3.5644E-03	3.1947E-01
1.5870000E+01	3.1727E-03	3.1980E-01
1.5880000E+01	2.7889E-03	3.1915E-01
1.5890000E+01	2.4054E-03	3.1746E-01
1.5900000E+01	1.9576E-03	3.1413E-01
1.5910000E+01	1.4918E-03	3.0980E-01
1.5920000E+01	1.0226E-03	3.0412E-01
1.5930000E+01	5.0738E-04	2.9717E-01
1.5940000E+01	3.7597E-05	2.8917E-01
1.5950000E+01	-4.1110E-04	2.8050E-01
1.5960000E+01	-9.3440E-04	2.7049E-01
1.5970000E+01	-1.4368E-03	2.5955E-01
1.5980000E+01	-1.9237E-03	2.4785E-01
1.5990000E+01	-2.3970E-03	2.3554E-01
1.6000000E+01	-2.8437E-03	2.2253E-01
1.6010000E+01	-3.2920E-03	2.0919E-01
1.6020000E+01	-3.7362E-03	1.9522E-01
1.6030000E+01	-4.1234E-03	1.8122E-01
1.6040000E+01	-4.5025E-03	1.6693E-01
1.6050000E+01	-4.8935E-03	1.5256E-01
1.6060000E+01	-5.2389E-03	1.3823E-01
1.6070000E+01	-5.5527E-03	1.2394E-01
1.6080000E+01	-5.7973E-03	1.1027E-01
1.6090000E+01	-6.0803E-03	9.6594E-02
1.6100000E+01	-6.2838E-03	8.3583E-02
1.6110000E+01	-6.4556E-03	7.1276E-02
1.6120000E+01	-6.5449E-03	5.9956E-02
1.6130000E+01	-6.6538E-03	4.8964E-02
1.6140000E+01	-6.7146E-03	3.8951E-02
1.6150000E+01	-6.6754E-03	3.0306E-02
1.6160000E+01	-6.6263E-03	2.2276E-02
1.6170000E+01	-6.4700E-03	1.5623E-02
1.6180000E+01	-6.3015E-03	9.9593E-03
1.6190000E+01	-6.0547E-03	5.6262E-03
1.6200000E+01	-5.8169E-03	2.2946E-03
1.6210000E+01	-5.4365E-03	6.1123E-04
1.6220000E+01	-5.0573E-03	-5.1468E-05
1.6230000E+01	-4.6596E-03	2.9954E-04
1.6240000E+01	-4.1774E-03	2.2822E-03
1.6250000E+01	-3.6617E-03	5.6270E-03
1.6260000E+01	-3.1497E-03	9.9668E-03
1.6270000E+01	-2.6613E-03	1.5280E-02
1.6280000E+01	-2.1366E-03	2.1934E-02
1.6290000E+01	-1.5685E-03	2.9600E-02
1.6300000E+01	-1.0276E-03	3.8284E-02
1.6310000E+01	-4.9163E-04	4.7954E-02
1.6320000E+01	2.3763E-05	5.8230E-02
1.6330000E+01	5.3006E-04	6.9249E-02
1.6340000E+01	9.9625E-04	8.0902E-02
1.6350000E+01	1.4874E-03	9.3218E-02
1.6360000E+01	1.9375E-03	1.0588E-01
1.6370000E+01	2.3971E-03	1.1889E-01
1.6380000E+01	2.7540E-03	1.3189E-01
1.6390000E+01	3.1861E-03	1.4523E-01
1.6400000E+01	3.4749E-03	1.5821E-01
1.6410000E+01	3.7869E-03	1.7120E-01
1.6420000E+01	4.0603E-03	1.8418E-01
1.6430000E+01	4.2860E-03	1.9648E-01
1.6440000E+01	4.4173E-03	2.0816E-01
1.6450000E+01	4.5812E-03	2.1953E-01
1.6460000E+01	4.6210E-03	2.2983E-01
1.6470000E+01	4.6831E-03	2.3982E-01
1.6480000E+01	4.6486E-03	2.4849E-01
1.6490000E+01	4.6153E-03	2.5648E-01
1.6500000E+01	4.4527E-03	2.6313E-01
1.6510000E+01	4.3041E-03	2.6881E-01
1.6520000E+01	4.1039E-03	2.7349E-01
1.6530000E+01	3.8625E-03	2.7680E-01
1.6540000E+01	3.5814E-03	2.7910E-01
1.6550000E+01	3.2256E-03	2.7982E-01
1.6560000E+01	2.8531E-03	2.7949E-01
1.6570000E+01	2.4782E-03	2.7780E-01
1.6580000E+01	2.0013E-03	2.7484E-01
1.6590000E+01	1.5913E-03	2.7082E-01
1.6600000E+01	1.1182E-03	2.6550E-01
1.6610000E+01	6.3529E-04	2.5882E-01
1.6620000E+01	1.2610E-04	2.5118E-01
1.6630000E+01	-3.3043E-04	2.4251E-01
1.6640000E+01	-8.3229E-04	2.3285E-01
1.6650000E+01	-1.3104E-03	2.2219E-01
1.6660000E+01	-1.7938E-03	2.1089E-01
1.6670000E+01	-2.3100E-03	1.9852E-01
1.6680000E+01	-2.7602E-03	1.8587E-01
1.6690000E+01	-3.1991E-03	1.7255E-01
1.6700000E+01	-3.6528E-03	1.5857E-01
1.6710000E+01	-4.0863E-03	1.4455E-01
1.6720000E+01	-4.4697E-03	1.3027E-01
1.6730000E+01	-4.8349E-03	1.1593E-01
1.6740000E+01	-5.2076E-03	1.0158E-01
1.6750000E+01	-5.5355E-03	8.7262E-02
1.6760000E+01	-5.8032E-03	7.3294E-02
1.6770000E+01	-6.0303E-03	5.9928E-02
1.6780000E+01	-6.2981E-03	4.6595E-02
1.6790000E+01	-6.4441E-03	3.4324E-02
1.6800000E+01	-6.5937E-03	2.2647E-02
1.6810000E+01	-6.6796E-03	1.1644E-02
1.6820000E+01	-6.7838E-03	1.2809E-03
1.6830000E+01	-6.7448E-03	-7.7100E-03
1.6840000E+01	-6.7278E-03	-1.6016E-02
1.6850000E+01	-6.6023E-03	-2.3013E-02
1.6860000E+01	-6.4321E-03	-2.8707E-02
1.6870000E+01	-6.2348E-03	-3.3693E-02
1.6880000E+01	-5.9144E-03	-3.7011E-02
1.6890000E+01	-5.5764E-03	-3.9025E-02
1.6900000E+01	-5.2233E-03	-4.0029E-02
1.6910000E+01	-4.8229E-03	-3.9714E-02
1.6920000E+01	-4.3853E-03	-3.8375E-02
1.6930000E+01	-3.9350E-03	-3.5360E-02
1.6940000E+01	-3.4134E-03	-3.1375E-02
1.6950000E+01	-2.9034E-03	-2.6048E-02
1.6960000E+01	-2.3412E-03	-1.9710E-02
1.6970000E+01	-1.8371E-03	-1.2406E-02
1.6980000E+01	-1.2883E-03	-3.7328E-03
1.6990000E+01	-7.4984E-04	5.6021E-03
1.7000000E+01	-2.5140E-04	1.5607E-02
1.7010000E+01	2.6429E-04	2.6587E-02
1.7020000E+01	7.8737E-04	3.8233E-02
1.7030000E+01	1.2657E-03	5.0239E-02
1.7040000E+01	1.7354E-03	6.2886E-02
1.7050000E+01	2.1655E-03	7.5886E-02
1.7060000E+01	2.5649E-03	8.8872E-02
1.7070000E+01	2.9716E-03	1.0220E-01
1.7080000E+01	3.3027E-03	1.1523E-01
1.7090000E+01	3.6083E-03	1.2818E-01
1.7100000E+01	3.9131E-03	1.4119E-01
1.7110000E+01	4.1160E-03	1.5352E-01
1.7120000E+01	4.3241E-03	1.6551E-01
1.7130000E+01	4.4180E-03	1.7688E-01
1.7140000E+01	4.5318E-03	1.8753E-01
1.7150000E+01	4.5827E-03	1.9753E-01
1.7160000E+01	4.5758E-03	2.0650E-01
1.7170000E+01	4.5476E-03	2.1485E-01
1.7180000E+01	4.4483E-03	2.2182E-01
1.7190000E+01	4.3107E-03	2.2785E-01
1.7200000E+01	4.0833E-03	2.3248E-01
1.7210000E+01	3.8228E-03	2.3619E-01
1.7220000E+01	3.6002E-03	2.3883E-01
1.7230000E+01	3.2224E-03	2.3984E-01
1.7240000E+01	2.9120E-03	2.3985E-01
1.7250000E+01	2.4919E-03	2.3852E-01
1.7260000E+01	2.0648E-03	2.3584E-01
1.7270000E+01	1.6026E-03	2.3184E-01
1.7280000E+01	1.1987E-03	2.2684E-01
1.7290000E+01	7.0454E-04	2.2050E-01
1.7300000E+01	2.1065E-04	2.1319E-01
1.7310000E+01	-3.1576E-04	2.0453E-01
1.7320000E+01	-7.1630E-04	1.9522E-01
1.7330000E+01	-1.2418E-03	1.8487E-01
1.7340000E+01	-1.7166E-03	1.7354E-01
1.7350000E+01	-2.1777E-03	1.6160E-01
1.7360000E+01	-2.7166E-03	1.4888E-01
1.7370000E+01	-3.1559E-03	1.3556E-01
1.7380000E+01	-3.5930E-03	1.2193E-01
1.7390000E+01	-3.9957E-03	1.0789E-01
1.7400000E+01	-4.4395E-03	9.3586E-02
1.7410000E+01	-4.8026E-03	7.9257E-02
1.7420000E+01	-5.1923E-03	6.4940E-02
1.7430000E+01	-5.4916E-03	5.0609E-02
1.7440000E+01	-5.7791E-03	3.6620E-02
1.7450000E+01	-6.0623E-03	2.2943E-02
1.7460000E+01	-6.2907E-03	9.6454E-03
1.7470000E+01	-6.5098E-03	-2.9983E-03
1.7480000E+01	-6.5903E-03	-1.4684E-02
1.7490000E+01	-6.7311E-03	-2.6037E-02
1.7500000E+01	-6.7839E-03	-3.6360E-02
1.7510000E+01	-6.8003E-03	-4.5663E-02
1.7520000E+01	-6.7624E-03	-5.4024E-02
1.7530000E+01	-6.6641E-03	-6.1379E-02
1.7540000E+01	-6.5656E-03	-6.7697E-02
1.7550000E+01	-6.3280E-03	-7.2672E-02
1.7560000E+01	-6.0809E-03	-7.6333E-02
1.7570000E+01	-5.7405E-03	-7.8696E-02
1.7580000E+01	-5.3970E-03	-8.0015E-02
1.7590000E+01	-4.9772E-03	-7.9996E-02
1.7600000E+01	-4.5342E-03	-7.8682E-02
1.7610000E+01	-4.0629E-03	-7.6013E-02
1.7620000E+01	-3.6036E-03	-7.2341E-02
1.7630000E+01	-3.1036E-03	-6.7399E-02
1.7640000E+01	-2.5900E-03	-6.1384E-02
1.7650000E+01	-2.0473E-03	-5.4044E-02
1.7660000E+01	-1.5454E-03	-4.6052E-02
1.7670000E+01	-9.8118E-04	-3.6694E-02
1.7680000E+01	-4.5180E-04	-2.6716E-02
1.7690000E+01	6.1607E-05	-1.6032E-02
1.7700000E+01	5.3268E-04	-4.7320E-03
1.7710000E+01	1.0492E-03	7.6119E-03
1.7720000E+01	1.5100E-03	1.9917E-02
1.7730000E+01	1.9759E-03	3.2901E-02
1.7740000E+01	2.3629E-03	4.5888E-02
1.7750000E+01	2.7493E-03	5.8898E-02
1.7760000E+01	3.1176E-03	7.2243E-02
1.7770000E+01	3.4267E-03	8.5252E-02
1.7780000E+01	3.7493E-03	9.8184E-02
1.7790000E+01	4.0042E-03	1.1090E-01
1.7800000E+01	4.1660E-03	1.2287E-01
1.7810000E+01	4.3297E-03	1.3422E-01
1.7820000E+01	4.4192E-03	1.4519E-01
1.7830000E+01	4.4727E-03	1.5521E-01
1.7840000E+01	4.5181E-03	1.6451E-01
1.7850000E+01	4.4627E-03	1.7285E-01
1.7860000E+01	4.3648E-03	1.8015E-01
1.7870000E+01	4.2391E-03	1.8653E-01
1.7880000E+01	4.0556E-03	1.9151E-01
1.7890000E+01	3.8335E-03	1.9552E-01
1.7900000E+01	3.5526E-03	1.9818E-01
1.7910000E+01	3.2888E-03	1.9985E-01
1.7920000E+01	2.9415E-03	1.9987E-01
1.7930000E+01	2.5041E-03	1.9887E-01
1.7940000E+01	2.1386E-03	1.9654E-01
1.7950000E+01	1.6620E-03	1.9289E-01
1.7960000E+01	1.2352E-03	1.8818E-01
1.7970000E+01	7.7669E-04	1.8221E-01
1.7980000E+01	2.6789E-04	1.7486E-01
1.7990000E+01	-1.8367E-04	1.6689E-01
1.8000000E+01	-6.7458E-04	1.5754E-01
1.8010000E+01	-1.2002E-03	1.4724E-01
1.8020000E+01	-1.6514E-03	1.3623E-01
1.8030000E+01	-2.1755E-03	1.2423E-01
1.8040000E+01	-2.6279E-03	1.1189E-01
1.8050000E+01	-3.1008E-03	9.8574E-02
1.8060000E+01	-3.5253E-03	8.5276E-02
1.8070000E+01	-3.9731E-03	7.1263E-02
1.8080000E+01	-4.3796E-03	5.6923E-02
1.8090000E+01	-4.7854E-03	4.2613E-02
1.8100000E+01	-5.1227E-03	2.8271E-02
1.8110000E+01	-5.4703E-03	1.3952E-02
1.8120000E+01	-5.7761E-03	-1.9585E-05
1.8130000E+01	-6.0946E-03	-1.4048E-02
1.8140000E+01	-6.2615E-03	-2.7384E-02
1.8150000E+01	-6.4755E-03	-4.0023E-02
1.8160000E+01	-6.6283E-03	-5.1968E-02
1.8170000E+01	-6.7288E-03	-6.3336E-02
1.8180000E+01	-6.7904E-03	-7.4028E-02
1.8190000E+01	-6.8422E-03	-8.3671E-02
1.8200000E+01	-6.7815E-03	-9.2339E-02
1.8210000E+01	-6.7166E-03	-9.9668E-02
1.8220000E+01	-6.5692E-03	-1.0629E-01
1.8230000E+01	-6.3313E-03	-1.1131E-01
1.8240000E+01	-6.1161E-03	-1.1566E-01
1.8250000E+01	-5.7966E-03	-1.1832E-01
1.8260000E+01	-5.4651E-03	-1.1965E-01
1.8270000E+01	-5.0827E-03	-1.2001E-01
1.8280000E+01	-4.6484E-03	-1.1900E-01
1.8290000E+01	-4.2091E-03	-1.1665E-01
1.8300000E+01	-3.7050E-03	-1.1332E-01
1.8310000E+01	-3.2543E-03	-1.0866E-01
1.8320000E+01	-2.7378E-03	-1.0271E-01
1.8330000E+01	-2.2089E-03	-9.5998E-02
1.8340000E+01	-1.7664E-03	-8.8032E-02
1.8350000E+01	-1.1856E-03	-7.9031E-02
1.8360000E+01	-6.1136E-04	-6.9015E-02
1.8370000E+01	-1.6087E-04	-5.8717E-02
1.8380000E+01	3.3943E-04	-4.7364E-02
1.8390000E+01	8.2462E-04	-3.5384E-02
1.8400000E+01	1.3124E-03	-2.3063E-02
1.8410000E+01	1.7449E-03	-1.0387E-02
1.8420000E+01	2.2176E-03	2.8996E-03
1.8430000E+01	2.5726E-03	1.5941E-02
1.8440000E+01	2.9520E-03	2.9270E-02
1.8450000E+01	3.2564E-03	4.2253E-02
1.8460000E+01	3.5659E-03	5.5222E-02
1.8470000E+01	3.8339E-03	6.7887E-02
1.8480000E+01	4.0045E-03	7.9904E-02
1.8490000E+01	4.1943E-03	9.1544E-02
1.8500000E+01	4.3546E-03	1.0288E-01
1.8510000E+01	4.3779E-03	1.1287E-01
1.8520000E+01	4.4136E-03	1.2252E-01
1.8530000E+01	4.3990E-03	1.3121E-01
1.8540000E+01	4.3019E-03	1.3853E-01
1.8550000E+01	4.2205E-03	1.4519E-01
1.8560000E+01	4.0315E-03	1.5052E-01
1.8570000E+01	3.8837E-03	1.5489E-01
1.8580000E+01	3.5560E-03	1.5786E-01
1.8590000E+01	3.2531E-03	1.5953E-01
1.8600000E+01	2.9261E-03	1.5987E-01
1.8610000E+01	2.5703E-03	1.5921E-01
1.8620000E+01	2.1808E-03	1.5720E-01
1.8630000E+01	1.7550E-03	1.5390E-01
1.8640000E+01	1.3129E-03	1.4952E-01
1.8650000E+01	8.3482E-04	1.4353E-01
1.8660000E+01	3.7852E-04	1.3689E-01
1.8670000E+01	-1.2224E-04	1.2890E-01
1.8680000E+01	-6.0090E-04	1.1990E-01
1.8690000E+01	-1.1006E-03	1.0989E-01
1.8700000E+01	-1.5986E-03	9.8917E-02
1.8710000E+01	-2.0837E-03	8.7245E-02
1.8720000E+01	-2.5438E-03	7.4902E-02
1.8730000E+01	-3.0162E-03	6.1912E-02
1.8740000E+01	-3.4961E-03	4.8288E-02
1.8750000E+01	-3.9064E-03	3.4612E-02
1.8760000E+01	-4.3712E-03	2.0279E-02
1.8770000E+01	-4.7357E-03	5.9698E-03
1.8780000E+01	-5.0893E-03	-8.3365E-03
1.8790000E+01	-5.4475E-03	-2.2707E-02
1.8800000E+01	-5.7787E-03	-3.7011E-02
1.8810000E+01	-6.0145E-03	-5.0714E-02
1.8820000E+01	-6.2248E-03	-6.3993E-02
1.8830000E+01	-6.4377E-03	-7.7023E-02
1.8840000E+01	-6.6007E-03	-8.9323E-02
1.8850000E+01	-6.7177E-03	-1.0102E-01
1.8860000E+01	-6.7684E-03	-1.1163E-01
1.8870000E+01	-6.7560E-03	-1.2132E-01
1.8880000E+01	-6.7568E-03	-1.3029E-01
1.8890000E+01	-6.6647E-03	-1.3799E-01
1.8900000E+01	-6.5243E-03	-1.4464E-01
1.8910000E+01	-6.3196E-03	-1.5029E-01
1.8920000E+01	-6.1105E-03	-1.5464E-01
1.8930000E+01	-5.8289E-03	-1.5763E-01
1.8940000E+01	-5.5096E-03	-1.5965E-01
1.8950000E+01	-5.1163E-03	-1.6001E-01
1.8960000E+01	-4.7555E-03	-1.5931E-01
1.8970000E+01	-4.2891E-03	-1.5733E-01
1.8980000E+01	-3.8245E-03	-1.5430E-01
1.8990000E+01	-3.3252E-03	-1.4968E-01
1.9000000E+01	-2.8562E-03	-1.4434E-01
1.9010000E+01	-2.3332E-03	-1.3767E-01
1.9020000E+01	-1.7821E-03	-1.2965E-01
1.9030000E+01	-1.3141E-03	-1.2100E-01
1.9040000E+01	-7.7904E-04	-1.1135E-01
1.9050000E+01	-2.9956E-04	-1.0100E-01
1.9060000E+01	1.9663E-04	-9.0042E-02
1.9070000E+01	6.8550E-04	-7.8050E-02
1.9080000E+01	1.1071E-03	-6.6070E-02
1.9090000E+01	1.5775E-03	-5.3389E-02
1.9100000E+01	2.0076E-03	-4.0394E-02
1.9110000E+01	2.4220E-03	-2.7049E-02
1.9120000E+01	2.7719E-03	-1.3749E-02
1.9130000E+01	3.1205E-03	-7.5918E-04
1.9140000E+01	3.4014E-03	1.2261E-02
1.9150000E+01	3.6677E-03	2.4905E-02
1.9160000E+01	3.8930E-03	3.7250E-02
1.9170000E+01	4.0809E-03	4.8900E-02
1.9180000E+01	4.2034E-03	6.0227E-02
1.9190000E+01	4.2725E-03	7.0569E-02
1.9200000E+01	4.3388E-03	8.0231E-02
1.9210000E+01	4.3628E-03	8.9206E-02
1.9220000E+01	4.2677E-03	9.6859E-02
1.9230000E+01	4.1782E-03	1.0354E-01
1.9240000E+01	3.9948E-03	1.0921E-01
1.9250000E+01	3.8318E-03	1.1387E-01
1.9260000E+01	3.5943E-03	1.1722E-01
1.9270000E+01	3.2974E-03	1.1921E-01
1.9280000E+01	2.9404E-03	1.1988E-01
1.9290000E+01	2.6221E-03	1.1954E-01
1.9300000E+01	2.2532E-03	1.1793E-01
1.9310000E+01	1.8317E-03	1.1486E-01
1.9320000E+01	1.3816E-03	1.1055E-01
1.9330000E+01	9.3843E-04	1.0523E-01
1.9340000E+01	4.6468E-04	9.8570E-02
1.9350000E+01	-1.4587E-07	9.0876E-02
1.9360000E+01	-5.1513E-04	8.1920E-02
1.9370000E+01	-1.0068E-03	7.2235E-02
1.9380000E+01	-1.5045E-03	6.1611E-02
1.9390000E+01	-1.9986E-03	4.9930E-02
1.9400000E+01	-2.4414E-03	3.7956E-02
1.9410000E+01	-2.9429E-03	2.4932E-02
1.9420000E+01	-3.4064E-03	1.1587E-02
1.9430000E+01	-3.8530E-03	-2.3806E-03
1.9440000E+01	-4.2584E-03	-1.6369E-02
1.9450000E+01	-4.6733E-03	-3.0704E-02
1.9460000E+01	-5.0202E-03	-4.5013E-02
1.9470000E+01	-5.3627E-03	-5.9342E-02
1.9480000E+01	-5.6898E-03	-7.3676E-02
1.9490000E+01	-5.9382E-03	-8.7677E-02
1.9500000E+01	-6.1655E-03	-1.0099E-01
1.9510000E+01	-6.3376E-03	-1.1395E-01
1.9520000E+01	-6.5209E-03	-1.2665E-01
1.9530000E+01	-6.6139E-03	-1.3830E-01
1.9540000E+01	-6.6970E-03	-1.4930E-01
1.9550000E+01	-6.6792E-03	-1.5931E-01
1.9560000E+01	-6.6841E-03	-1.6827E-01
1.9570000E+01	-6.5767E-03	-1.7629E-01
1.9580000E+01	-6.4707E-03	-1.8328E-01
1.9590000E+01	-6.2494E-03	-1.8895E-01
1.9600000E+01	-6.0652E-03	-1.9362E-01
1.9610000E+01	-5.7886E-03	-1.9698E-01
1.9620000E+01	-5.5045E-03	-1.9931E-01
1.9630000E+01	-5.0962E-03	-1.9997E-01
1.9640000E+01	-4.7354E-03	-1.9964E-01
1.9650000E+01	-4.3122E-03	-1.9795E-01
1.9660000E+01	-3.8636E-03	-1.9499E-01
1.9670000E+01	-3.4095E-03	-1.9095E-01
1.9680000E+01	-2.9080E-03	-1.8562E-01
1.9690000E+01	-2.4126E-03	-1.7932E-01
1.9700000E+01	-1.9210E-03	-1.7164E-01
1.9710000E+01	-1.4034E-03	-1.6329E-01
1.9720000E+01	-8.7914E-04	-1.5366E-01
1.9730000E+01	-4.1148E-04	-1.4368E-01
1.9740000E+01	5.8058E-05	-1.3268E-01
1.9750000E+01	5.8229E-04	-1.2101E-01
1.9760000E+01	1.0312E-03	-1.0870E-01
1.9770000E+01	1.4567E-03	-9.6354E-02
1.9780000E+01	1.8621E-03	-8.3358E-02
1.9790000E+01	2.3104E-03	-7.0056E-02
1.9800000E+01	2.6256E-03	-5.7012E-02
1.9810000E+01	2.9818E-03	-4.3759E-02
1.9820000E+01	3.2666E-03	-3.0739E-02
1.9830000E+01	3.5468E-03	-1.8048E-02
1.9840000E+01	3.7745E-03	-5.3959E-03
1.9850000E+01	3.9712E-03	6.2271E-03
1.9860000E+01	4.1008E-03	1.7604E-02
1.9870000E+01	4.1970E-03	2.8229E-02
1.9880000E+01	4.2809E-03	3.8231E-02
1.9890000E+01	4.3102E-03	4.7230E-02
1.9900000E+01	4.1869E-03	5.5220E-02
1.9910000E+01	4.1663E-03	6.2215E-02
1.9920000E+01	3.9913E-03	6.8226E-02
1.9930000E+01	3.8227E-03	7.2894E-02
1.9940000E+01	3.5884E-03	7.6544E-02
1.9950000E+01	3.3137E-03	7.8904E-02
1.9960000E+01	3.0027E-03	7.9890E-02
1.9970000E+01	2.6852E-03	7.9878E-02
1.9980000E+01	2.2414E-03	7.8225E-02
1.9990000E+01	1.9212E-03	7.5555E-02
2.0000000E+01	1.4672E-03	7.1599E-02
2.0010000E+01	1.0155E-03	6.6527E-02
2.0020000E+01	5.3169E-04	6.0256E-02
2.0030000E+01	7.6705E-05	5.2596E-02
2.0040000E+01	-4.3652E-04	4.4256E-02
2.0050000E+01	-9.0281E-04	3.4597E-02
2.0060000E+01	-1.4159E-03	2.4257E-02
2.0070000E+01	-1.8982E-03	1.2914E-02
2.0080000E+01	-2.4148E-03	6.4706E-04
2.0090000E+01	-2.8551E-03	-1.2012E-02
2.0100000E+01	-3.3163E-03	-2.5360E-02
2.0110000E+01	-3.7488E-03	-3.9085E-02
2.0120000E+01	-4.1621E-03	-5.3021E-02
2.0130000E+01	-4.5696E-03	-6.7370E-02
2.0140000E+01	-4.9421E-03	-8.1665E-02
2.0150000E+01	-5.2229E-03	-9.5968E-02
2.0160000E+01	-5.5248E-03	-1.1032E-01
2.0170000E+01	-5.7837E-03	-1.2433E-01
2.0180000E+01	-6.0606E-03	-1.3796E-01
2.0190000E+01	-6.2133E-03	-1.5093E-01
2.0200000E+01	-6.3673E-03	-1.6366E-01
2.0210000E+01	-6.4923E-03	-1.7564E-01
2.0220000E+01	-6.5539E-03	-1.8662E-01
2.0230000E+01	-6.5486E-03	-1.9696E-01
2.0240000E+01	-6.5496E-03	-2.0629E-01
2.0250000E+01	-6.4623E-03	-2.1463E-01
2.0260000E+01	-6.3898E-03	-2.2198E-01
2.0270000E+01	-6.1887E-03	-2.2796E-01
2.0280000E+01	-5.9769E-03	-2.3264E-01
2.0290000E+01	-5.7407E-03	-2.3631E-01
2.0300000E+01	-5.4637E-03	-2.3895E-01
2.0310000E+01	-5.0978E-03	-2.3993E-01
2.0320000E+01	-4.7445E-03	-2.3996E-01
2.0330000E+01	-4.3459E-03	-2.3863E-01
2.0340000E+01	-3.9046E-03	-2.3595E-01
2.0350000E+01	-3.4705E-03	-2.3196E-01
2.0360000E+01	-2.9630E-03	-2.2695E-01
2.0370000E+01	-2.4515E-03	-2.2064E-01
2.0380000E+01	-2.0076E-03	-2.1360E-01
2.0390000E+01	-1.5247E-03	-2.0531E-01
2.0400000E+01	-9.7334E-04	-1.9599E-01
2.0410000E+01	-5.1029E-04	-1.8599E-01
2.0420000E+01	-3.2139E-05	-1.7535E-01
2.0430000E+01	4.3830E-04	-1.6371E-01
2.0440000E+01	9.1803E-04	-1.5168E-01
2.0450000E+01	1.3508E-03	-1.3904E-01
2.0460000E+01	1.7475E-03	-1.2635E-01
2.0470000E+01	2.1532E-03	-1.1337E-01
2.0480000E+01	2.5351E-03	-9.9995E-02
