% # columns="iteration, evaluation, median sigmas, , 
1 15 0.1
2 26 0.1
3 37 0.09981178928170424
4 48 0.09981178928170424
5 59 0.0988461037731132
6 70 0.0988461037731132
7 81 0.09889970635153447
8 92 0.09889970635153447
9 103 0.09889970635153447
10 114 0.09889970635153447
11 125 0.10401525241299252
12 136 0.10401525241299252
13 147 0.10401525241299252
14 158 0.10180457290900644
15 169 0.10401525241299252
16 180 0.10401525241299252
17 191 0.10401525241299252
18 202 0.10401525241299252
19 213 0.10401525241299252
20 224 0.10562632625618061
21 235 0.107279916330677
22 246 0.107279916330677
23 257 0.10398447517535797
24 268 0.10398447517535797
25 279 0.10398447517535797
26 290 0.10398447517535797
27 301 0.10600544863161751
28 312 0.1064196679160303
29 323 0.1064196679160303
30 334 0.1064196679160303
31 345 0.1064196679160303
32 356 0.10895641527351829
33 367 0.11220042045991492
34 378 0.11154964021773332
35 389 0.11154964021773332
36 400 0.11485573967675748
37 411 0.11485573967675748
38 422 0.11485573967675748
39 433 0.11485573967675748
40 444 0.11485573967675748
41 455 0.11767200148936043
42 466 0.11767200148936043
43 477 0.11767200148936043
44 488 0.11767200148936043
45 499 0.12801388081482612
46 510 0.12801388081482612
47 521 0.12801388081482612
48 532 0.13158737956969063
49 543 0.13158737956969063
50 554 0.13704927017212237
51 565 0.13198341528948895
52 576 0.1429864172055472
53 587 0.1429864172055472
54 598 0.1429864172055472
55 609 0.1429864172055472
56 620 0.15554265296262762
57 631 0.14243122998555438
58 642 0.14243122998555438
59 653 0.14243122998555438
60 664 0.14243122998555438
61 675 0.14243122998555438
62 686 0.14243122998555438
63 697 0.14243122998555438
64 708 0.14641373226931287
65 719 0.14641373226931287
66 730 0.14641373226931287
67 741 0.14641373226931287
68 752 0.14641373226931287
69 763 0.14641373226931287
70 774 0.1482704568193917
71 785 0.1482704568193917
72 796 0.1482704568193917
73 807 0.15199931108020454
74 818 0.15199931108020454
75 829 0.15199931108020454
76 840 0.15199931108020454
77 851 0.15199931108020454
78 862 0.16069301113390289
79 873 0.16069301113390289
80 884 0.16069301113390289
81 895 0.16069301113390289
82 906 0.16069301113390289
83 917 0.16069301113390289
84 928 0.16473932636126795
85 939 0.166411626014903
86 950 0.166411626014903
87 961 0.166411626014903
88 972 0.15871738872689217
89 983 0.15871738872689217
90 994 0.15871738872689217
91 1005 0.15871738872689217
92 1016 0.15913720396929817
93 1027 0.15913720396929817
94 1038 0.15913720396929817
95 1049 0.15439731460140477
96 1060 0.15439731460140477
97 1071 0.15439731460140477
98 1082 0.15439731460140477
99 1093 0.15266289842927144
100 1104 0.15266289842927144
101 1115 0.15216027900251813
102 1126 0.15142511472706957
103 1137 0.15142511472706957
104 1148 0.15142511472706957
105 1159 0.15216027900251813
106 1170 0.15216027900251813
107 1181 0.15268035647178682
108 1192 0.15268035647178682
109 1203 0.15268035647178682
110 1214 0.15268035647178682
111 1225 0.15268035647178682
112 1236 0.15268035647178682
113 1247 0.15386415698570483
114 1258 0.15386415698570483
115 1269 0.15386415698570483
116 1280 0.15386415698570483
117 1291 0.15386415698570483
118 1302 0.17639747609471923
119 1313 0.17639747609471923
120 1324 0.17639747609471923
121 1335 0.17639747609471923
122 1346 0.17639747609471923
123 1357 0.18092426646279092
124 1368 0.17608797071172444
125 1379 0.17608797071172444
126 1390 0.17608797071172444
127 1401 0.17608797071172444
128 1412 0.17608797071172444
129 1423 0.17608797071172444
130 1434 0.17631753932948685
131 1445 0.17631753932948685
132 1456 0.17631753932948685
133 1467 0.1859712591457701
134 1478 0.1859712591457701
135 1489 0.1859712591457701
136 1500 0.18908848619554525
137 1511 0.18908848619554525
138 1522 0.18908848619554525
139 1533 0.18908848619554525
140 1544 0.18908848619554525
141 1555 0.18908848619554525
142 1566 0.18175028677942087
143 1577 0.18175028677942087
144 1588 0.18175028677942087
145 1599 0.17603973114223573
146 1610 0.17603973114223573
147 1621 0.17603973114223573
148 1632 0.17603973114223573
149 1643 0.1611031334661043
150 1654 0.1611031334661043
151 1665 0.1611031334661043
152 1676 0.14934722134612935
153 1687 0.14934722134612935
154 1698 0.14934722134612935
155 1709 0.14934722134612935
156 1720 0.14934722134612935
157 1731 0.14934722134612935
158 1742 0.14934722134612935
159 1753 0.14934722134612935
160 1764 0.14932262782610276
161 1775 0.14932262782610276
162 1786 0.13905986079088364
163 1797 0.13905986079088364
164 1808 0.13905986079088364
165 1819 0.13905986079088364
166 1830 0.13905986079088364
167 1841 0.13905986079088364
168 1852 0.13905986079088364
169 1863 0.13905986079088364
170 1874 0.14053530960035265
171 1885 0.14053530960035265
172 1896 0.1413075746541435
173 1907 0.1413075746541435
174 1918 0.1413075746541435
175 1929 0.1413075746541435
176 1940 0.1413075746541435
177 1951 0.1413075746541435
178 1962 0.133417397531194
179 1973 0.133417397531194
180 1984 0.133417397531194
181 1995 0.133417397531194
182 2006 0.1241617999760439
183 2017 0.1241617999760439
184 2028 0.11978146447038114
185 2039 0.11978146447038114
186 2050 0.11978146447038114
187 2061 0.11978146447038114
188 2072 0.11968150998991473
189 2083 0.11968150998991473
190 2094 0.11968150998991473
191 2105 0.11968150998991473
192 2116 0.11968150998991473
193 2127 0.11978203436512581
194 2138 0.11978203436512581
195 2149 0.11978203436512581
196 2160 0.11978203436512581
197 2171 0.11978203436512581
198 2182 0.11978203436512581
199 2193 0.11946545247152152
200 2204 0.11946545247152152
201 2215 0.11927047054682548
202 2226 0.119330191713297
203 2237 0.119330191713297
204 2248 0.119330191713297
205 2259 0.119330191713297
206 2270 0.119330191713297
207 2281 0.119330191713297
208 2292 0.119330191713297
209 2303 0.119330191713297
210 2314 0.12009951454203457
211 2325 0.12009951454203457
212 2336 0.12009951454203457
213 2347 0.10939355049763512
214 2358 0.10939355049763512
215 2369 0.10939355049763512
216 2380 0.10939355049763512
217 2391 0.1081326342736534
218 2402 0.10798473613830623
219 2413 0.10798473613830623
220 2424 0.10798473613830623
221 2435 0.10798473613830623
222 2446 0.10798473613830623
223 2457 0.1082143832850592
224 2468 0.1082143832850592
225 2479 0.1082143832850592
226 2490 0.1082143832850592
227 2501 0.1082143832850592
228 2512 0.10751634352733169
229 2523 0.1064006461221879
230 2534 0.1064006461221879
231 2545 0.1064006461221879
232 2556 0.10238743776954784
233 2567 0.10238743776954784
234 2578 0.10238743776954784
235 2589 0.09323717364219236
236 2600 0.09323717364219236
237 2611 0.09323717364219236
238 2622 0.09323717364219236
239 2633 0.08948867998650162
240 2644 0.08948867998650162
241 2655 0.08948867998650162
242 2666 0.08948867998650162
243 2677 0.08801911054063727
244 2688 0.08801911054063727
245 2699 0.08801911054063727
246 2710 0.07874080992915046
247 2721 0.07733265188938285
248 2732 0.07733265188938285
249 2743 0.07733265188938285
250 2754 0.07733265188938285
251 2765 0.07359115110948292
252 2776 0.0744461700067273
253 2787 0.0744461700067273
254 2798 0.0744461700067273
255 2809 0.0744461700067273
256 2820 0.0744461700067273
257 2831 0.07568908715933648
258 2842 0.07568908715933648
259 2853 0.07568908715933648
260 2864 0.07568908715933648
261 2875 0.07568908715933648
262 2886 0.07568908715933648
263 2897 0.07568908715933648
264 2908 0.07568908715933648
265 2919 0.0807992058849676
266 2930 0.0807992058849676
267 2941 0.0807992058849676
268 2952 0.08126981244003466
269 2963 0.08126981244003466
270 2974 0.08126981244003466
271 2985 0.08126981244003466
272 2996 0.08735180273222432
273 3007 0.08735180273222432
274 3018 0.08735180273222432
275 3029 0.08735180273222432
276 3040 0.08735180273222432
277 3051 0.08498946267985943
278 3062 0.08498946267985943
279 3073 0.08498946267985943
280 3084 0.08498946267985943
281 3095 0.08498946267985943
282 3106 0.08498946267985943
283 3117 0.08248114707247498
284 3128 0.08248114707247498
285 3139 0.0824871166241386
286 3150 0.0824871166241386
287 3161 0.0824871166241386
288 3172 0.0824871166241386
289 3183 0.0824871166241386
290 3194 0.0824445893361193
291 3205 0.0824445893361193
292 3216 0.0824445893361193
293 3227 0.07969631958801178
294 3238 0.07969631958801178
295 3249 0.07979398546200832
296 3260 0.08172050685590398
297 3271 0.08172050685590398
298 3282 0.08172050685590398
299 3293 0.08172050685590398
300 3304 0.08172050685590398
301 3315 0.08172050685590398
302 3326 0.08172050685590398
303 3337 0.08172050685590398
304 3348 0.07625605705407314
305 3359 0.07625605705407314
306 3370 0.07625605705407314
307 3381 0.0748972508868535
308 3392 0.0748972508868535
309 3403 0.07161883433567803
310 3414 0.07161883433567803
311 3425 0.07161883433567803
312 3436 0.07161883433567803
313 3447 0.07161883433567803
314 3458 0.07161883433567803
315 3469 0.06922275653508118
316 3480 0.06922275653508118
317 3491 0.06776534705852465
318 3502 0.06776534705852465
319 3513 0.06776534705852465
320 3524 0.06776534705852465
321 3535 0.06776534705852465
322 3546 0.06776534705852465
323 3557 0.06776534705852465
324 3568 0.06776534705852465
325 3579 0.06697683642630324
326 3590 0.06697683642630324
327 3601 0.06697683642630324
328 3612 0.06999951268629616
329 3623 0.06999951268629616
330 3634 0.06999951268629616
331 3645 0.06999951268629616
332 3656 0.06999951268629616
333 3667 0.07161557762305405
334 3678 0.07161557762305405
335 3689 0.07161557762305405
336 3700 0.07161557762305405
337 3711 0.07161557762305405
338 3722 0.07161557762305405
339 3733 0.06762066557672607
340 3744 0.06762066557672607
341 3755 0.06762066557672607
342 3766 0.06762066557672607
343 3777 0.06713574073698966
344 3788 0.06279970940945608
345 3799 0.06279970940945608
346 3810 0.06279970940945608
347 3821 0.06279970940945608
348 3832 0.06279970940945608
349 3843 0.06267380039800781
350 3854 0.06267380039800781
351 3865 0.06267380039800781
352 3876 0.06267380039800781
353 3887 0.05672890211650298
354 3898 0.05830855680171613
355 3909 0.05830855680171613
356 3920 0.05830855680171613
357 3931 0.05830855680171613
358 3942 0.06253816477531535
359 3953 0.06253816477531535
360 3964 0.06253816477531535
361 3975 0.06582891182771945
362 3986 0.06582891182771945
363 3997 0.06582891182771945
364 4008 0.06582891182771945
365 4019 0.06582891182771945
366 4030 0.06582891182771945
367 4041 0.06582891182771945
368 4052 0.06496966441457365
369 4063 0.06496966441457365
370 4074 0.06496966441457365
371 4085 0.06496966441457365
372 4096 0.06496966441457365
373 4107 0.06496966441457365
374 4118 0.06012976581158493
375 4129 0.06012976581158493
376 4140 0.06012976581158493
377 4151 0.06012976581158493
378 4162 0.06012976581158493
379 4173 0.055796017985262174
380 4184 0.055796017985262174
381 4195 0.055796017985262174
382 4206 0.055796017985262174
383 4217 0.053735899857103725
384 4228 0.053735899857103725
385 4239 0.053735899857103725
386 4250 0.05812772703183379
387 4261 0.05812772703183379
388 4272 0.05812772703183379
389 4283 0.05812772703183379
390 4294 0.05812772703183379
391 4305 0.05812772703183379
392 4316 0.05787459106969535
393 4327 0.05787459106969535
394 4338 0.05787459106969535
395 4349 0.05787459106969535
396 4360 0.05787459106969535
397 4371 0.05787459106969535
398 4382 0.05840684764345236
399 4393 0.05840684764345236
400 4404 0.05840684764345236
401 4415 0.05840684764345236
402 4426 0.05840684764345236
403 4437 0.05840684764345236
404 4448 0.059996040527391
405 4459 0.059996040527391
406 4470 0.059996040527391
407 4481 0.06160504757885975
408 4492 0.05733791304982618
409 4503 0.05733791304982618
410 4514 0.05733791304982618
411 4525 0.05733791304982618
412 4536 0.05733791304982618
413 4547 0.05733791304982618
414 4558 0.05733791304982618
415 4569 0.055867829991465695
416 4580 0.05187627710054984
417 4591 0.05187627710054984
418 4602 0.05187627710054984
419 4613 0.05187627710054984
420 4624 0.05187627710054984
421 4635 0.05136456046579111
422 4646 0.05136456046579111
423 4657 0.05136456046579111
424 4668 0.05136456046579111
425 4679 0.05136456046579111
426 4690 0.05136456046579111
427 4701 0.05136456046579111
428 4712 0.05136456046579111
429 4723 0.04990775270627881
430 4734 0.04990775270627881
431 4745 0.04965902962727551
432 4756 0.04965902962727551
433 4767 0.04965902962727551
434 4778 0.04965902962727551
435 4789 0.04965902962727551
436 4800 0.04965902962727551
437 4811 0.04898982345053895
438 4822 0.04898982345053895
439 4833 0.04898982345053895
440 4844 0.04898982345053895
441 4855 0.04898982345053895
442 4866 0.04898982345053895
443 4877 0.04898982345053895
444 4888 0.04578412924504336
445 4899 0.04578412924504336
446 4910 0.04578412924504336
447 4921 0.04578412924504336
448 4932 0.04578412924504336
449 4943 0.04527717055456248
450 4954 0.04527717055456248
451 4965 0.044624866386200036
452 4976 0.044624866386200036
453 4987 0.044624866386200036
454 4998 0.044624866386200036
455 5009 0.044624866386200036
456 5020 0.04650396681783162
457 5031 0.04650396681783162
458 5042 0.04650396681783162
459 5053 0.04650396681783162
460 5064 0.04650396681783162
461 5075 0.04650396681783162
462 5086 0.04650396681783162
463 5097 0.04650396681783162
464 5108 0.04650396681783162
465 5119 0.04672355642229996
466 5130 0.04672355642229996
467 5141 0.04672355642229996
468 5152 0.04592421057635265
469 5163 0.04592421057635265
470 5174 0.04592421057635265
471 5185 0.04592421057635265
472 5196 0.04592421057635265
473 5207 0.04592421057635265
474 5218 0.044980668185747745
475 5229 0.044980668185747745
476 5240 0.04276253605043954
477 5251 0.04276253605043954
478 5262 0.04276253605043954
479 5273 0.04276253605043954
480 5284 0.04276253605043954
481 5295 0.04276253605043954
482 5306 0.04276253605043954
483 5317 0.03989705725539803
484 5328 0.03989705725539803
485 5339 0.03989705725539803
486 5350 0.03989705725539803
487 5361 0.04087838490414115
488 5372 0.04087838490414115
489 5383 0.04087838490414115
490 5394 0.04087838490414115
491 5405 0.04087838490414115
492 5416 0.03737721482685062
493 5427 0.03737721482685062
494 5438 0.03737721482685062
495 5449 0.038178866713183046
496 5460 0.038178866713183046
497 5471 0.037308942835822825
498 5482 0.037308942835822825
499 5493 0.037308942835822825
500 5504 0.037308942835822825
501 5515 0.037308942835822825
502 5526 0.037308942835822825
503 5537 0.03930414812882051
504 5548 0.03930414812882051
505 5559 0.03930414812882051
506 5570 0.03930414812882051
507 5581 0.03930414812882051
508 5592 0.03930414812882051
509 5603 0.03930414812882051
510 5614 0.03907295681273172
511 5625 0.03907295681273172
512 5636 0.03907295681273172
513 5647 0.03623725769423265
514 5658 0.03623725769423265
515 5669 0.03623725769423265
516 5680 0.03623725769423265
517 5691 0.03623725769423265
518 5702 0.03623725769423265
519 5713 0.03623725769423265
520 5724 0.03507245002782093
521 5735 0.03507245002782093
522 5746 0.03507245002782093
523 5757 0.03507245002782093
524 5768 0.0333153743229167
525 5779 0.0333153743229167
526 5790 0.0333153743229167
527 5801 0.0333153743229167
528 5812 0.0333153743229167
529 5823 0.031187084677987708
530 5834 0.031187084677987708
531 5845 0.031187084677987708
532 5856 0.031187084677987708
533 5867 0.03114521999803411
534 5878 0.03114521999803411
535 5889 0.03114521999803411
536 5900 0.03114521999803411
537 5911 0.029020890196498225
538 5922 0.029020890196498225
539 5933 0.029020890196498225
540 5944 0.029020890196498225
541 5955 0.029020890196498225
542 5966 0.029020890196498225
543 5977 0.029020890196498225
544 5988 0.029020890196498225
545 5999 0.030838145002064877
546 6010 0.030838145002064877
547 6021 0.03213850524619392
548 6032 0.03213850524619392
549 6043 0.03213850524619392
550 6054 0.03213850524619392
551 6065 0.03213850524619392
552 6076 0.03213850524619392
553 6087 0.03213850524619392
554 6098 0.03265552786149493
555 6109 0.03265552786149493
556 6120 0.03265552786149493
557 6131 0.03265552786149493
558 6142 0.03265552786149493
559 6153 0.03265552786149493
560 6164 0.03219939424396997
561 6175 0.03219939424396997
562 6186 0.03219939424396997
563 6197 0.03219939424396997
564 6208 0.031832269170425344
565 6219 0.031832269170425344
566 6230 0.031832269170425344
567 6241 0.0306750720027058
568 6252 0.0306750720027058
569 6263 0.0306750720027058
570 6274 0.0306750720027058
571 6285 0.0306750720027058
572 6296 0.0306750720027058
573 6307 0.0306750720027058
574 6318 0.029756176767762155
575 6329 0.029756176767762155
576 6340 0.029756176767762155
577 6351 0.029756176767762155
578 6362 0.026731172612420993
579 6373 0.026731172612420993
580 6384 0.026731172612420993
581 6395 0.026731172612420993
582 6406 0.026731172612420993
583 6417 0.026939680169574477
584 6428 0.026939680169574477
585 6439 0.026939680169574477
586 6450 0.026939680169574477
587 6461 0.026939680169574477
588 6472 0.026034785742437918
589 6483 0.026034785742437918
590 6494 0.026034785742437918
591 6505 0.026034785742437918
592 6516 0.024926234708438126
593 6527 0.024926234708438126
594 6538 0.024926234708438126
595 6549 0.024926234708438126
596 6560 0.023486909563137526
597 6571 0.023486909563137526
598 6582 0.023486909563137526
599 6593 0.023486909563137526
600 6604 0.023486909563137526
601 6615 0.023486909563137526
602 6626 0.023486909563137526
603 6637 0.023486909563137526
604 6648 0.023486909563137526
605 6659 0.02199333791165001
606 6670 0.02199333791165001
607 6681 0.02199333791165001
608 6692 0.02199333791165001
609 6703 0.02199333791165001
610 6714 0.02038999461798926
611 6725 0.02038999461798926
612 6736 0.02038999461798926
613 6747 0.02103850107818084
614 6758 0.02103850107818084
615 6769 0.02103850107818084
616 6780 0.02103850107818084
617 6791 0.02103850107818084
618 6802 0.02103850107818084
619 6813 0.02316239706763896
620 6824 0.02316239706763896
621 6835 0.02316239706763896
622 6846 0.02316239706763896
623 6857 0.024633540117521762
624 6868 0.024633540117521762
625 6879 0.024633540117521762
626 6890 0.025072060626983923
627 6901 0.025072060626983923
628 6912 0.025072060626983923
629 6923 0.025072060626983923
630 6934 0.025072060626983923
631 6945 0.025072060626983923
632 6956 0.025072060626983923
633 6967 0.025072060626983923
634 6978 0.024998466740320562
635 6989 0.024998466740320562
636 7000 0.025370785808382753
637 7011 0.025370785808382753
638 7022 0.025370785808382753
639 7033 0.025370785808382753
640 7044 0.025370785808382753
641 7055 0.025370785808382753
642 7066 0.027458562055153717
643 7077 0.027458562055153717
644 7088 0.027458562055153717
645 7099 0.027458562055153717
646 7110 0.027458562055153717
647 7121 0.02826977546081711
648 7132 0.02826977546081711
649 7143 0.02826977546081711
650 7154 0.02826977546081711
651 7165 0.02826977546081711
652 7176 0.029329984114299715
653 7187 0.029329984114299715
654 7198 0.029329984114299715
655 7209 0.029329984114299715
656 7220 0.029329984114299715
657 7231 0.029329984114299715
658 7242 0.029329984114299715
659 7253 0.03073532718715356
660 7264 0.03073532718715356
661 7275 0.0301897567176768
662 7286 0.0301897567176768
663 7297 0.0301897567176768
664 7308 0.0301897567176768
665 7319 0.0301897567176768
666 7330 0.0301897567176768
667 7341 0.029425214012757005
668 7352 0.029425214012757005
669 7363 0.029425214012757005
670 7374 0.029425214012757005
671 7385 0.029425214012757005
672 7396 0.029425214012757005
673 7407 0.02849574497408605
674 7418 0.02849574497408605
675 7429 0.02849574497408605
676 7440 0.02849574497408605
677 7451 0.02849574497408605
678 7462 0.02880622761457217
679 7473 0.02880622761457217
680 7484 0.02880622761457217
681 7495 0.029814267414807888
682 7506 0.029814267414807888
683 7517 0.029814267414807888
684 7528 0.029814267414807888
685 7539 0.029814267414807888
686 7550 0.02933909507661911
687 7561 0.02933909507661911
688 7572 0.02933909507661911
689 7583 0.02933909507661911
690 7594 0.02933909507661911
691 7605 0.02933909507661911
692 7616 0.028583156328984848
693 7627 0.028583156328984848
694 7638 0.028583156328984848
695 7649 0.032212327311595366
696 7660 0.032212327311595366
697 7671 0.031488885443010144
698 7682 0.031488885443010144
699 7693 0.031488885443010144
700 7704 0.031488885443010144
701 7715 0.031488885443010144
702 7726 0.031488885443010144
703 7737 0.030922674951593117
704 7748 0.03368888150856787
705 7759 0.03368888150856787
706 7770 0.03368888150856787
707 7781 0.03368888150856787
708 7792 0.03368888150856787
709 7803 0.03264057357056758
710 7814 0.03264057357056758
711 7825 0.03264057357056758
712 7836 0.03264057357056758
713 7847 0.03401374173396074
714 7858 0.03401374173396074
715 7869 0.03401374173396074
716 7880 0.03469362976957835
717 7891 0.03469362976957835
718 7902 0.03469362976957835
719 7913 0.03469362976957835
720 7924 0.03469362976957835
721 7935 0.03469362976957835
722 7946 0.03469362976957835
723 7957 0.03469362976957835
724 7968 0.03202206476215884
725 7979 0.03202206476215884
726 7990 0.03202206476215884
727 8001 0.03202206476215884
728 8012 0.03202206476215884
729 8023 0.03202206476215884
730 8034 0.029535982605965284
731 8045 0.029535982605965284
732 8056 0.029535982605965284
733 8067 0.036668984028187086
734 8078 0.036668984028187086
735 8089 0.036668984028187086
736 8100 0.036668984028187086
737 8111 0.036668984028187086
738 8122 0.04358494379871589
739 8133 0.04358494379871589
740 8144 0.04358494379871589
741 8155 0.04358494379871589
742 8166 0.04358494379871589
743 8177 0.053966982176685496
744 8188 0.053966982176685496
745 8199 0.053966982176685496
746 8210 0.05379083647014668
747 8221 0.05379083647014668
748 8232 0.05379083647014668
749 8243 0.05379083647014668
750 8254 0.05379083647014668
751 8265 0.05262784646399372
752 8276 0.05262784646399372
753 8287 0.05262784646399372
754 8298 0.05262784646399372
755 8309 0.05262784646399372
756 8320 0.05262784646399372
757 8331 0.05262784646399372
758 8342 0.05596514379792713
759 8353 0.05596514379792713
760 8364 0.05596514379792713
761 8375 0.05596514379792713
762 8386 0.05596514379792713
763 8397 0.056854278413059144
764 8408 0.056854278413059144
765 8419 0.056854278413059144
766 8430 0.056854278413059144
767 8441 0.056854278413059144
768 8452 0.056736578279022815
769 8463 0.056736578279022815
770 8474 0.056736578279022815
771 8485 0.05923582831601035
772 8496 0.05923582831601035
773 8507 0.05923582831601035
774 8518 0.05923582831601035
775 8529 0.05923582831601035
776 8540 0.05923582831601035
777 8551 0.05923582831601035
778 8562 0.056040308908912255
779 8573 0.056040308908912255
780 8584 0.056040308908912255
781 8595 0.056040308908912255
782 8606 0.05187700231535619
783 8617 0.05187700231535619
784 8628 0.05187700231535619
785 8639 0.05187700231535619
786 8650 0.05187700231535619
787 8661 0.05187700231535619
788 8672 0.05187700231535619
789 8683 0.05187700231535619
790 8694 0.049626793060992554
791 8705 0.049626793060992554
792 8716 0.049626793060992554
793 8727 0.049626793060992554
794 8738 0.049626793060992554
795 8749 0.0520947631505476
796 8760 0.0520947631505476
797 8771 0.0520947631505476
798 8782 0.0520947631505476
799 8793 0.05451212166848544
800 8804 0.05451212166848544
801 8815 0.05451212166848544
802 8826 0.05451212166848544
803 8837 0.05451212166848544
804 8848 0.05934815488882225
805 8859 0.05934815488882225
806 8870 0.05934815488882225
807 8881 0.05934815488882225
808 8892 0.05934815488882225
809 8903 0.05934815488882225
810 8914 0.06224744488287169
811 8925 0.06224744488287169
812 8936 0.06224744488287169
813 8947 0.06224744488287169
814 8958 0.06224744488287169
815 8969 0.06287488799931269
816 8980 0.0664436008989507
817 8991 0.0664436008989507
818 9002 0.0664436008989507
819 9013 0.0664436008989507
820 9024 0.0664436008989507
821 9035 0.06875263917254575
822 9046 0.06875263917254575
823 9057 0.06875263917254575
824 9068 0.06875263917254575
825 9079 0.06875263917254575
826 9090 0.06408479050463606
827 9101 0.06408479050463606
828 9112 0.06408479050463606
829 9123 0.06408479050463606
830 9134 0.06408479050463606
831 9145 0.06408479050463606
832 9156 0.06408479050463606
833 9167 0.06408479050463606
834 9178 0.06408479050463606
835 9189 0.058013709910934685
836 9200 0.05490250543324535
837 9211 0.05490250543324535
838 9222 0.05490250543324535
839 9233 0.05490250543324535
840 9244 0.05490250543324535
841 9255 0.05490250543324535
842 9266 0.05490250543324535
843 9277 0.05096146886595805
844 9288 0.05096146886595805
845 9299 0.05096146886595805
846 9310 0.05096146886595805
847 9321 0.05096146886595805
848 9332 0.05096146886595805
849 9343 0.05096146886595805
850 9354 0.05108925114080836
851 9365 0.05108925114080836
852 9376 0.05278295725742234
853 9387 0.05278295725742234
854 9398 0.05278295725742234
855 9409 0.05278295725742234
856 9420 0.05278295725742234
857 9431 0.05278295725742234
858 9442 0.05278295725742234
859 9453 0.05278295725742234
860 9464 0.05678878100552442
861 9475 0.05841883732969423
862 9486 0.05841883732969423
863 9497 0.05841883732969423
864 9508 0.05841883732969423
865 9519 0.05841883732969423
866 9530 0.05841883732969423
867 9541 0.051617074053558844
868 9552 0.051617074053558844
869 9563 0.051617074053558844
870 9574 0.051617074053558844
871 9585 0.051617074053558844
872 9596 0.051617074053558844
873 9607 0.051617074053558844
874 9618 0.054406226255479556
875 9629 0.054406226255479556
876 9640 0.054406226255479556
877 9651 0.054406226255479556
878 9662 0.054406226255479556
879 9673 0.054406226255479556
880 9684 0.052422494877799264
881 9695 0.05079500630120224
882 9706 0.05079500630120224
883 9717 0.05079500630120224
884 9728 0.05079500630120224
885 9739 0.05079500630120224
886 9750 0.05079500630120224
887 9761 0.05079500630120224
888 9772 0.05079500630120224
889 9783 0.04704870553170343
890 9794 0.04704870553170343
891 9805 0.04704870553170343
892 9816 0.04704870553170343
893 9827 0.04704870553170343
894 9838 0.04772537264158994
895 9849 0.04772537264158994
896 9860 0.04772537264158994
897 9871 0.04772537264158994
898 9882 0.04772537264158994
899 9893 0.04356406434574788
900 9904 0.04356406434574788
901 9915 0.04356406434574788
902 9926 0.04356406434574788
903 9937 0.04356406434574788
904 9948 0.04356406434574788
905 9959 0.04471166345053289
906 9970 0.04471166345053289
907 9981 0.041484359785711286
908 9992 0.041484359785711286
909 10003 0.041484359785711286
910 10014 0.041484359785711286
911 10025 0.041484359785711286
912 10036 0.04029618918401708
913 10047 0.04029618918401708
914 10058 0.04029618918401708
915 10069 0.04029618918401708
916 10080 0.04029618918401708
917 10091 0.04029618918401708
918 10102 0.04029618918401708
919 10113 0.04029618918401708
920 10124 0.04201042979957643
921 10135 0.04201042979957643
922 10146 0.04029168960156666
923 10157 0.04029168960156666
924 10168 0.04029168960156666
925 10179 0.04029168960156666
926 10190 0.04029168960156666
927 10201 0.04038416566633529
928 10212 0.04038416566633529
929 10223 0.04038416566633529
930 10234 0.04038416566633529
931 10245 0.04038416566633529
932 10256 0.04038416566633529
933 10267 0.04186763711487227
934 10278 0.04186763711487227
935 10289 0.04186763711487227
936 10300 0.04186763711487227
937 10311 0.04186763711487227
938 10322 0.04186763711487227
939 10333 0.04186763711487227
940 10344 0.04387146256561804
941 10355 0.04387146256561804
942 10366 0.048265554372127706
943 10377 0.048265554372127706
944 10388 0.048265554372127706
945 10399 0.048265554372127706
946 10410 0.048265554372127706
947 10421 0.048265554372127706
948 10432 0.050167012729346545
949 10443 0.050167012729346545
950 10454 0.050167012729346545
951 10465 0.050167012729346545
952 10476 0.050167012729346545
953 10487 0.050167012729346545
954 10498 0.050167012729346545
955 10509 0.046191107249382746
956 10520 0.046191107249382746
957 10531 0.046191107249382746
958 10542 0.046191107249382746
959 10553 0.04274050772431776
960 10564 0.04274050772431776
961 10575 0.04274050772431776
962 10586 0.03971951218490911
963 10597 0.03971951218490911
964 10608 0.03971951218490911
965 10619 0.03971951218490911
966 10630 0.03971951218490911
967 10641 0.038223774897396534
968 10652 0.038223774897396534
969 10663 0.038223774897396534
970 10674 0.038223774897396534
971 10685 0.038223774897396534
972 10696 0.03503578986018596
973 10707 0.03503578986018596
974 10718 0.03503578986018596
975 10729 0.03503578986018596
976 10740 0.03503578986018596
977 10751 0.03500913668459327
978 10762 0.03500913668459327
979 10773 0.03500913668459327
980 10784 0.03500913668459327
981 10795 0.03500913668459327
982 10806 0.03500913668459327
983 10817 0.03500913668459327
984 10828 0.03500913668459327
985 10839 0.033586785538840015
986 10850 0.033586785538840015
987 10861 0.032677774745722456
988 10872 0.032677774745722456
989 10883 0.032677774745722456
990 10894 0.032677774745722456
991 10905 0.0342538429053082
992 10916 0.0342538429053082
993 10927 0.0342538429053082
994 10938 0.0342538429053082
995 10949 0.0342538429053082
996 10960 0.0342538429053082
997 10971 0.0342538429053082
998 10982 0.0342538429053082
999 10993 0.0342538429053082
1000 11004 0.03661767428781978
