% # columns="iteration, evaluation, median min stds, , 
1 15 0.1
2 26 0.1
3 37 0.09692992446375308
4 48 0.09692992446375308
5 59 0.09552785789268871
6 70 0.09692992446375308
7 81 0.09612452858837078
8 92 0.09612452858837078
9 103 0.09612452858837078
10 114 0.09612452858837078
11 125 0.09876733552788673
12 136 0.09876733552788673
13 147 0.09876733552788673
14 158 0.09152253189503995
15 169 0.09930600557832836
16 180 0.09930600557832836
17 191 0.09930600557832836
18 202 0.09930600557832836
19 213 0.09930600557832836
20 224 0.0994209616395648
21 235 0.10045407133514501
22 246 0.10045407133514501
23 257 0.09742894757979308
24 268 0.09742894757979308
25 279 0.09742894757979308
26 290 0.09742894757979308
27 301 0.10015341405305168
28 312 0.10015341405305168
29 323 0.10015341405305168
30 334 0.0991017559346254
31 345 0.0991017559346254
32 356 0.0991017559346254
33 367 0.10335572129414604
34 378 0.10152376563827689
35 389 0.10152376563827689
36 400 0.10302631090299672
37 411 0.10302631090299672
38 422 0.10290669622139839
39 433 0.10290669622139839
40 444 0.10290669622139839
41 455 0.10290669622139839
42 466 0.10290669622139839
43 477 0.10339618879725039
44 488 0.10339618879725039
45 499 0.10536068821897959
46 510 0.10574447619869044
47 521 0.10574447619869044
48 532 0.10771347145886283
49 543 0.10771347145886283
50 554 0.11805994108272772
51 565 0.11805994108272772
52 576 0.12212342773895295
53 587 0.12341973699517482
54 598 0.12341973699517482
55 609 0.12341973699517482
56 620 0.12341973699517482
57 631 0.11460096478936425
58 642 0.11460096478936425
59 653 0.11460096478936425
60 664 0.11460096478936425
61 675 0.11460096478936425
62 686 0.11460096478936425
63 697 0.11460096478936425
64 708 0.11634081622442152
65 719 0.11634081622442152
66 730 0.11634081622442152
67 741 0.11634081622442152
68 752 0.11634081622442152
69 763 0.11634081622442152
70 774 0.11988195808192754
71 785 0.11988195808192754
72 796 0.11988195808192754
73 807 0.12201739993324162
74 818 0.12201739993324162
75 829 0.12201739993324162
76 840 0.11739753241040855
77 851 0.11739753241040855
78 862 0.11739753241040855
79 873 0.11739753241040855
80 884 0.11739753241040855
81 895 0.11739753241040855
82 906 0.11739753241040855
83 917 0.11739753241040855
84 928 0.11739753241040855
85 939 0.10737446822421143
86 950 0.10737446822421143
87 961 0.10737446822421143
88 972 0.10737446822421143
89 983 0.10737446822421143
90 994 0.10244244425887838
91 1005 0.10244244425887838
92 1016 0.09948840852941147
93 1027 0.09948840852941147
94 1038 0.09948840852941147
95 1049 0.0959824961762475
96 1060 0.0959824961762475
97 1071 0.0959824961762475
98 1082 0.09551057671738264
99 1093 0.09551057671738264
100 1104 0.09551057671738264
101 1115 0.09551057671738264
102 1126 0.08992146125322671
103 1137 0.08992146125322671
104 1148 0.08992146125322671
105 1159 0.08992146125322671
106 1170 0.08992146125322671
107 1181 0.0877976731321241
108 1192 0.0877976731321241
109 1203 0.0877976731321241
110 1214 0.0877976731321241
111 1225 0.0877976731321241
112 1236 0.0877976731321241
113 1247 0.08851181788659844
114 1258 0.08851181788659844
115 1269 0.08851181788659844
116 1280 0.08851181788659844
117 1291 0.08851181788659844
118 1302 0.101007573870109
119 1313 0.101007573870109
120 1324 0.101007573870109
121 1335 0.101007573870109
122 1346 0.101007573870109
123 1357 0.11194011087348081
124 1368 0.11194011087348081
125 1379 0.11194011087348081
126 1390 0.11194011087348081
127 1401 0.1139044516120652
128 1412 0.1139044516120652
129 1423 0.1139044516120652
130 1434 0.10486041256179261
131 1445 0.10486041256179261
132 1456 0.10486041256179261
133 1467 0.10792747722184214
134 1478 0.10792747722184214
135 1489 0.10792747722184214
136 1500 0.09979192646736147
137 1511 0.09870069079524452
138 1522 0.09870069079524452
139 1533 0.09870069079524452
140 1544 0.09870069079524452
141 1555 0.09870069079524452
142 1566 0.09438228991748215
143 1577 0.0920792875850114
144 1588 0.0920792875850114
145 1599 0.07896907747532782
146 1610 0.07896907747532782
147 1621 0.07896907747532782
148 1632 0.07896907747532782
149 1643 0.06965335701303368
150 1654 0.06965335701303368
151 1665 0.07122618773937926
152 1676 0.07122618773937926
153 1687 0.07122618773937926
154 1698 0.07122618773937926
155 1709 0.07122618773937926
156 1720 0.06450353852429551
157 1731 0.06450353852429551
158 1742 0.06450353852429551
159 1753 0.06450353852429551
160 1764 0.06450353852429551
161 1775 0.06450353852429551
162 1786 0.06450353852429551
163 1797 0.06450353852429551
164 1808 0.06168477516459518
165 1819 0.06168477516459518
166 1830 0.06168477516459518
167 1841 0.05973812589186787
168 1852 0.05973812589186787
169 1863 0.05973812589186787
170 1874 0.05973812589186787
171 1885 0.05973812589186787
172 1896 0.05973812589186787
173 1907 0.05973812589186787
174 1918 0.05973812589186787
175 1929 0.05770570419250836
176 1940 0.060121174132298574
177 1951 0.060121174132298574
178 1962 0.060121174132298574
179 1973 0.060121174132298574
180 1984 0.060121174132298574
181 1995 0.060121174132298574
182 2006 0.060121174132298574
183 2017 0.060121174132298574
184 2028 0.05753632981019428
185 2039 0.05753632981019428
186 2050 0.05753632981019428
187 2061 0.05753632981019428
188 2072 0.05481284804880275
189 2083 0.05481284804880275
190 2094 0.05481284804880275
191 2105 0.05401000589613105
192 2116 0.05401000589613105
193 2127 0.05401000589613105
194 2138 0.05401000589613105
195 2149 0.05401000589613105
196 2160 0.05719033031350447
197 2171 0.05339955342852701
198 2182 0.05339955342852701
199 2193 0.05339955342852701
200 2204 0.05339955342852701
201 2215 0.05339955342852701
202 2226 0.05339955342852701
203 2237 0.05339955342852701
204 2248 0.05000818742821802
205 2259 0.05000818742821802
206 2270 0.05000818742821802
207 2281 0.05000818742821802
208 2292 0.049992402016031195
209 2303 0.049922439735905134
210 2314 0.049072729688936376
211 2325 0.049072729688936376
212 2336 0.049072729688936376
213 2347 0.049072729688936376
214 2358 0.041804516826829806
215 2369 0.041804516826829806
216 2380 0.041804516826829806
217 2391 0.041804516826829806
218 2402 0.038630201110368814
219 2413 0.038630201110368814
220 2424 0.038630201110368814
221 2435 0.038630201110368814
222 2446 0.038630201110368814
223 2457 0.0380468095308723
224 2468 0.0380468095308723
225 2479 0.0380468095308723
226 2490 0.0380468095308723
227 2501 0.0380468095308723
228 2512 0.03451098205073363
229 2523 0.03451098205073363
230 2534 0.03451098205073363
231 2545 0.03451098205073363
232 2556 0.029499259066589217
233 2567 0.029499259066589217
234 2578 0.029499259066589217
235 2589 0.029499259066589217
236 2600 0.029499259066589217
237 2611 0.029499259066589217
238 2622 0.029499259066589217
239 2633 0.027201028490927204
240 2644 0.027201028490927204
241 2655 0.027201028490927204
242 2666 0.027201028490927204
243 2677 0.02659704213116194
244 2688 0.02659704213116194
245 2699 0.02659704213116194
246 2710 0.026259037618180096
247 2721 0.026259037618180096
248 2732 0.026259037618180096
249 2743 0.026259037618180096
250 2754 0.024670878458628077
251 2765 0.024670878458628077
252 2776 0.027347368329894043
253 2787 0.027347368329894043
254 2798 0.027347368329894043
255 2809 0.027347368329894043
256 2820 0.027347368329894043
257 2831 0.026906863818323364
258 2842 0.026906863818323364
259 2853 0.026906863818323364
260 2864 0.026906863818323364
261 2875 0.026906863818323364
262 2886 0.026906863818323364
263 2897 0.026906863818323364
264 2908 0.026906863818323364
265 2919 0.027274663805170272
266 2930 0.027274663805170272
267 2941 0.027274663805170272
268 2952 0.026812220866996625
269 2963 0.026812220866996625
270 2974 0.026812220866996625
271 2985 0.026812220866996625
272 2996 0.02746042250464851
273 3007 0.02746042250464851
274 3018 0.02746042250464851
275 3029 0.02746042250464851
276 3040 0.02746042250464851
277 3051 0.026308361640458165
278 3062 0.026308361640458165
279 3073 0.026308361640458165
280 3084 0.026308361640458165
281 3095 0.026308361640458165
282 3106 0.026308361640458165
283 3117 0.024185983066206274
284 3128 0.024185983066206274
285 3139 0.024185983066206274
286 3150 0.024185983066206274
287 3161 0.02351777688897382
288 3172 0.02351777688897382
289 3183 0.02351777688897382
290 3194 0.02351777688897382
291 3205 0.02351777688897382
292 3216 0.02351777688897382
293 3227 0.02351777688897382
294 3238 0.02351777688897382
295 3249 0.023345036083511718
296 3260 0.022320351181157497
297 3271 0.022320351181157497
298 3282 0.022320351181157497
299 3293 0.022320351181157497
300 3304 0.022320351181157497
301 3315 0.022320351181157497
302 3326 0.022320351181157497
303 3337 0.022320351181157497
304 3348 0.02043263612047371
305 3359 0.02043263612047371
306 3370 0.02043263612047371
307 3381 0.018585910742120258
308 3392 0.018585910742120258
309 3403 0.018585910742120258
310 3414 0.018585910742120258
311 3425 0.018585910742120258
312 3436 0.018585910742120258
313 3447 0.018585910742120258
314 3458 0.016837005488516386
315 3469 0.016837005488516386
316 3480 0.016837005488516386
317 3491 0.016837005488516386
318 3502 0.016837005488516386
319 3513 0.016837005488516386
320 3524 0.01562840506305533
321 3535 0.01562840506305533
322 3546 0.01562840506305533
323 3557 0.01562840506305533
324 3568 0.015219885064447098
325 3579 0.015219885064447098
326 3590 0.015219885064447098
327 3601 0.014520625532628053
328 3612 0.014520625532628053
329 3623 0.014520625532628053
330 3634 0.014520625532628053
331 3645 0.014520625532628053
332 3656 0.014520625532628053
333 3667 0.014520625532628053
334 3678 0.013096251258366907
335 3689 0.013096251258366907
336 3700 0.013096251258366907
337 3711 0.013096251258366907
338 3722 0.013096251258366907
339 3733 0.013096251258366907
340 3744 0.011522835324709116
341 3755 0.010880132076073391
342 3766 0.010880132076073391
343 3777 0.010880132076073391
344 3788 0.010757616864994025
345 3799 0.010757616864994025
346 3810 0.010757616864994025
347 3821 0.010757616864994025
348 3832 0.010757616864994025
349 3843 0.010757616864994025
350 3854 0.01118596735718134
351 3865 0.01118596735718134
352 3876 0.01118596735718134
353 3887 0.01118596735718134
354 3898 0.011761486755208711
355 3909 0.011761486755208711
356 3920 0.011761486755208711
357 3931 0.011761486755208711
358 3942 0.012331532304455023
359 3953 0.012331532304455023
360 3964 0.012331532304455023
361 3975 0.012416647817051436
362 3986 0.012416647817051436
363 3997 0.012416647817051436
364 4008 0.012416647817051436
365 4019 0.012416647817051436
366 4030 0.012416647817051436
367 4041 0.012416647817051436
368 4052 0.012211840149498505
369 4063 0.012211840149498505
370 4074 0.012211840149498505
371 4085 0.012211840149498505
372 4096 0.012211840149498505
373 4107 0.012211840149498505
374 4118 0.011012340293862681
375 4129 0.011012340293862681
376 4140 0.011012340293862681
377 4151 0.011012340293862681
378 4162 0.011012340293862681
379 4173 0.010141473207005465
380 4184 0.010141473207005465
381 4195 0.010141473207005465
382 4206 0.010141473207005465
383 4217 0.009200078236090928
384 4228 0.009200078236090928
385 4239 0.009200078236090928
386 4250 0.009569520824897485
387 4261 0.009569520824897485
388 4272 0.009569520824897485
389 4283 0.009569520824897485
390 4294 0.009569520824897485
391 4305 0.009569520824897485
392 4316 0.009290894832359906
393 4327 0.009290894832359906
394 4338 0.009290894832359906
395 4349 0.009290894832359906
396 4360 0.009290894832359906
397 4371 0.009160879499251097
398 4382 0.009160879499251097
399 4393 0.009160879499251097
400 4404 0.009160879499251097
401 4415 0.009160879499251097
402 4426 0.008307637084756785
403 4437 0.008307637084756785
404 4448 0.008307637084756785
405 4459 0.008307637084756785
406 4470 0.008307637084756785
407 4481 0.008307637084756785
408 4492 0.007702819754297962
409 4503 0.007702819754297962
410 4514 0.007702819754297962
411 4525 0.007702819754297962
412 4536 0.007702819754297962
413 4547 0.007702819754297962
414 4558 0.007702819754297962
415 4569 0.007451564324362047
416 4580 0.006799327210484713
417 4591 0.006799327210484713
418 4602 0.006799327210484713
419 4613 0.006799327210484713
420 4624 0.006799327210484713
421 4635 0.006572076668704251
422 4646 0.006572076668704251
423 4657 0.006572076668704251
424 4668 0.006572076668704251
425 4679 0.006572076668704251
426 4690 0.006572076668704251
427 4701 0.006572076668704251
428 4712 0.006572076668704251
429 4723 0.006287698388934892
430 4734 0.006287698388934892
431 4745 0.006067635718781552
432 4756 0.006067635718781552
433 4767 0.006067635718781552
434 4778 0.006067635718781552
435 4789 0.006067635718781552
436 4800 0.006067635718781552
437 4811 0.005732558376219915
438 4822 0.005732558376219915
439 4833 0.005732558376219915
440 4844 0.005732558376219915
441 4855 0.005732558376219915
442 4866 0.005732558376219915
443 4877 0.005732558376219915
444 4888 0.004906512639376415
445 4899 0.004906512639376415
446 4910 0.004906512639376415
447 4921 0.004906512639376415
448 4932 0.004906512639376415
449 4943 0.00462908714924647
450 4954 0.00462908714924647
451 4965 0.004440550269817465
452 4976 0.004440550269817465
453 4987 0.004440550269817465
454 4998 0.004440550269817465
455 5009 0.004440550269817465
456 5020 0.00447514908793824
457 5031 0.00447514908793824
458 5042 0.00447514908793824
459 5053 0.00447514908793824
460 5064 0.00447514908793824
461 5075 0.00447514908793824
462 5086 0.00447514908793824
463 5097 0.00447514908793824
464 5108 0.00447514908793824
465 5119 0.004444453367026943
466 5130 0.004444453367026943
467 5141 0.004444453367026943
468 5152 0.004264834108665182
469 5163 0.004264834108665182
470 5174 0.004264834108665182
471 5185 0.004264834108665182
472 5196 0.004264834108665182
473 5207 0.004264834108665182
474 5218 0.004161004248389192
475 5229 0.004161004248389192
476 5240 0.0037884114495797677
477 5251 0.0037884114495797677
478 5262 0.0037884114495797677
479 5273 0.0037884114495797677
480 5284 0.0037884114495797677
481 5295 0.0037884114495797677
482 5306 0.0037884114495797677
483 5317 0.0034821249049571644
484 5328 0.0034821249049571644
485 5339 0.0034821249049571644
486 5350 0.0034821249049571644
487 5361 0.00340776836674681
488 5372 0.00340776836674681
489 5383 0.00340776836674681
490 5394 0.00340776836674681
491 5405 0.00340776836674681
492 5416 0.00302319705381854
493 5427 0.00302319705381854
494 5438 0.00302319705381854
495 5449 0.00302319705381854
496 5460 0.0026526418846581556
497 5471 0.0026526418846581556
498 5482 0.0026526418846581556
499 5493 0.0026526418846581556
500 5504 0.0026526418846581556
501 5515 0.002544577060675959
502 5526 0.002544577060675959
503 5537 0.002544577060675959
504 5548 0.002544577060675959
505 5559 0.002544577060675959
506 5570 0.002557168348558736
507 5581 0.002557168348558736
508 5592 0.002557168348558736
509 5603 0.002557168348558736
510 5614 0.002557168348558736
511 5625 0.002557168348558736
512 5636 0.002557168348558736
513 5647 0.002557168348558736
514 5658 0.002610591885720176
515 5669 0.002610591885720176
516 5680 0.0025621989940751632
517 5691 0.0025621989940751632
518 5702 0.0025621989940751632
519 5713 0.0025621989940751632
520 5724 0.0025621989940751632
521 5735 0.0025621989940751632
522 5746 0.0025621989940751632
523 5757 0.0025621989940751632
524 5768 0.0023652475023887413
525 5779 0.0023652475023887413
526 5790 0.0023652475023887413
527 5801 0.0023652475023887413
528 5812 0.0023652475023887413
529 5823 0.0021656246684764093
530 5834 0.0021656246684764093
531 5845 0.0021656246684764093
532 5856 0.0021656246684764093
533 5867 0.002152868038549583
534 5878 0.002152868038549583
535 5889 0.002152868038549583
536 5900 0.002152868038549583
537 5911 0.0018787798678955758
538 5922 0.0018787798678955758
539 5933 0.0018787798678955758
540 5944 0.0018787798678955758
541 5955 0.0018787798678955758
542 5966 0.0018787798678955758
543 5977 0.0018787798678955758
544 5988 0.0018787798678955758
545 5999 0.0019820935981274125
546 6010 0.0019820935981274125
547 6021 0.0018974994789373951
548 6032 0.0018974994789373951
549 6043 0.0018974994789373951
550 6054 0.0018974994789373951
551 6065 0.0018974994789373951
552 6076 0.0018974994789373951
553 6087 0.0018974994789373951
554 6098 0.0018572480132132778
555 6109 0.0018572480132132778
556 6120 0.0018572480132132778
557 6131 0.0018572480132132778
558 6142 0.0018572480132132778
559 6153 0.0018572480132132778
560 6164 0.001804106858317973
561 6175 0.001804106858317973
562 6186 0.001804106858317973
563 6197 0.001804106858317973
564 6208 0.001770813961334595
565 6219 0.001770813961334595
566 6230 0.001770813961334595
567 6241 0.0016302480510315518
568 6252 0.0016302480510315518
569 6263 0.0016302480510315518
570 6274 0.0016302480510315518
571 6285 0.0016302480510315518
572 6296 0.0016302480510315518
573 6307 0.0016302480510315518
574 6318 0.0015331755223380455
575 6329 0.0015331755223380455
576 6340 0.0015331755223380455
577 6351 0.0015331755223380455
578 6362 0.001280335559889649
579 6373 0.001280335559889649
580 6384 0.001280335559889649
581 6395 0.001280335559889649
582 6406 0.001280335559889649
583 6417 0.001280335559889649
584 6428 0.0010466727348857551
585 6439 0.0010466727348857551
586 6450 0.0010466727348857551
587 6461 0.0010466727348857551
588 6472 0.0010466727348857551
589 6483 0.0010466727348857551
590 6494 0.000895992954344982
591 6505 0.000895992954344982
592 6516 0.000895992954344982
593 6527 0.0009054427204221369
594 6538 0.0009054427204221369
595 6549 0.0009054427204221369
596 6560 0.0009054427204221369
597 6571 0.0008687013316059622
598 6582 0.0008687013316059622
599 6593 0.0008687013316059622
600 6604 0.0008687013316059622
601 6615 0.0008687013316059622
602 6626 0.0008687013316059622
603 6637 0.0008687013316059622
604 6648 0.0007771846302231994
605 6659 0.0007771846302231994
606 6670 0.0007771846302231994
607 6681 0.0007399380406107319
608 6692 0.0007399380406107319
609 6703 0.0007399380406107319
610 6714 0.0007399380406107319
611 6725 0.0007399380406107319
612 6736 0.0007399380406107319
613 6747 0.0007399380406107319
614 6758 0.0007988240395553586
615 6769 0.0007988240395553586
616 6780 0.0007988240395553586
617 6791 0.0007814597475038644
618 6802 0.0007814597475038644
619 6813 0.0007872910137346644
620 6824 0.0007872910137346644
621 6835 0.0007872910137346644
622 6846 0.0007872910137346644
623 6857 0.0008290536635830423
624 6868 0.0008290536635830423
625 6879 0.0008290536635830423
626 6890 0.0008114479589878071
627 6901 0.0008114479589878071
628 6912 0.0008114479589878071
629 6923 0.0008114479589878071
630 6934 0.0008114479589878071
631 6945 0.0008114479589878071
632 6956 0.0008114479589878071
633 6967 0.0008114479589878071
634 6978 0.0007846401842247323
635 6989 0.0007846401842247323
636 7000 0.000827483844773558
637 7011 0.000827483844773558
638 7022 0.000827483844773558
639 7033 0.000827483844773558
640 7044 0.000827483844773558
641 7055 0.000827483844773558
642 7066 0.0008701213426207353
643 7077 0.0008701213426207353
644 7088 0.0008701213426207353
645 7099 0.0008701213426207353
646 7110 0.0008701213426207353
647 7121 0.0008690146565106724
648 7132 0.0008690146565106724
649 7143 0.0008690146565106724
650 7154 0.0008690146565106724
651 7165 0.0008690146565106724
652 7176 0.0008627954323213734
653 7187 0.0008627954323213734
654 7198 0.0008627954323213734
655 7209 0.0008627954323213734
656 7220 0.0008627954323213734
657 7231 0.0008627954323213734
658 7242 0.0008627954323213734
659 7253 0.0008586577875591114
660 7264 0.0008586577875591114
661 7275 0.000821338712832463
662 7286 0.000821338712832463
663 7297 0.000821338712832463
664 7308 0.000821338712832463
665 7319 0.000821338712832463
666 7330 0.000821338712832463
667 7341 0.0007682408992033984
668 7352 0.0007682408992033984
669 7363 0.0007682408992033984
670 7374 0.0007682408992033984
671 7385 0.0007682408992033984
672 7396 0.0007682408992033984
673 7407 0.0007562049992133359
674 7418 0.0007562049992133359
675 7429 0.0007171584428184653
676 7440 0.0007171584428184653
677 7451 0.0007171584428184653
678 7462 0.000716651825016306
679 7473 0.000716651825016306
680 7484 0.000716651825016306
681 7495 0.0007091829403625391
682 7506 0.0007091829403625391
683 7517 0.0007500962790698677
684 7528 0.0007500962790698677
685 7539 0.0007500962790698677
686 7550 0.0007500962790698677
687 7561 0.0007500962790698677
688 7572 0.0007500962790698677
689 7583 0.0007629745876884753
690 7594 0.0007629745876884753
691 7605 0.0007629745876884753
692 7616 0.0007629745876884753
693 7627 0.0007629745876884753
694 7638 0.0007629745876884753
695 7649 0.0008536575604434226
696 7660 0.0008536575604434226
697 7671 0.0008186176681348938
698 7682 0.0008186176681348938
699 7693 0.0008186176681348938
700 7704 0.0008186176681348938
701 7715 0.0008186176681348938
702 7726 0.0008186176681348938
703 7737 0.0007895767558816809
704 7748 0.0007895767558816809
705 7759 0.0007895767558816809
706 7770 0.0007895767558816809
707 7781 0.0007768360272754129
708 7792 0.0007768360272754129
709 7803 0.0007768360272754129
710 7814 0.0007768360272754129
711 7825 0.0007535956458161234
712 7836 0.0007535956458161234
713 7847 0.0007535956458161234
714 7858 0.0007535956458161234
715 7869 0.0007535956458161234
716 7880 0.0007680813691230285
717 7891 0.0007680813691230285
718 7902 0.0007680813691230285
719 7913 0.0007680813691230285
720 7924 0.0007680813691230285
721 7935 0.0007680813691230285
722 7946 0.0007680813691230285
723 7957 0.0007680813691230285
724 7968 0.0006841857974919333
725 7979 0.0006841857974919333
726 7990 0.0006841857974919333
727 8001 0.0006841857974919333
728 8012 0.000694969274273103
729 8023 0.000694969274273103
730 8034 0.000694969274273103
731 8045 0.000694969274273103
732 8056 0.000694969274273103
733 8067 0.0008895438216510238
734 8078 0.0008895438216510238
735 8089 0.0008895438216510238
736 8100 0.0008895438216510238
737 8111 0.0008895438216510238
738 8122 0.001028738410891026
739 8133 0.001028738410891026
740 8144 0.001028738410891026
741 8155 0.001028738410891026
742 8166 0.001028738410891026
743 8177 0.001028738410891026
744 8188 0.000979303520035111
745 8199 0.000979303520035111
746 8210 0.0009023795258892365
747 8221 0.0009023795258892365
748 8232 0.0009023795258892365
749 8243 0.0009023795258892365
750 8254 0.0009023795258892365
751 8265 0.0008794120576152072
752 8276 0.0008794120576152072
753 8287 0.0008794120576152072
754 8298 0.0008794120576152072
755 8309 0.0008794120576152072
756 8320 0.0008794120576152072
757 8331 0.0008794120576152072
758 8342 0.0009108668490646942
759 8353 0.0009108668490646942
760 8364 0.0009108668490646942
761 8375 0.0009108668490646942
762 8386 0.0009108668490646942
763 8397 0.0009060932936819086
764 8408 0.0009060932936819086
765 8419 0.0009060932936819086
766 8430 0.0009060932936819086
767 8441 0.0009060932936819086
768 8452 0.0008854118001080396
769 8463 0.0008854118001080396
770 8474 0.0008854118001080396
771 8485 0.0009198661700709781
772 8496 0.0009198661700709781
773 8507 0.0009198661700709781
774 8518 0.0009198661700709781
775 8529 0.0009198661700709781
776 8540 0.0009198661700709781
777 8551 0.0009198661700709781
778 8562 0.0008636069962773831
779 8573 0.0008636069962773831
780 8584 0.0008636069962773831
781 8595 0.0008636069962773831
782 8606 0.0007522296636915858
783 8617 0.0007522296636915858
784 8628 0.0007522296636915858
785 8639 0.0007522296636915858
786 8650 0.0007522296636915858
787 8661 0.0007522296636915858
788 8672 0.0007522296636915858
789 8683 0.0007522296636915858
790 8694 0.0007263172094164817
791 8705 0.0007263172094164817
792 8716 0.0007263172094164817
793 8727 0.0007263172094164817
794 8738 0.0007263172094164817
795 8749 0.0007738762693506667
796 8760 0.0007738762693506667
797 8771 0.0007738762693506667
798 8782 0.0007738762693506667
799 8793 0.0007965886332627743
800 8804 0.0007965886332627743
801 8815 0.0007965886332627743
802 8826 0.0007965886332627743
803 8837 0.0007965886332627743
804 8848 0.0008567717011944408
805 8859 0.0008567717011944408
806 8870 0.0008567717011944408
807 8881 0.0008567717011944408
808 8892 0.0008567717011944408
809 8903 0.0008567717011944408
810 8914 0.0008955454862778776
811 8925 0.0008955454862778776
812 8936 0.0008955454862778776
813 8947 0.0008955454862778776
814 8958 0.0008955454862778776
815 8969 0.0009187493887543055
816 8980 0.0009237889314377956
817 8991 0.0009237889314377956
818 9002 0.0009237889314377956
819 9013 0.0009237889314377956
820 9024 0.0009237889314377956
821 9035 0.0009616451189370835
822 9046 0.0009616451189370835
823 9057 0.0009616451189370835
824 9068 0.0009616451189370835
825 9079 0.0009616451189370835
826 9090 0.0008699673537831862
827 9101 0.0008699673537831862
828 9112 0.0008699673537831862
829 9123 0.0008699673537831862
830 9134 0.0008699673537831862
831 9145 0.0008699673537831862
832 9156 0.0008699673537831862
833 9167 0.0008699673537831862
834 9178 0.0008699673537831862
835 9189 0.0007835121633748703
836 9200 0.0007835121633748703
837 9211 0.0007929484485960478
838 9222 0.0007929484485960478
839 9233 0.0007929484485960478
840 9244 0.0007929484485960478
841 9255 0.0007929484485960478
842 9266 0.0008107873576717623
843 9277 0.0008107873576717623
844 9288 0.0008107873576717623
845 9299 0.0008107873576717623
846 9310 0.0008107873576717623
847 9321 0.0008107873576717623
848 9332 0.0008224219119212617
849 9343 0.0008224219119212617
850 9354 0.0008224219119212617
851 9365 0.0008224219119212617
852 9376 0.0008152797171494731
853 9387 0.0008152797171494731
854 9398 0.0008152797171494731
855 9409 0.0008152797171494731
856 9420 0.0008152797171494731
857 9431 0.0008152797171494731
858 9442 0.0008152797171494731
859 9453 0.0008152797171494731
860 9464 0.0008616155961109621
861 9475 0.0008396697420337736
862 9486 0.0008396697420337736
863 9497 0.0008396697420337736
864 9508 0.0008396697420337736
865 9519 0.0008396697420337736
866 9530 0.0008396697420337736
867 9541 0.0007245623923313649
868 9552 0.0007245623923313649
869 9563 0.0007245623923313649
870 9574 0.0007245623923313649
871 9585 0.0007245623923313649
872 9596 0.0007245623923313649
873 9607 0.0007245623923313649
874 9618 0.0007313206224295104
875 9629 0.0007313206224295104
876 9640 0.0007313206224295104
877 9651 0.0007313206224295104
878 9662 0.0007313206224295104
879 9673 0.0007313206224295104
880 9684 0.0006779578547732855
881 9695 0.000656616410876677
882 9706 0.000656616410876677
883 9717 0.000656616410876677
884 9728 0.000656616410876677
885 9739 0.000656616410876677
886 9750 0.000656616410876677
887 9761 0.000656616410876677
888 9772 0.000656616410876677
889 9783 0.0006109393878685285
890 9794 0.0006109393878685285
891 9805 0.0006109393878685285
892 9816 0.0006109393878685285
893 9827 0.0006109393878685285
894 9838 0.0006015651269882634
895 9849 0.0006015651269882634
896 9860 0.0006015651269882634
897 9871 0.0006015651269882634
898 9882 0.0006015651269882634
899 9893 0.0005375437652119635
900 9904 0.0005375437652119635
901 9915 0.0005375437652119635
902 9926 0.0005375437652119635
903 9937 0.0005375437652119635
904 9948 0.0005375437652119635
905 9959 0.0005315192591211581
906 9970 0.0005315192591211581
907 9981 0.00046732894868625687
908 9992 0.00046732894868625687
909 10003 0.00046732894868625687
910 10014 0.00046732894868625687
911 10025 0.00046732894868625687
912 10036 0.00045022868081604417
913 10047 0.00045022868081604417
914 10058 0.00045022868081604417
915 10069 0.00045022868081604417
916 10080 0.00045022868081604417
917 10091 0.00045022868081604417
918 10102 0.00045022868081604417
919 10113 0.00045022868081604417
920 10124 0.0004584853998077387
921 10135 0.0004584853998077387
922 10146 0.0004238242330056515
923 10157 0.0004238242330056515
924 10168 0.0004238242330056515
925 10179 0.0004238242330056515
926 10190 0.0004238242330056515
927 10201 0.0004252786485701579
928 10212 0.0004252786485701579
929 10223 0.0004252786485701579
930 10234 0.0004252786485701579
931 10245 0.0004252786485701579
932 10256 0.0004252786485701579
933 10267 0.0004434117458308878
934 10278 0.0004434117458308878
935 10289 0.0004434117458308878
936 10300 0.0004434117458308878
937 10311 0.0004434117458308878
938 10322 0.0004434117458308878
939 10333 0.0004434117458308878
940 10344 0.00047158743772447113
941 10355 0.00047158743772447113
942 10366 0.0005359123345494432
943 10377 0.0005359123345494432
944 10388 0.0005359123345494432
945 10399 0.0005359123345494432
946 10410 0.0005359123345494432
947 10421 0.0005359123345494432
948 10432 0.0005423982283782983
949 10443 0.0005423982283782983
950 10454 0.0005423982283782983
951 10465 0.0005423982283782983
952 10476 0.0005423982283782983
953 10487 0.0005423982283782983
954 10498 0.0005423982283782983
955 10509 0.00047977736640971867
956 10520 0.00047977736640971867
957 10531 0.00047977736640971867
958 10542 0.00047977736640971867
959 10553 0.0004353241955393669
960 10564 0.0004353241955393669
961 10575 0.0004353241955393669
962 10586 0.00041185313345588334
963 10597 0.00041185313345588334
964 10608 0.00041185313345588334
965 10619 0.00041185313345588334
966 10630 0.00041185313345588334
967 10641 0.0003908982189840769
968 10652 0.0003908982189840769
969 10663 0.0003908982189840769
970 10674 0.0003908982189840769
971 10685 0.0003908982189840769
972 10696 0.0003442328079695122
973 10707 0.0003442328079695122
974 10718 0.0003442328079695122
975 10729 0.0003442328079695122
976 10740 0.0003442328079695122
977 10751 0.00033800192105323107
978 10762 0.00033800192105323107
979 10773 0.00033800192105323107
980 10784 0.00033800192105323107
981 10795 0.00033800192105323107
982 10806 0.00033800192105323107
983 10817 0.00033800192105323107
984 10828 0.00033800192105323107
985 10839 0.0003147252243545597
986 10850 0.0003147252243545597
987 10861 0.00029933161450013357
988 10872 0.00029933161450013357
989 10883 0.00029933161450013357
990 10894 0.00029933161450013357
991 10905 0.0003098592267654482
992 10916 0.0003098592267654482
993 10927 0.0003098592267654482
994 10938 0.0003098592267654482
995 10949 0.0003098592267654482
996 10960 0.0003098592267654482
997 10971 0.0003098592267654482
998 10982 0.0003098592267654482
999 10993 0.0003098592267654482
1000 11004 0.0003355364115446125
