% # columns="iter, evals, first quartile nondom offspring and incumbent, median nondom offspring and incumbent, last quartile nondom offspring and incumbent, 
1 15 0.0 0.0 0.0
2 26 0.0 0.0 0.09090909090909091
3 37 0.0 0.09090909090909091 0.09090909090909091
4 48 0.09090909090909091 0.09090909090909091 0.09090909090909091
5 59 0.09090909090909091 0.09090909090909091 0.09090909090909091
6 70 0.09090909090909091 0.09090909090909091 0.09090909090909091
7 81 0.09090909090909091 0.09090909090909091 0.09090909090909091
8 92 0.09090909090909091 0.09090909090909091 0.09090909090909091
9 103 0.09090909090909091 0.09090909090909091 0.09090909090909091
10 114 0.09090909090909091 0.09090909090909091 0.09090909090909091
11 125 0.09090909090909091 0.09090909090909091 0.09090909090909091
12 136 0.09090909090909091 0.09090909090909091 0.18181818181818182
13 147 0.09090909090909091 0.09090909090909091 0.18181818181818182
14 158 0.09090909090909091 0.18181818181818182 0.18181818181818182
15 169 0.09090909090909091 0.18181818181818182 0.18181818181818182
16 180 0.09090909090909091 0.09090909090909091 0.18181818181818182
17 191 0.09090909090909091 0.09090909090909091 0.18181818181818182
18 202 0.09090909090909091 0.18181818181818182 0.18181818181818182
19 213 0.09090909090909091 0.18181818181818182 0.18181818181818182
20 224 0.09090909090909091 0.18181818181818182 0.18181818181818182
21 235 0.09090909090909091 0.18181818181818182 0.18181818181818182
22 246 0.18181818181818182 0.18181818181818182 0.18181818181818182
23 257 0.18181818181818182 0.18181818181818182 0.18181818181818182
24 268 0.18181818181818182 0.18181818181818182 0.18181818181818182
25 279 0.18181818181818182 0.18181818181818182 0.18181818181818182
26 290 0.09090909090909091 0.18181818181818182 0.18181818181818182
27 301 0.09090909090909091 0.18181818181818182 0.2727272727272727
28 312 0.09090909090909091 0.18181818181818182 0.18181818181818182
29 323 0.09090909090909091 0.18181818181818182 0.18181818181818182
30 334 0.09090909090909091 0.18181818181818182 0.18181818181818182
31 345 0.18181818181818182 0.18181818181818182 0.18181818181818182
32 356 0.18181818181818182 0.18181818181818182 0.18181818181818182
33 367 0.09090909090909091 0.18181818181818182 0.18181818181818182
34 378 0.09090909090909091 0.18181818181818182 0.18181818181818182
35 389 0.09090909090909091 0.18181818181818182 0.18181818181818182
36 400 0.09090909090909091 0.09090909090909091 0.18181818181818182
37 411 0.09090909090909091 0.18181818181818182 0.18181818181818182
38 422 0.09090909090909091 0.18181818181818182 0.18181818181818182
39 433 0.09090909090909091 0.09090909090909091 0.18181818181818182
40 444 0.09090909090909091 0.09090909090909091 0.18181818181818182
41 455 0.09090909090909091 0.18181818181818182 0.18181818181818182
42 466 0.09090909090909091 0.18181818181818182 0.18181818181818182
43 477 0.09090909090909091 0.18181818181818182 0.18181818181818182
44 488 0.09090909090909091 0.18181818181818182 0.18181818181818182
45 499 0.09090909090909091 0.18181818181818182 0.18181818181818182
46 510 0.09090909090909091 0.18181818181818182 0.18181818181818182
47 521 0.09090909090909091 0.18181818181818182 0.18181818181818182
48 532 0.09090909090909091 0.09090909090909091 0.18181818181818182
49 543 0.09090909090909091 0.09090909090909091 0.18181818181818182
50 554 0.09090909090909091 0.09090909090909091 0.09090909090909091
51 565 0.09090909090909091 0.09090909090909091 0.18181818181818182
52 576 0.09090909090909091 0.09090909090909091 0.18181818181818182
53 587 0.09090909090909091 0.09090909090909091 0.09090909090909091
54 598 0.09090909090909091 0.09090909090909091 0.18181818181818182
55 609 0.09090909090909091 0.09090909090909091 0.18181818181818182
56 620 0.09090909090909091 0.09090909090909091 0.18181818181818182
57 631 0.09090909090909091 0.18181818181818182 0.18181818181818182
58 642 0.09090909090909091 0.09090909090909091 0.18181818181818182
59 653 0.09090909090909091 0.09090909090909091 0.09090909090909091
60 664 0.09090909090909091 0.09090909090909091 0.09090909090909091
61 675 0.09090909090909091 0.09090909090909091 0.18181818181818182
62 686 0.09090909090909091 0.18181818181818182 0.18181818181818182
63 697 0.09090909090909091 0.18181818181818182 0.18181818181818182
64 708 0.09090909090909091 0.18181818181818182 0.2727272727272727
65 719 0.09090909090909091 0.18181818181818182 0.2727272727272727
66 730 0.09090909090909091 0.18181818181818182 0.2727272727272727
67 741 0.09090909090909091 0.18181818181818182 0.2727272727272727
68 752 0.18181818181818182 0.18181818181818182 0.2727272727272727
69 763 0.18181818181818182 0.18181818181818182 0.2727272727272727
70 774 0.09090909090909091 0.18181818181818182 0.18181818181818182
71 785 0.09090909090909091 0.18181818181818182 0.18181818181818182
72 796 0.09090909090909091 0.18181818181818182 0.18181818181818182
73 807 0.09090909090909091 0.18181818181818182 0.18181818181818182
74 818 0.09090909090909091 0.09090909090909091 0.18181818181818182
75 829 0.09090909090909091 0.09090909090909091 0.18181818181818182
76 840 0.09090909090909091 0.09090909090909091 0.2727272727272727
77 851 0.09090909090909091 0.09090909090909091 0.2727272727272727
78 862 0.09090909090909091 0.2727272727272727 0.2727272727272727
79 873 0.09090909090909091 0.09090909090909091 0.2727272727272727
80 884 0.09090909090909091 0.09090909090909091 0.2727272727272727
81 895 0.09090909090909091 0.09090909090909091 0.2727272727272727
82 906 0.09090909090909091 0.2727272727272727 0.2727272727272727
83 917 0.09090909090909091 0.2727272727272727 0.2727272727272727
84 928 0.09090909090909091 0.2727272727272727 0.2727272727272727
85 939 0.09090909090909091 0.2727272727272727 0.2727272727272727
86 950 0.09090909090909091 0.2727272727272727 0.2727272727272727
87 961 0.09090909090909091 0.18181818181818182 0.2727272727272727
88 972 0.09090909090909091 0.09090909090909091 0.18181818181818182
89 983 0.09090909090909091 0.09090909090909091 0.18181818181818182
90 994 0.09090909090909091 0.09090909090909091 0.18181818181818182
91 1005 0.09090909090909091 0.09090909090909091 0.18181818181818182
92 1016 0.09090909090909091 0.09090909090909091 0.18181818181818182
93 1027 0.09090909090909091 0.09090909090909091 0.18181818181818182
94 1038 0.09090909090909091 0.09090909090909091 0.18181818181818182
95 1049 0.09090909090909091 0.09090909090909091 0.2727272727272727
96 1060 0.09090909090909091 0.09090909090909091 0.09090909090909091
97 1071 0.09090909090909091 0.09090909090909091 0.09090909090909091
98 1082 0.09090909090909091 0.09090909090909091 0.18181818181818182
99 1093 0.09090909090909091 0.09090909090909091 0.18181818181818182
100 1104 0.09090909090909091 0.09090909090909091 0.18181818181818182
101 1115 0.09090909090909091 0.09090909090909091 0.09090909090909091
102 1126 0.09090909090909091 0.09090909090909091 0.09090909090909091
103 1137 0.09090909090909091 0.09090909090909091 0.09090909090909091
104 1148 0.09090909090909091 0.09090909090909091 0.09090909090909091
105 1159 0.09090909090909091 0.09090909090909091 0.09090909090909091
106 1170 0.09090909090909091 0.09090909090909091 0.09090909090909091
107 1181 0.09090909090909091 0.09090909090909091 0.18181818181818182
108 1192 0.09090909090909091 0.18181818181818182 0.18181818181818182
109 1203 0.09090909090909091 0.18181818181818182 0.18181818181818182
110 1214 0.09090909090909091 0.18181818181818182 0.18181818181818182
111 1225 0.09090909090909091 0.18181818181818182 0.18181818181818182
112 1236 0.18181818181818182 0.18181818181818182 0.18181818181818182
113 1247 0.18181818181818182 0.18181818181818182 0.18181818181818182
114 1258 0.09090909090909091 0.18181818181818182 0.18181818181818182
115 1269 0.09090909090909091 0.18181818181818182 0.18181818181818182
116 1280 0.09090909090909091 0.18181818181818182 0.18181818181818182
117 1291 0.09090909090909091 0.09090909090909091 0.18181818181818182
118 1302 0.09090909090909091 0.09090909090909091 0.18181818181818182
119 1313 0.09090909090909091 0.09090909090909091 0.18181818181818182
120 1324 0.09090909090909091 0.09090909090909091 0.18181818181818182
121 1335 0.09090909090909091 0.18181818181818182 0.18181818181818182
122 1346 0.09090909090909091 0.18181818181818182 0.18181818181818182
123 1357 0.09090909090909091 0.09090909090909091 0.18181818181818182
124 1368 0.09090909090909091 0.09090909090909091 0.18181818181818182
125 1379 0.09090909090909091 0.09090909090909091 0.09090909090909091
126 1390 0.09090909090909091 0.09090909090909091 0.18181818181818182
127 1401 0.09090909090909091 0.18181818181818182 0.18181818181818182
128 1412 0.09090909090909091 0.18181818181818182 0.18181818181818182
129 1423 0.09090909090909091 0.09090909090909091 0.18181818181818182
130 1434 0.09090909090909091 0.18181818181818182 0.18181818181818182
131 1445 0.09090909090909091 0.18181818181818182 0.18181818181818182
132 1456 0.09090909090909091 0.18181818181818182 0.18181818181818182
133 1467 0.09090909090909091 0.09090909090909091 0.18181818181818182
134 1478 0.09090909090909091 0.09090909090909091 0.18181818181818182
135 1489 0.09090909090909091 0.09090909090909091 0.09090909090909091
136 1500 0.09090909090909091 0.09090909090909091 0.09090909090909091
137 1511 0.09090909090909091 0.09090909090909091 0.09090909090909091
138 1522 0.09090909090909091 0.09090909090909091 0.09090909090909091
139 1533 0.09090909090909091 0.09090909090909091 0.18181818181818182
140 1544 0.09090909090909091 0.09090909090909091 0.18181818181818182
141 1555 0.09090909090909091 0.09090909090909091 0.18181818181818182
142 1566 0.09090909090909091 0.09090909090909091 0.18181818181818182
143 1577 0.09090909090909091 0.09090909090909091 0.18181818181818182
144 1588 0.09090909090909091 0.09090909090909091 0.18181818181818182
145 1599 0.09090909090909091 0.09090909090909091 0.18181818181818182
146 1610 0.09090909090909091 0.09090909090909091 0.18181818181818182
147 1621 0.09090909090909091 0.09090909090909091 0.18181818181818182
148 1632 0.09090909090909091 0.09090909090909091 0.09090909090909091
149 1643 0.09090909090909091 0.09090909090909091 0.09090909090909091
150 1654 0.09090909090909091 0.09090909090909091 0.09090909090909091
151 1665 0.09090909090909091 0.09090909090909091 0.09090909090909091
152 1676 0.09090909090909091 0.09090909090909091 0.09090909090909091
153 1687 0.09090909090909091 0.09090909090909091 0.09090909090909091
154 1698 0.09090909090909091 0.09090909090909091 0.09090909090909091
155 1709 0.09090909090909091 0.09090909090909091 0.09090909090909091
156 1720 0.09090909090909091 0.09090909090909091 0.09090909090909091
157 1731 0.09090909090909091 0.09090909090909091 0.09090909090909091
158 1742 0.09090909090909091 0.09090909090909091 0.09090909090909091
159 1753 0.09090909090909091 0.09090909090909091 0.18181818181818182
160 1764 0.09090909090909091 0.09090909090909091 0.18181818181818182
161 1775 0.09090909090909091 0.09090909090909091 0.18181818181818182
162 1786 0.09090909090909091 0.09090909090909091 0.18181818181818182
163 1797 0.09090909090909091 0.09090909090909091 0.18181818181818182
164 1808 0.09090909090909091 0.18181818181818182 0.2727272727272727
165 1819 0.09090909090909091 0.09090909090909091 0.18181818181818182
166 1830 0.09090909090909091 0.18181818181818182 0.18181818181818182
167 1841 0.09090909090909091 0.09090909090909091 0.18181818181818182
168 1852 0.09090909090909091 0.09090909090909091 0.09090909090909091
169 1863 0.09090909090909091 0.09090909090909091 0.09090909090909091
170 1874 0.09090909090909091 0.09090909090909091 0.18181818181818182
171 1885 0.09090909090909091 0.18181818181818182 0.18181818181818182
172 1896 0.09090909090909091 0.09090909090909091 0.18181818181818182
173 1907 0.09090909090909091 0.09090909090909091 0.09090909090909091
174 1918 0.09090909090909091 0.09090909090909091 0.09090909090909091
175 1929 0.09090909090909091 0.09090909090909091 0.09090909090909091
176 1940 0.09090909090909091 0.09090909090909091 0.09090909090909091
177 1951 0.09090909090909091 0.09090909090909091 0.09090909090909091
178 1962 0.09090909090909091 0.09090909090909091 0.09090909090909091
179 1973 0.09090909090909091 0.09090909090909091 0.09090909090909091
180 1984 0.09090909090909091 0.09090909090909091 0.09090909090909091
181 1995 0.09090909090909091 0.09090909090909091 0.09090909090909091
182 2006 0.09090909090909091 0.09090909090909091 0.18181818181818182
183 2017 0.09090909090909091 0.09090909090909091 0.18181818181818182
184 2028 0.09090909090909091 0.18181818181818182 0.18181818181818182
185 2039 0.18181818181818182 0.18181818181818182 0.18181818181818182
186 2050 0.09090909090909091 0.18181818181818182 0.18181818181818182
187 2061 0.18181818181818182 0.18181818181818182 0.18181818181818182
188 2072 0.09090909090909091 0.18181818181818182 0.18181818181818182
189 2083 0.09090909090909091 0.18181818181818182 0.18181818181818182
190 2094 0.09090909090909091 0.18181818181818182 0.18181818181818182
191 2105 0.09090909090909091 0.18181818181818182 0.18181818181818182
192 2116 0.09090909090909091 0.09090909090909091 0.18181818181818182
193 2127 0.09090909090909091 0.09090909090909091 0.18181818181818182
194 2138 0.09090909090909091 0.09090909090909091 0.18181818181818182
195 2149 0.09090909090909091 0.09090909090909091 0.18181818181818182
196 2160 0.09090909090909091 0.18181818181818182 0.18181818181818182
197 2171 0.09090909090909091 0.18181818181818182 0.18181818181818182
198 2182 0.09090909090909091 0.18181818181818182 0.18181818181818182
199 2193 0.09090909090909091 0.18181818181818182 0.18181818181818182
200 2204 0.18181818181818182 0.18181818181818182 0.18181818181818182
201 2215 0.09090909090909091 0.18181818181818182 0.18181818181818182
202 2226 0.09090909090909091 0.18181818181818182 0.18181818181818182
203 2237 0.09090909090909091 0.09090909090909091 0.18181818181818182
204 2248 0.09090909090909091 0.09090909090909091 0.18181818181818182
205 2259 0.09090909090909091 0.09090909090909091 0.2727272727272727
206 2270 0.09090909090909091 0.09090909090909091 0.18181818181818182
207 2281 0.09090909090909091 0.09090909090909091 0.18181818181818182
208 2292 0.09090909090909091 0.09090909090909091 0.18181818181818182
209 2303 0.09090909090909091 0.09090909090909091 0.18181818181818182
210 2314 0.09090909090909091 0.09090909090909091 0.09090909090909091
211 2325 0.09090909090909091 0.09090909090909091 0.09090909090909091
212 2336 0.09090909090909091 0.09090909090909091 0.09090909090909091
213 2347 0.09090909090909091 0.09090909090909091 0.09090909090909091
214 2358 0.09090909090909091 0.09090909090909091 0.09090909090909091
215 2369 0.09090909090909091 0.09090909090909091 0.09090909090909091
216 2380 0.09090909090909091 0.09090909090909091 0.18181818181818182
217 2391 0.09090909090909091 0.09090909090909091 0.18181818181818182
218 2402 0.09090909090909091 0.09090909090909091 0.18181818181818182
219 2413 0.09090909090909091 0.09090909090909091 0.18181818181818182
220 2424 0.09090909090909091 0.09090909090909091 0.18181818181818182
221 2435 0.09090909090909091 0.09090909090909091 0.18181818181818182
222 2446 0.09090909090909091 0.09090909090909091 0.18181818181818182
223 2457 0.09090909090909091 0.18181818181818182 0.18181818181818182
224 2468 0.09090909090909091 0.18181818181818182 0.18181818181818182
225 2479 0.09090909090909091 0.18181818181818182 0.18181818181818182
226 2490 0.09090909090909091 0.18181818181818182 0.18181818181818182
227 2501 0.09090909090909091 0.18181818181818182 0.18181818181818182
228 2512 0.09090909090909091 0.18181818181818182 0.18181818181818182
229 2523 0.09090909090909091 0.09090909090909091 0.18181818181818182
230 2534 0.09090909090909091 0.09090909090909091 0.18181818181818182
231 2545 0.09090909090909091 0.09090909090909091 0.09090909090909091
232 2556 0.09090909090909091 0.09090909090909091 0.18181818181818182
233 2567 0.09090909090909091 0.09090909090909091 0.18181818181818182
234 2578 0.09090909090909091 0.18181818181818182 0.2727272727272727
235 2589 0.18181818181818182 0.18181818181818182 0.2727272727272727
236 2600 0.09090909090909091 0.18181818181818182 0.18181818181818182
237 2611 0.09090909090909091 0.18181818181818182 0.18181818181818182
238 2622 0.18181818181818182 0.18181818181818182 0.18181818181818182
239 2633 0.09090909090909091 0.18181818181818182 0.18181818181818182
240 2644 0.09090909090909091 0.09090909090909091 0.18181818181818182
241 2655 0.09090909090909091 0.09090909090909091 0.09090909090909091
242 2666 0.09090909090909091 0.09090909090909091 0.18181818181818182
243 2677 0.09090909090909091 0.09090909090909091 0.18181818181818182
244 2688 0.09090909090909091 0.09090909090909091 0.18181818181818182
245 2699 0.09090909090909091 0.09090909090909091 0.18181818181818182
246 2710 0.09090909090909091 0.09090909090909091 0.18181818181818182
247 2721 0.09090909090909091 0.09090909090909091 0.2727272727272727
248 2732 0.09090909090909091 0.09090909090909091 0.18181818181818182
249 2743 0.09090909090909091 0.09090909090909091 0.18181818181818182
250 2754 0.09090909090909091 0.09090909090909091 0.18181818181818182
251 2765 0.09090909090909091 0.09090909090909091 0.18181818181818182
252 2776 0.09090909090909091 0.09090909090909091 0.18181818181818182
253 2787 0.09090909090909091 0.09090909090909091 0.18181818181818182
254 2798 0.09090909090909091 0.09090909090909091 0.18181818181818182
255 2809 0.09090909090909091 0.09090909090909091 0.18181818181818182
256 2820 0.09090909090909091 0.09090909090909091 0.18181818181818182
257 2831 0.09090909090909091 0.18181818181818182 0.18181818181818182
258 2842 0.09090909090909091 0.18181818181818182 0.18181818181818182
259 2853 0.18181818181818182 0.18181818181818182 0.18181818181818182
260 2864 0.18181818181818182 0.18181818181818182 0.18181818181818182
261 2875 0.18181818181818182 0.18181818181818182 0.18181818181818182
262 2886 0.18181818181818182 0.18181818181818182 0.18181818181818182
263 2897 0.18181818181818182 0.18181818181818182 0.18181818181818182
264 2908 0.09090909090909091 0.18181818181818182 0.18181818181818182
265 2919 0.09090909090909091 0.09090909090909091 0.18181818181818182
266 2930 0.09090909090909091 0.09090909090909091 0.18181818181818182
267 2941 0.09090909090909091 0.18181818181818182 0.18181818181818182
268 2952 0.09090909090909091 0.18181818181818182 0.18181818181818182
269 2963 0.09090909090909091 0.18181818181818182 0.18181818181818182
270 2974 0.09090909090909091 0.18181818181818182 0.18181818181818182
271 2985 0.09090909090909091 0.09090909090909091 0.18181818181818182
272 2996 0.09090909090909091 0.09090909090909091 0.18181818181818182
273 3007 0.09090909090909091 0.09090909090909091 0.09090909090909091
274 3018 0.09090909090909091 0.09090909090909091 0.09090909090909091
275 3029 0.09090909090909091 0.09090909090909091 0.18181818181818182
276 3040 0.09090909090909091 0.18181818181818182 0.18181818181818182
277 3051 0.18181818181818182 0.18181818181818182 0.18181818181818182
278 3062 0.18181818181818182 0.18181818181818182 0.18181818181818182
279 3073 0.09090909090909091 0.18181818181818182 0.18181818181818182
280 3084 0.09090909090909091 0.09090909090909091 0.18181818181818182
281 3095 0.09090909090909091 0.18181818181818182 0.18181818181818182
282 3106 0.09090909090909091 0.18181818181818182 0.18181818181818182
283 3117 0.09090909090909091 0.18181818181818182 0.18181818181818182
284 3128 0.18181818181818182 0.18181818181818182 0.18181818181818182
285 3139 0.18181818181818182 0.18181818181818182 0.18181818181818182
286 3150 0.18181818181818182 0.18181818181818182 0.18181818181818182
287 3161 0.09090909090909091 0.18181818181818182 0.18181818181818182
288 3172 0.09090909090909091 0.18181818181818182 0.18181818181818182
289 3183 0.09090909090909091 0.09090909090909091 0.18181818181818182
290 3194 0.09090909090909091 0.09090909090909091 0.18181818181818182
291 3205 0.09090909090909091 0.09090909090909091 0.18181818181818182
292 3216 0.09090909090909091 0.18181818181818182 0.18181818181818182
293 3227 0.09090909090909091 0.09090909090909091 0.18181818181818182
294 3238 0.09090909090909091 0.09090909090909091 0.18181818181818182
295 3249 0.09090909090909091 0.18181818181818182 0.18181818181818182
296 3260 0.09090909090909091 0.09090909090909091 0.18181818181818182
297 3271 0.09090909090909091 0.09090909090909091 0.09090909090909091
298 3282 0.09090909090909091 0.09090909090909091 0.18181818181818182
299 3293 0.09090909090909091 0.18181818181818182 0.18181818181818182
300 3304 0.09090909090909091 0.09090909090909091 0.18181818181818182
301 3315 0.09090909090909091 0.09090909090909091 0.18181818181818182
302 3326 0.09090909090909091 0.18181818181818182 0.18181818181818182
303 3337 0.09090909090909091 0.18181818181818182 0.18181818181818182
304 3348 0.18181818181818182 0.18181818181818182 0.18181818181818182
305 3359 0.18181818181818182 0.18181818181818182 0.18181818181818182
306 3370 0.09090909090909091 0.18181818181818182 0.18181818181818182
307 3381 0.09090909090909091 0.09090909090909091 0.18181818181818182
308 3392 0.09090909090909091 0.09090909090909091 0.09090909090909091
309 3403 0.09090909090909091 0.09090909090909091 0.18181818181818182
310 3414 0.09090909090909091 0.09090909090909091 0.18181818181818182
311 3425 0.09090909090909091 0.09090909090909091 0.18181818181818182
312 3436 0.09090909090909091 0.18181818181818182 0.18181818181818182
313 3447 0.09090909090909091 0.18181818181818182 0.18181818181818182
314 3458 0.09090909090909091 0.18181818181818182 0.18181818181818182
315 3469 0.09090909090909091 0.18181818181818182 0.18181818181818182
316 3480 0.09090909090909091 0.09090909090909091 0.18181818181818182
317 3491 0.09090909090909091 0.09090909090909091 0.18181818181818182
318 3502 0.09090909090909091 0.18181818181818182 0.2727272727272727
319 3513 0.09090909090909091 0.09090909090909091 0.18181818181818182
320 3524 0.09090909090909091 0.18181818181818182 0.18181818181818182
321 3535 0.18181818181818182 0.18181818181818182 0.18181818181818182
322 3546 0.18181818181818182 0.18181818181818182 0.18181818181818182
323 3557 0.18181818181818182 0.18181818181818182 0.18181818181818182
324 3568 0.18181818181818182 0.18181818181818182 0.18181818181818182
325 3579 0.18181818181818182 0.18181818181818182 0.18181818181818182
326 3590 0.18181818181818182 0.18181818181818182 0.18181818181818182
327 3601 0.18181818181818182 0.18181818181818182 0.18181818181818182
328 3612 0.18181818181818182 0.18181818181818182 0.18181818181818182
329 3623 0.18181818181818182 0.18181818181818182 0.18181818181818182
330 3634 0.18181818181818182 0.18181818181818182 0.18181818181818182
331 3645 0.18181818181818182 0.18181818181818182 0.18181818181818182
332 3656 0.18181818181818182 0.18181818181818182 0.18181818181818182
333 3667 0.18181818181818182 0.18181818181818182 0.18181818181818182
334 3678 0.18181818181818182 0.18181818181818182 0.18181818181818182
335 3689 0.09090909090909091 0.18181818181818182 0.18181818181818182
336 3700 0.18181818181818182 0.18181818181818182 0.18181818181818182
337 3711 0.18181818181818182 0.18181818181818182 0.2727272727272727
338 3722 0.18181818181818182 0.18181818181818182 0.18181818181818182
339 3733 0.18181818181818182 0.18181818181818182 0.2727272727272727
340 3744 0.18181818181818182 0.18181818181818182 0.2727272727272727
341 3755 0.18181818181818182 0.18181818181818182 0.2727272727272727
342 3766 0.18181818181818182 0.18181818181818182 0.18181818181818182
343 3777 0.18181818181818182 0.18181818181818182 0.18181818181818182
344 3788 0.18181818181818182 0.18181818181818182 0.18181818181818182
345 3799 0.18181818181818182 0.18181818181818182 0.2727272727272727
346 3810 0.18181818181818182 0.18181818181818182 0.2727272727272727
347 3821 0.18181818181818182 0.18181818181818182 0.2727272727272727
348 3832 0.18181818181818182 0.18181818181818182 0.2727272727272727
349 3843 0.18181818181818182 0.2727272727272727 0.36363636363636365
350 3854 0.09090909090909091 0.2727272727272727 0.36363636363636365
351 3865 0.09090909090909091 0.18181818181818182 0.2727272727272727
352 3876 0.09090909090909091 0.18181818181818182 0.18181818181818182
353 3887 0.09090909090909091 0.18181818181818182 0.18181818181818182
354 3898 0.18181818181818182 0.18181818181818182 0.18181818181818182
355 3909 0.18181818181818182 0.18181818181818182 0.2727272727272727
356 3920 0.18181818181818182 0.2727272727272727 0.2727272727272727
357 3931 0.18181818181818182 0.18181818181818182 0.2727272727272727
358 3942 0.18181818181818182 0.18181818181818182 0.2727272727272727
359 3953 0.18181818181818182 0.18181818181818182 0.2727272727272727
360 3964 0.18181818181818182 0.18181818181818182 0.2727272727272727
361 3975 0.09090909090909091 0.18181818181818182 0.2727272727272727
362 3986 0.09090909090909091 0.18181818181818182 0.2727272727272727
363 3997 0.09090909090909091 0.18181818181818182 0.2727272727272727
364 4008 0.18181818181818182 0.2727272727272727 0.2727272727272727
365 4019 0.18181818181818182 0.2727272727272727 0.2727272727272727
366 4030 0.18181818181818182 0.18181818181818182 0.2727272727272727
367 4041 0.18181818181818182 0.18181818181818182 0.2727272727272727
368 4052 0.18181818181818182 0.2727272727272727 0.2727272727272727
369 4063 0.18181818181818182 0.2727272727272727 0.2727272727272727
370 4074 0.18181818181818182 0.2727272727272727 0.2727272727272727
371 4085 0.18181818181818182 0.18181818181818182 0.2727272727272727
372 4096 0.18181818181818182 0.18181818181818182 0.2727272727272727
373 4107 0.18181818181818182 0.18181818181818182 0.2727272727272727
374 4118 0.18181818181818182 0.18181818181818182 0.18181818181818182
375 4129 0.18181818181818182 0.18181818181818182 0.18181818181818182
376 4140 0.18181818181818182 0.18181818181818182 0.2727272727272727
377 4151 0.09090909090909091 0.18181818181818182 0.2727272727272727
378 4162 0.09090909090909091 0.18181818181818182 0.2727272727272727
379 4173 0.09090909090909091 0.18181818181818182 0.2727272727272727
380 4184 0.09090909090909091 0.18181818181818182 0.2727272727272727
381 4195 0.09090909090909091 0.18181818181818182 0.2727272727272727
382 4206 0.09090909090909091 0.18181818181818182 0.2727272727272727
383 4217 0.18181818181818182 0.2727272727272727 0.2727272727272727
384 4228 0.18181818181818182 0.2727272727272727 0.2727272727272727
385 4239 0.18181818181818182 0.2727272727272727 0.36363636363636365
386 4250 0.09090909090909091 0.18181818181818182 0.36363636363636365
387 4261 0.18181818181818182 0.2727272727272727 0.36363636363636365
388 4272 0.18181818181818182 0.2727272727272727 0.2727272727272727
389 4283 0.18181818181818182 0.2727272727272727 0.2727272727272727
390 4294 0.18181818181818182 0.2727272727272727 0.2727272727272727
391 4305 0.18181818181818182 0.2727272727272727 0.2727272727272727
392 4316 0.2727272727272727 0.2727272727272727 0.2727272727272727
393 4327 0.2727272727272727 0.2727272727272727 0.2727272727272727
394 4338 0.09090909090909091 0.2727272727272727 0.2727272727272727
395 4349 0.09090909090909091 0.2727272727272727 0.2727272727272727
396 4360 0.18181818181818182 0.2727272727272727 0.2727272727272727
397 4371 0.2727272727272727 0.2727272727272727 0.2727272727272727
398 4382 0.18181818181818182 0.2727272727272727 0.2727272727272727
399 4393 0.18181818181818182 0.2727272727272727 0.2727272727272727
400 4404 0.18181818181818182 0.18181818181818182 0.2727272727272727
401 4415 0.18181818181818182 0.18181818181818182 0.2727272727272727
402 4426 0.18181818181818182 0.18181818181818182 0.2727272727272727
403 4437 0.18181818181818182 0.2727272727272727 0.36363636363636365
404 4448 0.18181818181818182 0.2727272727272727 0.36363636363636365
405 4459 0.18181818181818182 0.2727272727272727 0.36363636363636365
406 4470 0.18181818181818182 0.2727272727272727 0.2727272727272727
407 4481 0.18181818181818182 0.2727272727272727 0.2727272727272727
408 4492 0.18181818181818182 0.2727272727272727 0.2727272727272727
409 4503 0.18181818181818182 0.2727272727272727 0.2727272727272727
410 4514 0.18181818181818182 0.2727272727272727 0.2727272727272727
411 4525 0.18181818181818182 0.2727272727272727 0.2727272727272727
412 4536 0.18181818181818182 0.2727272727272727 0.2727272727272727
413 4547 0.18181818181818182 0.2727272727272727 0.2727272727272727
414 4558 0.18181818181818182 0.2727272727272727 0.36363636363636365
415 4569 0.18181818181818182 0.18181818181818182 0.36363636363636365
416 4580 0.18181818181818182 0.18181818181818182 0.36363636363636365
417 4591 0.18181818181818182 0.2727272727272727 0.36363636363636365
418 4602 0.18181818181818182 0.2727272727272727 0.36363636363636365
419 4613 0.09090909090909091 0.2727272727272727 0.36363636363636365
420 4624 0.09090909090909091 0.2727272727272727 0.36363636363636365
421 4635 0.2727272727272727 0.2727272727272727 0.36363636363636365
422 4646 0.2727272727272727 0.2727272727272727 0.36363636363636365
423 4657 0.18181818181818182 0.2727272727272727 0.2727272727272727
424 4668 0.18181818181818182 0.2727272727272727 0.2727272727272727
425 4679 0.09090909090909091 0.18181818181818182 0.2727272727272727
426 4690 0.09090909090909091 0.2727272727272727 0.36363636363636365
427 4701 0.09090909090909091 0.2727272727272727 0.2727272727272727
428 4712 0.18181818181818182 0.2727272727272727 0.2727272727272727
429 4723 0.18181818181818182 0.18181818181818182 0.2727272727272727
430 4734 0.18181818181818182 0.2727272727272727 0.36363636363636365
431 4745 0.2727272727272727 0.36363636363636365 0.36363636363636365
432 4756 0.18181818181818182 0.36363636363636365 0.36363636363636365
433 4767 0.18181818181818182 0.18181818181818182 0.36363636363636365
434 4778 0.18181818181818182 0.18181818181818182 0.2727272727272727
435 4789 0.18181818181818182 0.2727272727272727 0.2727272727272727
436 4800 0.2727272727272727 0.2727272727272727 0.2727272727272727
437 4811 0.2727272727272727 0.2727272727272727 0.2727272727272727
438 4822 0.18181818181818182 0.2727272727272727 0.2727272727272727
439 4833 0.2727272727272727 0.2727272727272727 0.2727272727272727
440 4844 0.2727272727272727 0.2727272727272727 0.2727272727272727
441 4855 0.18181818181818182 0.2727272727272727 0.2727272727272727
442 4866 0.18181818181818182 0.18181818181818182 0.2727272727272727
443 4877 0.18181818181818182 0.18181818181818182 0.2727272727272727
444 4888 0.18181818181818182 0.18181818181818182 0.18181818181818182
445 4899 0.18181818181818182 0.18181818181818182 0.2727272727272727
446 4910 0.18181818181818182 0.18181818181818182 0.18181818181818182
447 4921 0.18181818181818182 0.18181818181818182 0.18181818181818182
448 4932 0.18181818181818182 0.18181818181818182 0.18181818181818182
449 4943 0.18181818181818182 0.18181818181818182 0.18181818181818182
450 4954 0.18181818181818182 0.18181818181818182 0.2727272727272727
451 4965 0.18181818181818182 0.18181818181818182 0.18181818181818182
452 4976 0.18181818181818182 0.18181818181818182 0.2727272727272727
453 4987 0.18181818181818182 0.2727272727272727 0.2727272727272727
454 4998 0.18181818181818182 0.2727272727272727 0.2727272727272727
455 5009 0.18181818181818182 0.2727272727272727 0.2727272727272727
456 5020 0.09090909090909091 0.2727272727272727 0.2727272727272727
457 5031 0.09090909090909091 0.2727272727272727 0.2727272727272727
458 5042 0.09090909090909091 0.2727272727272727 0.2727272727272727
459 5053 0.09090909090909091 0.18181818181818182 0.2727272727272727
460 5064 0.09090909090909091 0.18181818181818182 0.18181818181818182
461 5075 0.18181818181818182 0.18181818181818182 0.18181818181818182
462 5086 0.18181818181818182 0.18181818181818182 0.18181818181818182
463 5097 0.18181818181818182 0.18181818181818182 0.2727272727272727
464 5108 0.09090909090909091 0.18181818181818182 0.2727272727272727
465 5119 0.18181818181818182 0.2727272727272727 0.36363636363636365
466 5130 0.18181818181818182 0.36363636363636365 0.45454545454545453
467 5141 0.18181818181818182 0.36363636363636365 0.45454545454545453
468 5152 0.18181818181818182 0.2727272727272727 0.36363636363636365
469 5163 0.18181818181818182 0.2727272727272727 0.36363636363636365
470 5174 0.18181818181818182 0.2727272727272727 0.36363636363636365
471 5185 0.18181818181818182 0.2727272727272727 0.45454545454545453
472 5196 0.18181818181818182 0.2727272727272727 0.45454545454545453
473 5207 0.18181818181818182 0.2727272727272727 0.45454545454545453
474 5218 0.18181818181818182 0.45454545454545453 0.45454545454545453
475 5229 0.18181818181818182 0.18181818181818182 0.45454545454545453
476 5240 0.18181818181818182 0.18181818181818182 0.36363636363636365
477 5251 0.18181818181818182 0.18181818181818182 0.36363636363636365
478 5262 0.18181818181818182 0.18181818181818182 0.36363636363636365
479 5273 0.18181818181818182 0.18181818181818182 0.36363636363636365
480 5284 0.18181818181818182 0.36363636363636365 0.45454545454545453
481 5295 0.18181818181818182 0.36363636363636365 0.36363636363636365
482 5306 0.18181818181818182 0.36363636363636365 0.36363636363636365
483 5317 0.18181818181818182 0.36363636363636365 0.36363636363636365
484 5328 0.18181818181818182 0.36363636363636365 0.36363636363636365
485 5339 0.36363636363636365 0.36363636363636365 0.36363636363636365
486 5350 0.36363636363636365 0.36363636363636365 0.36363636363636365
487 5361 0.36363636363636365 0.36363636363636365 0.36363636363636365
488 5372 0.18181818181818182 0.36363636363636365 0.36363636363636365
489 5383 0.18181818181818182 0.2727272727272727 0.36363636363636365
490 5394 0.18181818181818182 0.2727272727272727 0.36363636363636365
491 5405 0.18181818181818182 0.2727272727272727 0.36363636363636365
492 5416 0.18181818181818182 0.2727272727272727 0.2727272727272727
493 5427 0.18181818181818182 0.2727272727272727 0.2727272727272727
494 5438 0.2727272727272727 0.2727272727272727 0.2727272727272727
495 5449 0.2727272727272727 0.2727272727272727 0.2727272727272727
496 5460 0.2727272727272727 0.2727272727272727 0.36363636363636365
497 5471 0.2727272727272727 0.2727272727272727 0.2727272727272727
498 5482 0.18181818181818182 0.2727272727272727 0.2727272727272727
499 5493 0.18181818181818182 0.18181818181818182 0.2727272727272727
500 5504 0.18181818181818182 0.2727272727272727 0.2727272727272727
501 5515 0.18181818181818182 0.2727272727272727 0.2727272727272727
502 5526 0.2727272727272727 0.2727272727272727 0.36363636363636365
503 5537 0.2727272727272727 0.36363636363636365 0.36363636363636365
504 5548 0.36363636363636365 0.36363636363636365 0.45454545454545453
505 5559 0.36363636363636365 0.36363636363636365 0.45454545454545453
506 5570 0.36363636363636365 0.36363636363636365 0.45454545454545453
507 5581 0.36363636363636365 0.36363636363636365 0.45454545454545453
508 5592 0.2727272727272727 0.36363636363636365 0.45454545454545453
509 5603 0.2727272727272727 0.36363636363636365 0.36363636363636365
510 5614 0.2727272727272727 0.36363636363636365 0.36363636363636365
511 5625 0.2727272727272727 0.36363636363636365 0.45454545454545453
512 5636 0.36363636363636365 0.36363636363636365 0.45454545454545453
513 5647 0.2727272727272727 0.36363636363636365 0.36363636363636365
514 5658 0.2727272727272727 0.2727272727272727 0.36363636363636365
515 5669 0.2727272727272727 0.36363636363636365 0.36363636363636365
516 5680 0.2727272727272727 0.36363636363636365 0.36363636363636365
517 5691 0.2727272727272727 0.36363636363636365 0.36363636363636365
518 5702 0.2727272727272727 0.2727272727272727 0.36363636363636365
519 5713 0.2727272727272727 0.2727272727272727 0.36363636363636365
520 5724 0.2727272727272727 0.36363636363636365 0.45454545454545453
521 5735 0.2727272727272727 0.2727272727272727 0.45454545454545453
522 5746 0.2727272727272727 0.2727272727272727 0.2727272727272727
523 5757 0.2727272727272727 0.2727272727272727 0.2727272727272727
524 5768 0.2727272727272727 0.2727272727272727 0.36363636363636365
525 5779 0.2727272727272727 0.2727272727272727 0.36363636363636365
526 5790 0.2727272727272727 0.2727272727272727 0.36363636363636365
527 5801 0.2727272727272727 0.36363636363636365 0.36363636363636365
528 5812 0.2727272727272727 0.36363636363636365 0.36363636363636365
529 5823 0.2727272727272727 0.2727272727272727 0.36363636363636365
530 5834 0.18181818181818182 0.2727272727272727 0.2727272727272727
531 5845 0.18181818181818182 0.2727272727272727 0.2727272727272727
532 5856 0.18181818181818182 0.2727272727272727 0.2727272727272727
533 5867 0.18181818181818182 0.18181818181818182 0.2727272727272727
534 5878 0.18181818181818182 0.2727272727272727 0.2727272727272727
535 5889 0.2727272727272727 0.2727272727272727 0.2727272727272727
536 5900 0.18181818181818182 0.2727272727272727 0.2727272727272727
537 5911 0.18181818181818182 0.2727272727272727 0.2727272727272727
538 5922 0.18181818181818182 0.2727272727272727 0.36363636363636365
539 5933 0.18181818181818182 0.2727272727272727 0.36363636363636365
540 5944 0.18181818181818182 0.2727272727272727 0.45454545454545453
541 5955 0.18181818181818182 0.2727272727272727 0.45454545454545453
542 5966 0.18181818181818182 0.2727272727272727 0.45454545454545453
543 5977 0.2727272727272727 0.45454545454545453 0.45454545454545453
544 5988 0.2727272727272727 0.45454545454545453 0.45454545454545453
545 5999 0.2727272727272727 0.45454545454545453 0.45454545454545453
546 6010 0.18181818181818182 0.2727272727272727 0.45454545454545453
547 6021 0.2727272727272727 0.2727272727272727 0.45454545454545453
548 6032 0.2727272727272727 0.2727272727272727 0.45454545454545453
549 6043 0.18181818181818182 0.2727272727272727 0.2727272727272727
550 6054 0.18181818181818182 0.18181818181818182 0.2727272727272727
551 6065 0.18181818181818182 0.18181818181818182 0.2727272727272727
552 6076 0.18181818181818182 0.18181818181818182 0.2727272727272727
553 6087 0.18181818181818182 0.2727272727272727 0.2727272727272727
554 6098 0.18181818181818182 0.2727272727272727 0.2727272727272727
555 6109 0.2727272727272727 0.2727272727272727 0.36363636363636365
556 6120 0.2727272727272727 0.2727272727272727 0.36363636363636365
557 6131 0.2727272727272727 0.2727272727272727 0.36363636363636365
558 6142 0.2727272727272727 0.36363636363636365 0.36363636363636365
559 6153 0.2727272727272727 0.36363636363636365 0.36363636363636365
560 6164 0.36363636363636365 0.36363636363636365 0.36363636363636365
561 6175 0.36363636363636365 0.36363636363636365 0.36363636363636365
562 6186 0.36363636363636365 0.36363636363636365 0.36363636363636365
563 6197 0.2727272727272727 0.36363636363636365 0.36363636363636365
564 6208 0.2727272727272727 0.2727272727272727 0.36363636363636365
565 6219 0.2727272727272727 0.2727272727272727 0.2727272727272727
566 6230 0.2727272727272727 0.2727272727272727 0.2727272727272727
567 6241 0.2727272727272727 0.2727272727272727 0.2727272727272727
568 6252 0.2727272727272727 0.2727272727272727 0.36363636363636365
569 6263 0.2727272727272727 0.2727272727272727 0.36363636363636365
570 6274 0.2727272727272727 0.2727272727272727 0.36363636363636365
571 6285 0.2727272727272727 0.2727272727272727 0.36363636363636365
572 6296 0.2727272727272727 0.2727272727272727 0.2727272727272727
573 6307 0.18181818181818182 0.2727272727272727 0.2727272727272727
574 6318 0.18181818181818182 0.2727272727272727 0.2727272727272727
575 6329 0.18181818181818182 0.2727272727272727 0.36363636363636365
576 6340 0.2727272727272727 0.36363636363636365 0.36363636363636365
577 6351 0.2727272727272727 0.36363636363636365 0.36363636363636365
578 6362 0.2727272727272727 0.36363636363636365 0.36363636363636365
579 6373 0.2727272727272727 0.36363636363636365 0.36363636363636365
580 6384 0.2727272727272727 0.36363636363636365 0.45454545454545453
581 6395 0.2727272727272727 0.36363636363636365 0.45454545454545453
582 6406 0.2727272727272727 0.36363636363636365 0.45454545454545453
583 6417 0.2727272727272727 0.45454545454545453 0.45454545454545453
584 6428 0.2727272727272727 0.45454545454545453 0.45454545454545453
585 6439 0.45454545454545453 0.45454545454545453 0.45454545454545453
586 6450 0.36363636363636365 0.45454545454545453 0.45454545454545453
587 6461 0.2727272727272727 0.36363636363636365 0.45454545454545453
588 6472 0.2727272727272727 0.36363636363636365 0.36363636363636365
589 6483 0.2727272727272727 0.36363636363636365 0.36363636363636365
590 6494 0.2727272727272727 0.2727272727272727 0.36363636363636365
591 6505 0.2727272727272727 0.2727272727272727 0.2727272727272727
592 6516 0.2727272727272727 0.2727272727272727 0.2727272727272727
593 6527 0.2727272727272727 0.2727272727272727 0.36363636363636365
594 6538 0.2727272727272727 0.2727272727272727 0.36363636363636365
595 6549 0.18181818181818182 0.2727272727272727 0.36363636363636365
596 6560 0.18181818181818182 0.2727272727272727 0.36363636363636365
597 6571 0.18181818181818182 0.2727272727272727 0.36363636363636365
598 6582 0.18181818181818182 0.2727272727272727 0.36363636363636365
599 6593 0.18181818181818182 0.2727272727272727 0.36363636363636365
600 6604 0.2727272727272727 0.2727272727272727 0.36363636363636365
601 6615 0.18181818181818182 0.2727272727272727 0.36363636363636365
602 6626 0.18181818181818182 0.2727272727272727 0.36363636363636365
603 6637 0.18181818181818182 0.2727272727272727 0.36363636363636365
604 6648 0.18181818181818182 0.2727272727272727 0.45454545454545453
605 6659 0.18181818181818182 0.2727272727272727 0.36363636363636365
606 6670 0.2727272727272727 0.2727272727272727 0.36363636363636365
607 6681 0.2727272727272727 0.2727272727272727 0.36363636363636365
608 6692 0.2727272727272727 0.2727272727272727 0.36363636363636365
609 6703 0.2727272727272727 0.36363636363636365 0.36363636363636365
610 6714 0.2727272727272727 0.2727272727272727 0.36363636363636365
611 6725 0.2727272727272727 0.2727272727272727 0.45454545454545453
612 6736 0.2727272727272727 0.2727272727272727 0.45454545454545453
613 6747 0.2727272727272727 0.2727272727272727 0.45454545454545453
614 6758 0.2727272727272727 0.2727272727272727 0.45454545454545453
615 6769 0.2727272727272727 0.36363636363636365 0.45454545454545453
616 6780 0.2727272727272727 0.36363636363636365 0.45454545454545453
617 6791 0.2727272727272727 0.36363636363636365 0.36363636363636365
618 6802 0.2727272727272727 0.36363636363636365 0.36363636363636365
619 6813 0.2727272727272727 0.36363636363636365 0.36363636363636365
620 6824 0.2727272727272727 0.36363636363636365 0.36363636363636365
621 6835 0.2727272727272727 0.36363636363636365 0.36363636363636365
622 6846 0.2727272727272727 0.36363636363636365 0.36363636363636365
623 6857 0.2727272727272727 0.36363636363636365 0.36363636363636365
624 6868 0.2727272727272727 0.36363636363636365 0.36363636363636365
625 6879 0.2727272727272727 0.2727272727272727 0.36363636363636365
626 6890 0.2727272727272727 0.36363636363636365 0.36363636363636365
627 6901 0.2727272727272727 0.36363636363636365 0.36363636363636365
628 6912 0.36363636363636365 0.36363636363636365 0.36363636363636365
629 6923 0.36363636363636365 0.36363636363636365 0.36363636363636365
630 6934 0.36363636363636365 0.36363636363636365 0.45454545454545453
631 6945 0.36363636363636365 0.36363636363636365 0.45454545454545453
632 6956 0.36363636363636365 0.36363636363636365 0.45454545454545453
633 6967 0.36363636363636365 0.36363636363636365 0.45454545454545453
634 6978 0.36363636363636365 0.36363636363636365 0.36363636363636365
635 6989 0.18181818181818182 0.36363636363636365 0.36363636363636365
636 7000 0.18181818181818182 0.36363636363636365 0.36363636363636365
637 7011 0.2727272727272727 0.36363636363636365 0.36363636363636365
638 7022 0.2727272727272727 0.2727272727272727 0.36363636363636365
639 7033 0.2727272727272727 0.2727272727272727 0.2727272727272727
640 7044 0.2727272727272727 0.2727272727272727 0.2727272727272727
641 7055 0.2727272727272727 0.2727272727272727 0.2727272727272727
642 7066 0.2727272727272727 0.2727272727272727 0.2727272727272727
643 7077 0.2727272727272727 0.2727272727272727 0.2727272727272727
644 7088 0.2727272727272727 0.2727272727272727 0.2727272727272727
645 7099 0.2727272727272727 0.2727272727272727 0.36363636363636365
646 7110 0.2727272727272727 0.2727272727272727 0.36363636363636365
647 7121 0.2727272727272727 0.2727272727272727 0.45454545454545453
648 7132 0.2727272727272727 0.2727272727272727 0.45454545454545453
649 7143 0.2727272727272727 0.45454545454545453 0.5454545454545454
650 7154 0.36363636363636365 0.45454545454545453 0.5454545454545454
651 7165 0.2727272727272727 0.45454545454545453 0.5454545454545454
652 7176 0.2727272727272727 0.2727272727272727 0.5454545454545454
653 7187 0.2727272727272727 0.2727272727272727 0.45454545454545453
654 7198 0.2727272727272727 0.36363636363636365 0.45454545454545453
655 7209 0.2727272727272727 0.36363636363636365 0.36363636363636365
656 7220 0.2727272727272727 0.2727272727272727 0.36363636363636365
657 7231 0.2727272727272727 0.2727272727272727 0.36363636363636365
658 7242 0.2727272727272727 0.2727272727272727 0.2727272727272727
659 7253 0.2727272727272727 0.2727272727272727 0.45454545454545453
660 7264 0.2727272727272727 0.2727272727272727 0.36363636363636365
661 7275 0.2727272727272727 0.2727272727272727 0.2727272727272727
662 7286 0.2727272727272727 0.2727272727272727 0.36363636363636365
663 7297 0.2727272727272727 0.2727272727272727 0.36363636363636365
664 7308 0.2727272727272727 0.2727272727272727 0.2727272727272727
665 7319 0.2727272727272727 0.2727272727272727 0.36363636363636365
666 7330 0.2727272727272727 0.36363636363636365 0.45454545454545453
667 7341 0.36363636363636365 0.45454545454545453 0.45454545454545453
668 7352 0.36363636363636365 0.45454545454545453 0.45454545454545453
669 7363 0.36363636363636365 0.45454545454545453 0.45454545454545453
670 7374 0.2727272727272727 0.45454545454545453 0.45454545454545453
671 7385 0.2727272727272727 0.36363636363636365 0.45454545454545453
672 7396 0.2727272727272727 0.36363636363636365 0.45454545454545453
673 7407 0.2727272727272727 0.36363636363636365 0.36363636363636365
674 7418 0.36363636363636365 0.36363636363636365 0.36363636363636365
675 7429 0.36363636363636365 0.36363636363636365 0.36363636363636365
676 7440 0.36363636363636365 0.36363636363636365 0.36363636363636365
677 7451 0.36363636363636365 0.36363636363636365 0.45454545454545453
678 7462 0.2727272727272727 0.36363636363636365 0.45454545454545453
679 7473 0.18181818181818182 0.2727272727272727 0.36363636363636365
680 7484 0.18181818181818182 0.2727272727272727 0.36363636363636365
681 7495 0.2727272727272727 0.36363636363636365 0.45454545454545453
682 7506 0.2727272727272727 0.2727272727272727 0.36363636363636365
683 7517 0.2727272727272727 0.2727272727272727 0.36363636363636365
684 7528 0.2727272727272727 0.36363636363636365 0.45454545454545453
685 7539 0.2727272727272727 0.36363636363636365 0.45454545454545453
686 7550 0.2727272727272727 0.36363636363636365 0.36363636363636365
687 7561 0.2727272727272727 0.36363636363636365 0.36363636363636365
688 7572 0.2727272727272727 0.2727272727272727 0.36363636363636365
689 7583 0.2727272727272727 0.2727272727272727 0.36363636363636365
690 7594 0.2727272727272727 0.2727272727272727 0.36363636363636365
691 7605 0.2727272727272727 0.36363636363636365 0.36363636363636365
692 7616 0.2727272727272727 0.36363636363636365 0.36363636363636365
693 7627 0.36363636363636365 0.36363636363636365 0.36363636363636365
694 7638 0.18181818181818182 0.36363636363636365 0.36363636363636365
695 7649 0.18181818181818182 0.36363636363636365 0.36363636363636365
696 7660 0.36363636363636365 0.36363636363636365 0.45454545454545453
697 7671 0.36363636363636365 0.36363636363636365 0.45454545454545453
698 7682 0.2727272727272727 0.36363636363636365 0.36363636363636365
699 7693 0.2727272727272727 0.36363636363636365 0.45454545454545453
700 7704 0.2727272727272727 0.2727272727272727 0.45454545454545453
701 7715 0.2727272727272727 0.45454545454545453 0.45454545454545453
702 7726 0.18181818181818182 0.2727272727272727 0.45454545454545453
703 7737 0.2727272727272727 0.2727272727272727 0.45454545454545453
704 7748 0.2727272727272727 0.36363636363636365 0.45454545454545453
705 7759 0.2727272727272727 0.36363636363636365 0.45454545454545453
706 7770 0.2727272727272727 0.36363636363636365 0.45454545454545453
707 7781 0.18181818181818182 0.36363636363636365 0.45454545454545453
708 7792 0.18181818181818182 0.36363636363636365 0.36363636363636365
709 7803 0.18181818181818182 0.36363636363636365 0.36363636363636365
710 7814 0.2727272727272727 0.36363636363636365 0.36363636363636365
711 7825 0.36363636363636365 0.36363636363636365 0.45454545454545453
712 7836 0.2727272727272727 0.36363636363636365 0.45454545454545453
713 7847 0.2727272727272727 0.45454545454545453 0.45454545454545453
714 7858 0.2727272727272727 0.45454545454545453 0.45454545454545453
715 7869 0.2727272727272727 0.45454545454545453 0.45454545454545453
716 7880 0.2727272727272727 0.2727272727272727 0.45454545454545453
717 7891 0.2727272727272727 0.2727272727272727 0.36363636363636365
718 7902 0.2727272727272727 0.2727272727272727 0.36363636363636365
719 7913 0.2727272727272727 0.36363636363636365 0.45454545454545453
720 7924 0.2727272727272727 0.36363636363636365 0.36363636363636365
721 7935 0.2727272727272727 0.36363636363636365 0.36363636363636365
722 7946 0.2727272727272727 0.2727272727272727 0.36363636363636365
723 7957 0.18181818181818182 0.2727272727272727 0.2727272727272727
724 7968 0.18181818181818182 0.2727272727272727 0.36363636363636365
725 7979 0.18181818181818182 0.18181818181818182 0.36363636363636365
726 7990 0.18181818181818182 0.2727272727272727 0.36363636363636365
727 8001 0.2727272727272727 0.36363636363636365 0.36363636363636365
728 8012 0.36363636363636365 0.36363636363636365 0.45454545454545453
729 8023 0.36363636363636365 0.36363636363636365 0.45454545454545453
730 8034 0.2727272727272727 0.36363636363636365 0.36363636363636365
731 8045 0.2727272727272727 0.36363636363636365 0.45454545454545453
732 8056 0.2727272727272727 0.2727272727272727 0.45454545454545453
733 8067 0.2727272727272727 0.2727272727272727 0.2727272727272727
734 8078 0.2727272727272727 0.2727272727272727 0.2727272727272727
735 8089 0.2727272727272727 0.2727272727272727 0.45454545454545453
736 8100 0.2727272727272727 0.2727272727272727 0.45454545454545453
737 8111 0.2727272727272727 0.36363636363636365 0.45454545454545453
738 8122 0.2727272727272727 0.36363636363636365 0.45454545454545453
739 8133 0.2727272727272727 0.2727272727272727 0.36363636363636365
740 8144 0.2727272727272727 0.2727272727272727 0.36363636363636365
741 8155 0.2727272727272727 0.2727272727272727 0.36363636363636365
742 8166 0.2727272727272727 0.36363636363636365 0.45454545454545453
743 8177 0.36363636363636365 0.45454545454545453 0.45454545454545453
744 8188 0.2727272727272727 0.45454545454545453 0.45454545454545453
745 8199 0.2727272727272727 0.45454545454545453 0.45454545454545453
746 8210 0.18181818181818182 0.45454545454545453 0.45454545454545453
747 8221 0.18181818181818182 0.36363636363636365 0.45454545454545453
748 8232 0.18181818181818182 0.2727272727272727 0.36363636363636365
749 8243 0.2727272727272727 0.2727272727272727 0.36363636363636365
750 8254 0.2727272727272727 0.2727272727272727 0.36363636363636365
751 8265 0.2727272727272727 0.2727272727272727 0.36363636363636365
752 8276 0.2727272727272727 0.36363636363636365 0.45454545454545453
753 8287 0.18181818181818182 0.36363636363636365 0.45454545454545453
754 8298 0.09090909090909091 0.18181818181818182 0.45454545454545453
755 8309 0.09090909090909091 0.18181818181818182 0.2727272727272727
756 8320 0.09090909090909091 0.18181818181818182 0.36363636363636365
757 8331 0.09090909090909091 0.18181818181818182 0.2727272727272727
758 8342 0.09090909090909091 0.2727272727272727 0.2727272727272727
759 8353 0.2727272727272727 0.2727272727272727 0.36363636363636365
760 8364 0.2727272727272727 0.36363636363636365 0.36363636363636365
761 8375 0.2727272727272727 0.2727272727272727 0.36363636363636365
762 8386 0.2727272727272727 0.2727272727272727 0.2727272727272727
763 8397 0.18181818181818182 0.2727272727272727 0.2727272727272727
764 8408 0.18181818181818182 0.18181818181818182 0.2727272727272727
765 8419 0.18181818181818182 0.18181818181818182 0.2727272727272727
766 8430 0.18181818181818182 0.18181818181818182 0.2727272727272727
767 8441 0.18181818181818182 0.18181818181818182 0.18181818181818182
768 8452 0.18181818181818182 0.18181818181818182 0.36363636363636365
769 8463 0.18181818181818182 0.18181818181818182 0.36363636363636365
770 8474 0.18181818181818182 0.2727272727272727 0.36363636363636365
771 8485 0.18181818181818182 0.2727272727272727 0.2727272727272727
772 8496 0.18181818181818182 0.2727272727272727 0.2727272727272727
773 8507 0.2727272727272727 0.2727272727272727 0.2727272727272727
774 8518 0.18181818181818182 0.2727272727272727 0.2727272727272727
775 8529 0.18181818181818182 0.2727272727272727 0.2727272727272727
776 8540 0.09090909090909091 0.18181818181818182 0.2727272727272727
777 8551 0.09090909090909091 0.2727272727272727 0.2727272727272727
778 8562 0.09090909090909091 0.18181818181818182 0.2727272727272727
779 8573 0.18181818181818182 0.2727272727272727 0.2727272727272727
780 8584 0.18181818181818182 0.2727272727272727 0.36363636363636365
781 8595 0.18181818181818182 0.18181818181818182 0.2727272727272727
782 8606 0.18181818181818182 0.2727272727272727 0.45454545454545453
783 8617 0.09090909090909091 0.18181818181818182 0.45454545454545453
784 8628 0.18181818181818182 0.36363636363636365 0.45454545454545453
785 8639 0.18181818181818182 0.2727272727272727 0.36363636363636365
786 8650 0.2727272727272727 0.2727272727272727 0.36363636363636365
787 8661 0.2727272727272727 0.2727272727272727 0.36363636363636365
788 8672 0.2727272727272727 0.2727272727272727 0.36363636363636365
789 8683 0.18181818181818182 0.2727272727272727 0.2727272727272727
790 8694 0.18181818181818182 0.2727272727272727 0.2727272727272727
791 8705 0.18181818181818182 0.18181818181818182 0.2727272727272727
792 8716 0.18181818181818182 0.18181818181818182 0.2727272727272727
793 8727 0.18181818181818182 0.2727272727272727 0.2727272727272727
794 8738 0.18181818181818182 0.18181818181818182 0.2727272727272727
795 8749 0.18181818181818182 0.18181818181818182 0.2727272727272727
796 8760 0.18181818181818182 0.18181818181818182 0.2727272727272727
797 8771 0.18181818181818182 0.18181818181818182 0.2727272727272727
798 8782 0.18181818181818182 0.2727272727272727 0.2727272727272727
799 8793 0.18181818181818182 0.18181818181818182 0.2727272727272727
800 8804 0.18181818181818182 0.2727272727272727 0.2727272727272727
801 8815 0.18181818181818182 0.2727272727272727 0.2727272727272727
802 8826 0.18181818181818182 0.18181818181818182 0.2727272727272727
803 8837 0.18181818181818182 0.18181818181818182 0.2727272727272727
804 8848 0.18181818181818182 0.2727272727272727 0.2727272727272727
805 8859 0.18181818181818182 0.2727272727272727 0.2727272727272727
806 8870 0.18181818181818182 0.2727272727272727 0.2727272727272727
807 8881 0.2727272727272727 0.2727272727272727 0.2727272727272727
808 8892 0.09090909090909091 0.2727272727272727 0.2727272727272727
809 8903 0.18181818181818182 0.2727272727272727 0.2727272727272727
810 8914 0.18181818181818182 0.2727272727272727 0.2727272727272727
811 8925 0.2727272727272727 0.2727272727272727 0.2727272727272727
812 8936 0.2727272727272727 0.2727272727272727 0.2727272727272727
813 8947 0.2727272727272727 0.2727272727272727 0.2727272727272727
814 8958 0.2727272727272727 0.2727272727272727 0.2727272727272727
815 8969 0.18181818181818182 0.2727272727272727 0.2727272727272727
816 8980 0.2727272727272727 0.2727272727272727 0.36363636363636365
817 8991 0.18181818181818182 0.2727272727272727 0.2727272727272727
818 9002 0.18181818181818182 0.2727272727272727 0.2727272727272727
819 9013 0.18181818181818182 0.2727272727272727 0.45454545454545453
820 9024 0.18181818181818182 0.2727272727272727 0.45454545454545453
821 9035 0.18181818181818182 0.18181818181818182 0.2727272727272727
822 9046 0.18181818181818182 0.18181818181818182 0.2727272727272727
823 9057 0.18181818181818182 0.18181818181818182 0.2727272727272727
824 9068 0.18181818181818182 0.2727272727272727 0.2727272727272727
825 9079 0.18181818181818182 0.2727272727272727 0.2727272727272727
826 9090 0.2727272727272727 0.2727272727272727 0.36363636363636365
827 9101 0.2727272727272727 0.36363636363636365 0.36363636363636365
828 9112 0.2727272727272727 0.36363636363636365 0.36363636363636365
829 9123 0.18181818181818182 0.2727272727272727 0.36363636363636365
830 9134 0.18181818181818182 0.36363636363636365 0.36363636363636365
831 9145 0.2727272727272727 0.36363636363636365 0.36363636363636365
832 9156 0.2727272727272727 0.36363636363636365 0.36363636363636365
833 9167 0.2727272727272727 0.36363636363636365 0.36363636363636365
834 9178 0.2727272727272727 0.36363636363636365 0.45454545454545453
835 9189 0.2727272727272727 0.2727272727272727 0.45454545454545453
836 9200 0.2727272727272727 0.45454545454545453 0.5454545454545454
837 9211 0.2727272727272727 0.5454545454545454 0.5454545454545454
838 9222 0.2727272727272727 0.45454545454545453 0.5454545454545454
839 9233 0.36363636363636365 0.45454545454545453 0.5454545454545454
840 9244 0.36363636363636365 0.45454545454545453 0.5454545454545454
841 9255 0.2727272727272727 0.36363636363636365 0.5454545454545454
842 9266 0.2727272727272727 0.36363636363636365 0.5454545454545454
843 9277 0.2727272727272727 0.36363636363636365 0.36363636363636365
844 9288 0.2727272727272727 0.2727272727272727 0.36363636363636365
845 9299 0.2727272727272727 0.2727272727272727 0.36363636363636365
846 9310 0.2727272727272727 0.36363636363636365 0.45454545454545453
847 9321 0.2727272727272727 0.36363636363636365 0.45454545454545453
848 9332 0.2727272727272727 0.36363636363636365 0.36363636363636365
849 9343 0.18181818181818182 0.36363636363636365 0.36363636363636365
850 9354 0.18181818181818182 0.36363636363636365 0.45454545454545453
851 9365 0.36363636363636365 0.45454545454545453 0.45454545454545453
852 9376 0.36363636363636365 0.45454545454545453 0.45454545454545453
853 9387 0.36363636363636365 0.45454545454545453 0.45454545454545453
854 9398 0.18181818181818182 0.36363636363636365 0.45454545454545453
855 9409 0.18181818181818182 0.2727272727272727 0.36363636363636365
856 9420 0.2727272727272727 0.36363636363636365 0.36363636363636365
857 9431 0.36363636363636365 0.36363636363636365 0.36363636363636365
858 9442 0.36363636363636365 0.36363636363636365 0.36363636363636365
859 9453 0.36363636363636365 0.36363636363636365 0.36363636363636365
860 9464 0.36363636363636365 0.36363636363636365 0.36363636363636365
861 9475 0.2727272727272727 0.36363636363636365 0.36363636363636365
862 9486 0.2727272727272727 0.36363636363636365 0.36363636363636365
863 9497 0.2727272727272727 0.36363636363636365 0.36363636363636365
864 9508 0.2727272727272727 0.36363636363636365 0.36363636363636365
865 9519 0.2727272727272727 0.2727272727272727 0.36363636363636365
866 9530 0.2727272727272727 0.36363636363636365 0.36363636363636365
867 9541 0.2727272727272727 0.36363636363636365 0.36363636363636365
868 9552 0.2727272727272727 0.2727272727272727 0.36363636363636365
869 9563 0.2727272727272727 0.2727272727272727 0.36363636363636365
870 9574 0.18181818181818182 0.2727272727272727 0.2727272727272727
871 9585 0.18181818181818182 0.18181818181818182 0.2727272727272727
872 9596 0.18181818181818182 0.2727272727272727 0.2727272727272727
873 9607 0.18181818181818182 0.2727272727272727 0.2727272727272727
874 9618 0.2727272727272727 0.2727272727272727 0.36363636363636365
875 9629 0.2727272727272727 0.2727272727272727 0.5454545454545454
876 9640 0.2727272727272727 0.2727272727272727 0.2727272727272727
877 9651 0.2727272727272727 0.2727272727272727 0.2727272727272727
878 9662 0.2727272727272727 0.2727272727272727 0.2727272727272727
879 9673 0.2727272727272727 0.2727272727272727 0.2727272727272727
880 9684 0.2727272727272727 0.2727272727272727 0.2727272727272727
881 9695 0.2727272727272727 0.2727272727272727 0.2727272727272727
882 9706 0.2727272727272727 0.2727272727272727 0.36363636363636365
883 9717 0.2727272727272727 0.2727272727272727 0.36363636363636365
884 9728 0.2727272727272727 0.36363636363636365 0.36363636363636365
885 9739 0.2727272727272727 0.36363636363636365 0.36363636363636365
886 9750 0.18181818181818182 0.36363636363636365 0.36363636363636365
887 9761 0.18181818181818182 0.2727272727272727 0.36363636363636365
888 9772 0.18181818181818182 0.18181818181818182 0.2727272727272727
889 9783 0.18181818181818182 0.18181818181818182 0.18181818181818182
890 9794 0.18181818181818182 0.18181818181818182 0.18181818181818182
891 9805 0.18181818181818182 0.18181818181818182 0.2727272727272727
892 9816 0.18181818181818182 0.2727272727272727 0.36363636363636365
893 9827 0.18181818181818182 0.36363636363636365 0.36363636363636365
894 9838 0.2727272727272727 0.36363636363636365 0.36363636363636365
895 9849 0.2727272727272727 0.36363636363636365 0.36363636363636365
896 9860 0.2727272727272727 0.2727272727272727 0.36363636363636365
897 9871 0.2727272727272727 0.2727272727272727 0.36363636363636365
898 9882 0.18181818181818182 0.2727272727272727 0.2727272727272727
899 9893 0.18181818181818182 0.18181818181818182 0.2727272727272727
900 9904 0.18181818181818182 0.18181818181818182 0.2727272727272727
901 9915 0.18181818181818182 0.18181818181818182 0.2727272727272727
902 9926 0.18181818181818182 0.18181818181818182 0.2727272727272727
903 9937 0.18181818181818182 0.2727272727272727 0.2727272727272727
904 9948 0.18181818181818182 0.2727272727272727 0.2727272727272727
905 9959 0.2727272727272727 0.2727272727272727 0.2727272727272727
906 9970 0.2727272727272727 0.2727272727272727 0.2727272727272727
907 9981 0.2727272727272727 0.2727272727272727 0.2727272727272727
908 9992 0.2727272727272727 0.2727272727272727 0.2727272727272727
909 10003 0.2727272727272727 0.2727272727272727 0.36363636363636365
910 10014 0.2727272727272727 0.36363636363636365 0.36363636363636365
911 10025 0.2727272727272727 0.36363636363636365 0.36363636363636365
912 10036 0.2727272727272727 0.36363636363636365 0.36363636363636365
913 10047 0.2727272727272727 0.2727272727272727 0.36363636363636365
914 10058 0.2727272727272727 0.36363636363636365 0.36363636363636365
915 10069 0.2727272727272727 0.2727272727272727 0.36363636363636365
916 10080 0.2727272727272727 0.2727272727272727 0.36363636363636365
917 10091 0.2727272727272727 0.2727272727272727 0.36363636363636365
918 10102 0.2727272727272727 0.36363636363636365 0.36363636363636365
919 10113 0.2727272727272727 0.36363636363636365 0.36363636363636365
920 10124 0.2727272727272727 0.36363636363636365 0.36363636363636365
921 10135 0.2727272727272727 0.2727272727272727 0.36363636363636365
922 10146 0.18181818181818182 0.2727272727272727 0.36363636363636365
923 10157 0.09090909090909091 0.18181818181818182 0.2727272727272727
924 10168 0.09090909090909091 0.09090909090909091 0.18181818181818182
925 10179 0.09090909090909091 0.09090909090909091 0.18181818181818182
926 10190 0.09090909090909091 0.09090909090909091 0.2727272727272727
927 10201 0.09090909090909091 0.18181818181818182 0.2727272727272727
928 10212 0.18181818181818182 0.2727272727272727 0.2727272727272727
929 10223 0.2727272727272727 0.2727272727272727 0.2727272727272727
930 10234 0.2727272727272727 0.2727272727272727 0.36363636363636365
931 10245 0.2727272727272727 0.2727272727272727 0.36363636363636365
932 10256 0.2727272727272727 0.2727272727272727 0.36363636363636365
933 10267 0.2727272727272727 0.2727272727272727 0.36363636363636365
934 10278 0.2727272727272727 0.36363636363636365 0.36363636363636365
935 10289 0.18181818181818182 0.2727272727272727 0.36363636363636365
936 10300 0.18181818181818182 0.18181818181818182 0.36363636363636365
937 10311 0.18181818181818182 0.18181818181818182 0.36363636363636365
938 10322 0.18181818181818182 0.2727272727272727 0.36363636363636365
939 10333 0.18181818181818182 0.2727272727272727 0.45454545454545453
940 10344 0.2727272727272727 0.36363636363636365 0.45454545454545453
941 10355 0.2727272727272727 0.36363636363636365 0.45454545454545453
942 10366 0.2727272727272727 0.2727272727272727 0.45454545454545453
943 10377 0.2727272727272727 0.2727272727272727 0.36363636363636365
944 10388 0.2727272727272727 0.2727272727272727 0.2727272727272727
945 10399 0.2727272727272727 0.2727272727272727 0.36363636363636365
946 10410 0.2727272727272727 0.2727272727272727 0.2727272727272727
947 10421 0.2727272727272727 0.2727272727272727 0.36363636363636365
948 10432 0.2727272727272727 0.36363636363636365 0.45454545454545453
949 10443 0.2727272727272727 0.36363636363636365 0.45454545454545453
950 10454 0.2727272727272727 0.2727272727272727 0.45454545454545453
951 10465 0.2727272727272727 0.36363636363636365 0.45454545454545453
952 10476 0.2727272727272727 0.2727272727272727 0.36363636363636365
953 10487 0.2727272727272727 0.2727272727272727 0.36363636363636365
954 10498 0.2727272727272727 0.2727272727272727 0.36363636363636365
955 10509 0.2727272727272727 0.2727272727272727 0.36363636363636365
956 10520 0.2727272727272727 0.2727272727272727 0.36363636363636365
957 10531 0.2727272727272727 0.2727272727272727 0.36363636363636365
958 10542 0.2727272727272727 0.2727272727272727 0.2727272727272727
959 10553 0.2727272727272727 0.2727272727272727 0.2727272727272727
960 10564 0.18181818181818182 0.2727272727272727 0.2727272727272727
961 10575 0.18181818181818182 0.2727272727272727 0.36363636363636365
962 10586 0.18181818181818182 0.2727272727272727 0.36363636363636365
963 10597 0.18181818181818182 0.18181818181818182 0.36363636363636365
964 10608 0.18181818181818182 0.2727272727272727 0.36363636363636365
965 10619 0.18181818181818182 0.2727272727272727 0.36363636363636365
966 10630 0.2727272727272727 0.2727272727272727 0.36363636363636365
967 10641 0.2727272727272727 0.2727272727272727 0.36363636363636365
968 10652 0.2727272727272727 0.2727272727272727 0.36363636363636365
969 10663 0.2727272727272727 0.2727272727272727 0.36363636363636365
970 10674 0.2727272727272727 0.2727272727272727 0.36363636363636365
971 10685 0.2727272727272727 0.2727272727272727 0.2727272727272727
972 10696 0.2727272727272727 0.2727272727272727 0.2727272727272727
973 10707 0.18181818181818182 0.2727272727272727 0.2727272727272727
974 10718 0.18181818181818182 0.2727272727272727 0.36363636363636365
975 10729 0.18181818181818182 0.36363636363636365 0.36363636363636365
976 10740 0.36363636363636365 0.36363636363636365 0.36363636363636365
977 10751 0.36363636363636365 0.36363636363636365 0.36363636363636365
978 10762 0.36363636363636365 0.36363636363636365 0.36363636363636365
979 10773 0.36363636363636365 0.36363636363636365 0.36363636363636365
980 10784 0.36363636363636365 0.36363636363636365 0.36363636363636365
981 10795 0.36363636363636365 0.36363636363636365 0.36363636363636365
982 10806 0.36363636363636365 0.36363636363636365 0.36363636363636365
983 10817 0.2727272727272727 0.36363636363636365 0.36363636363636365
984 10828 0.18181818181818182 0.2727272727272727 0.36363636363636365
985 10839 0.18181818181818182 0.2727272727272727 0.36363636363636365
986 10850 0.2727272727272727 0.36363636363636365 0.36363636363636365
987 10861 0.2727272727272727 0.2727272727272727 0.36363636363636365
988 10872 0.18181818181818182 0.2727272727272727 0.2727272727272727
989 10883 0.18181818181818182 0.2727272727272727 0.2727272727272727
990 10894 0.2727272727272727 0.2727272727272727 0.2727272727272727
991 10905 0.2727272727272727 0.2727272727272727 0.36363636363636365
992 10916 0.2727272727272727 0.2727272727272727 0.36363636363636365
993 10927 0.2727272727272727 0.2727272727272727 0.5454545454545454
994 10938 0.2727272727272727 0.2727272727272727 0.5454545454545454
995 10949 0.2727272727272727 0.36363636363636365 0.5454545454545454
996 10960 0.2727272727272727 0.36363636363636365 0.5454545454545454
997 10971 0.36363636363636365 0.45454545454545453 0.5454545454545454
998 10982 0.2727272727272727 0.45454545454545453 0.5454545454545454
999 10993 0.2727272727272727 0.45454545454545453 0.5454545454545454
1000 11004 0.2727272727272727 0.36363636363636365 0.45454545454545453
