% # columns="iteration, evaluation, min max(neg(.)) min(pos(.)) max correlation, correlation matrix principal axes lengths  (sorted square roots of eigenvalues of correlation matrix)", seed=170615, Tue Feb 21 18:30:08 2023
1 10 -0.12015067460674504 -0.01607121568816383 0.02936991257221927 0.07023597255671768 0.9081355733307493 0.9415355544316958 0.9781000078674903 0.9848207520627413 0.9960577991434364 0.9988681904517527 1.0137468764928663 1.0234632426627797 1.1389558820677574
2 20 -0.1376564181338703 -0.019177291972708437 0.054125522719845616 0.1369561451965896 0.9081355733307493 0.9415355544316958 0.9781000078674903 0.9848207520627413 0.9960577991434364 0.9988681904517527 1.0137468764928663 1.0234632426627797 1.1389558820677574
3 30 -0.13536192011995027 -0.04493812851306773 0.06754976452330831 0.1646767030620102 0.9081355733307493 0.9415355544316958 0.9781000078674903 0.9848207520627413 0.9960577991434364 0.9988681904517527 1.0137468764928663 1.0234632426627797 1.1389558820677574
4 40 -0.1495591107213013 -0.05420795832371987 0.067756266242013 0.19864156710586522 0.9081355733307493 0.9415355544316958 0.9781000078674903 0.9848207520627413 0.9960577991434364 0.9988681904517527 1.0137468764928663 1.0234632426627797 1.1389558820677574
5 50 -0.14355591768235035 -0.05208726892788504 0.0601601982604255 0.22364371074729994 0.9081355733307493 0.9415355544316958 0.9781000078674903 0.9848207520627413 0.9960577991434364 0.9988681904517527 1.0137468764928663 1.0234632426627797 1.1389558820677574
6 60 -0.1427518278275846 -0.05293304153188831 0.06052636117645753 0.24133037318253395 0.9081355733307493 0.9415355544316958 0.9781000078674903 0.9848207520627413 0.9960577991434364 0.9988681904517527 1.0137468764928663 1.0234632426627797 1.1389558820677574
7 70 -0.22987909509966126 -0.0873400776643983 0.07382192298642545 0.29294279197993456 0.9081355733307493 0.9415355544316958 0.9781000078674903 0.9848207520627413 0.9960577991434364 0.9988681904517527 1.0137468764928663 1.0234632426627797 1.1389558820677574
8 80 -0.28285008071269635 -0.10009038891492891 0.08683044503572898 0.3226854291742437 0.9081355733307493 0.9415355544316958 0.9781000078674903 0.9848207520627413 0.9960577991434364 0.9988681904517527 1.0137468764928663 1.0234632426627797 1.1389558820677574
9 90 -0.29024951815151173 -0.1054485475379095 0.08231714140995265 0.3291670185814142 0.9081355733307493 0.9415355544316958 0.9781000078674903 0.9848207520627413 0.9960577991434364 0.9988681904517527 1.0137468764928663 1.0234632426627797 1.1389558820677574
10 100 -0.34383022157435095 -0.12057511536722015 0.07157913062031059 0.3349517084984701 0.6600807963324166 0.7696340145162667 0.8834404968824616 0.9042400195411002 0.9268624980641866 1.0064160548132877 1.041305080637424 1.1924230541687926 1.4126936415100229
11 110 -0.3494871947933768 -0.13266651301944485 0.08292240739825146 0.37175129860131045 0.6600807963324166 0.7696340145162667 0.8834404968824616 0.9042400195411002 0.9268624980641866 1.0064160548132877 1.041305080637424 1.1924230541687926 1.4126936415100229
12 120 -0.37753912616647173 -0.13345908469608503 0.0814701560114103 0.34762243469693294 0.6600807963324166 0.7696340145162667 0.8834404968824616 0.9042400195411002 0.9268624980641866 1.0064160548132877 1.041305080637424 1.1924230541687926 1.4126936415100229
13 130 -0.3898984720499772 -0.1416620973549193 0.10021228353255676 0.34066471007191507 0.6600807963324166 0.7696340145162667 0.8834404968824616 0.9042400195411002 0.9268624980641866 1.0064160548132877 1.041305080637424 1.1924230541687926 1.4126936415100229
14 140 -0.4074973692844265 -0.14890763878526478 0.11142709907223453 0.3435292218377847 0.6600807963324166 0.7696340145162667 0.8834404968824616 0.9042400195411002 0.9268624980641866 1.0064160548132877 1.041305080637424 1.1924230541687926 1.4126936415100229
15 150 -0.37304892323279804 -0.13398700747088008 0.09957328981934273 0.3353282066310257 0.6600807963324166 0.7696340145162667 0.8834404968824616 0.9042400195411002 0.9268624980641866 1.0064160548132877 1.041305080637424 1.1924230541687926 1.4126936415100229
16 160 -0.3665723231611375 -0.14018244771802724 0.10069465259185262 0.3570360366373282 0.6600807963324166 0.7696340145162667 0.8834404968824616 0.9042400195411002 0.9268624980641866 1.0064160548132877 1.041305080637424 1.1924230541687926 1.4126936415100229
17 170 -0.3651174338918336 -0.13898469973488264 0.10643275677563989 0.37817134602338826 0.6600807963324166 0.7696340145162667 0.8834404968824616 0.9042400195411002 0.9268624980641866 1.0064160548132877 1.041305080637424 1.1924230541687926 1.4126936415100229
18 180 -0.4353562047691939 -0.16102626142692972 0.1273715765355358 0.4494214186742327 0.6600807963324166 0.7696340145162667 0.8834404968824616 0.9042400195411002 0.9268624980641866 1.0064160548132877 1.041305080637424 1.1924230541687926 1.4126936415100229
19 190 -0.4557377023675956 -0.16647173384854497 0.13941998270623263 0.5220134158425686 0.6063880988655641 0.6557105875520125 0.6961200027961688 0.8633961489488942 0.9487012431150454 0.9840238779643783 1.0539405293069664 1.285913603424249 1.529574991536608
20 200 -0.439737049419732 -0.14722550966527276 0.12490112214841474 0.528631082828729 0.6063880988655641 0.6557105875520125 0.6961200027961688 0.8633961489488942 0.9487012431150454 0.9840238779643783 1.0539405293069664 1.285913603424249 1.529574991536608
21 210 -0.4402200114563227 -0.19032753004140518 0.11742310103830406 0.5189459679326734 0.6063880988655641 0.6557105875520125 0.6961200027961688 0.8633961489488942 0.9487012431150454 0.9840238779643783 1.0539405293069664 1.285913603424249 1.529574991536608
22 220 -0.42884424493395784 -0.18375115043307252 0.10455784153439386 0.5487770036863404 0.6063880988655641 0.6557105875520125 0.6961200027961688 0.8633961489488942 0.9487012431150454 0.9840238779643783 1.0539405293069664 1.285913603424249 1.529574991536608
23 230 -0.4951514175240489 -0.20288480458071592 0.11262171542056049 0.5499059971551554 0.6063880988655641 0.6557105875520125 0.6961200027961688 0.8633961489488942 0.9487012431150454 0.9840238779643783 1.0539405293069664 1.285913603424249 1.529574991536608
24 240 -0.5037048743167836 -0.20005617628423214 0.10079216382784772 0.540916664647692 0.6063880988655641 0.6557105875520125 0.6961200027961688 0.8633961489488942 0.9487012431150454 0.9840238779643783 1.0539405293069664 1.285913603424249 1.529574991536608
25 250 -0.49210833942673904 -0.1861748869714095 0.09460110395310253 0.5072192944794797 0.6063880988655641 0.6557105875520125 0.6961200027961688 0.8633961489488942 0.9487012431150454 0.9840238779643783 1.0539405293069664 1.285913603424249 1.529574991536608
26 260 -0.46474368585928644 -0.18153108444870053 0.09854555913125354 0.5125201023382102 0.6063880988655641 0.6557105875520125 0.6961200027961688 0.8633961489488942 0.9487012431150454 0.9840238779643783 1.0539405293069664 1.285913603424249 1.529574991536608
27 270 -0.48684157257956817 -0.17871475616953425 0.10095023699877717 0.5120397580271558 0.6063880988655641 0.6557105875520125 0.6961200027961688 0.8633961489488942 0.9487012431150454 0.9840238779643783 1.0539405293069664 1.285913603424249 1.529574991536608
28 280 -0.48813283664968105 -0.17459092796830883 0.1317574669952588 0.5035534715279183 0.5189599890649614 0.6379145391851555 0.6654671357127275 0.7919316405793706 0.8275228062978931 0.9745477976538707 1.1414317315909115 1.3803464489714625 1.5527341100315744
29 290 -0.480025161482263 -0.1578248409346042 0.10603455393537707 0.491829423832966 0.5189599890649614 0.6379145391851555 0.6654671357127275 0.7919316405793706 0.8275228062978931 0.9745477976538707 1.1414317315909115 1.3803464489714625 1.5527341100315744
30 300 -0.48094438669732126 -0.16167833329494594 0.1176872414521115 0.46993319796459315 0.5189599890649614 0.6379145391851555 0.6654671357127275 0.7919316405793706 0.8275228062978931 0.9745477976538707 1.1414317315909115 1.3803464489714625 1.5527341100315744
31 310 -0.5042439032116599 -0.16988526772331142 0.1304505781120834 0.46826066480461687 0.5189599890649614 0.6379145391851555 0.6654671357127275 0.7919316405793706 0.8275228062978931 0.9745477976538707 1.1414317315909115 1.3803464489714625 1.5527341100315744
32 320 -0.48767629357190473 -0.17399858764728277 0.1319169285000057 0.4847459443694343 0.5189599890649614 0.6379145391851555 0.6654671357127275 0.7919316405793706 0.8275228062978931 0.9745477976538707 1.1414317315909115 1.3803464489714625 1.5527341100315744
33 330 -0.48395973540589493 -0.20280480847190877 0.1450972028280551 0.5676942019481905 0.5189599890649614 0.6379145391851555 0.6654671357127275 0.7919316405793706 0.8275228062978931 0.9745477976538707 1.1414317315909115 1.3803464489714625 1.5527341100315744
34 340 -0.4813897413171338 -0.15420350118395174 0.15180527668962157 0.5894117467706933 0.5189599890649614 0.6379145391851555 0.6654671357127275 0.7919316405793706 0.8275228062978931 0.9745477976538707 1.1414317315909115 1.3803464489714625 1.5527341100315744
35 350 -0.5244943157748893 -0.15250698180768957 0.14711505533821323 0.618477578242495 0.5189599890649614 0.6379145391851555 0.6654671357127275 0.7919316405793706 0.8275228062978931 0.9745477976538707 1.1414317315909115 1.3803464489714625 1.5527341100315744
36 360 -0.5300564772730141 -0.16442409616812137 0.13416210569750803 0.630559989559447 0.5189599890649614 0.6379145391851555 0.6654671357127275 0.7919316405793706 0.8275228062978931 0.9745477976538707 1.1414317315909115 1.3803464489714625 1.5527341100315744
37 370 -0.5050543960546832 -0.16617826106274805 0.14658124259100513 0.6730644387040923 0.4598707105734266 0.6105774046993893 0.671113695627933 0.8165828102511016 0.8802601701978765 1.0191677502351384 1.0880192553448595 1.3557361242630415 1.5694412620360083
38 380 -0.49586852808334614 -0.17674471276102702 0.14125823711663832 0.6885465024947603 0.4598707105734266 0.6105774046993893 0.671113695627933 0.8165828102511016 0.8802601701978765 1.0191677502351384 1.0880192553448595 1.3557361242630415 1.5694412620360083
39 390 -0.5340061777573639 -0.18331117786902623 0.13693782040392366 0.6459591785589499 0.4598707105734266 0.6105774046993893 0.671113695627933 0.8165828102511016 0.8802601701978765 1.0191677502351384 1.0880192553448595 1.3557361242630415 1.5694412620360083
40 400 -0.5510219471978283 -0.20341089142503654 0.13187470145148025 0.659799174623701 0.4598707105734266 0.6105774046993893 0.671113695627933 0.8165828102511016 0.8802601701978765 1.0191677502351384 1.0880192553448595 1.3557361242630415 1.5694412620360083
41 410 -0.5972612570613555 -0.20345464598603924 0.13561674396225815 0.6536439493152055 0.4598707105734266 0.6105774046993893 0.671113695627933 0.8165828102511016 0.8802601701978765 1.0191677502351384 1.0880192553448595 1.3557361242630415 1.5694412620360083
42 420 -0.586619892457204 -0.20927400853271655 0.13249608678107927 0.6593613349944758 0.4598707105734266 0.6105774046993893 0.671113695627933 0.8165828102511016 0.8802601701978765 1.0191677502351384 1.0880192553448595 1.3557361242630415 1.5694412620360083
43 430 -0.5721943844518518 -0.21523748257209574 0.13458500897016729 0.6516063917874351 0.4598707105734266 0.6105774046993893 0.671113695627933 0.8165828102511016 0.8802601701978765 1.0191677502351384 1.0880192553448595 1.3557361242630415 1.5694412620360083
44 440 -0.5943620201588202 -0.243238436329683 0.15409508915806855 0.6581520062016364 0.4598707105734266 0.6105774046993893 0.671113695627933 0.8165828102511016 0.8802601701978765 1.0191677502351384 1.0880192553448595 1.3557361242630415 1.5694412620360083
45 450 -0.5731601396773438 -0.22475587279923276 0.16050425023716727 0.6887379452754663 0.4598707105734266 0.6105774046993893 0.671113695627933 0.8165828102511016 0.8802601701978765 1.0191677502351384 1.0880192553448595 1.3557361242630415 1.5694412620360083
46 460 -0.5810585441375667 -0.21180468398216945 0.14950344519900974 0.6780380411814892 0.3980718160682421 0.5715227756811562 0.7229696678373791 0.8329658694069778 0.9156033650608957 0.9922472753688144 1.1093879324580267 1.2394502540109342 1.6457583575607602
47 470 -0.5815157939473011 -0.2039406924927202 0.15078439807607735 0.630036358342051 0.3980718160682421 0.5715227756811562 0.7229696678373791 0.8329658694069778 0.9156033650608957 0.9922472753688144 1.1093879324580267 1.2394502540109342 1.6457583575607602
48 480 -0.586090125580909 -0.1944083675211034 0.1601826719337479 0.6092154396755083 0.3980718160682421 0.5715227756811562 0.7229696678373791 0.8329658694069778 0.9156033650608957 0.9922472753688144 1.1093879324580267 1.2394502540109342 1.6457583575607602
49 490 -0.59182486967415 -0.1860752529758914 0.1619743950366756 0.5939664344331311 0.3980718160682421 0.5715227756811562 0.7229696678373791 0.8329658694069778 0.9156033650608957 0.9922472753688144 1.1093879324580267 1.2394502540109342 1.6457583575607602
50 500 -0.5806767018703355 -0.18603328937200503 0.1491302992174221 0.5571038251943745 0.3980718160682421 0.5715227756811562 0.7229696678373791 0.8329658694069778 0.9156033650608957 0.9922472753688144 1.1093879324580267 1.2394502540109342 1.6457583575607602
51 510 -0.5934233850761845 -0.1774728963356841 0.14513903466850048 0.5362269812980619 0.3980718160682421 0.5715227756811562 0.7229696678373791 0.8329658694069778 0.9156033650608957 0.9922472753688144 1.1093879324580267 1.2394502540109342 1.6457583575607602
52 520 -0.5615343927336277 -0.14674934837632525 0.18304376320777138 0.5416021643618432 0.3980718160682421 0.5715227756811562 0.7229696678373791 0.8329658694069778 0.9156033650608957 0.9922472753688144 1.1093879324580267 1.2394502540109342 1.6457583575607602
53 530 -0.5508424471434423 -0.14658090366913723 0.1707371121707752 0.5403978911426656 0.3980718160682421 0.5715227756811562 0.7229696678373791 0.8329658694069778 0.9156033650608957 0.9922472753688144 1.1093879324580267 1.2394502540109342 1.6457583575607602
54 540 -0.587557445541398 -0.1479452136336524 0.15927107319268377 0.5803138778179767 0.3980718160682421 0.5715227756811562 0.7229696678373791 0.8329658694069778 0.9156033650608957 0.9922472753688144 1.1093879324580267 1.2394502540109342 1.6457583575607602
55 550 -0.5827947722821728 -0.16672334462164617 0.15497293880005814 0.6100581292895982 0.3704803214653669 0.5542192722460667 0.5970680547277507 0.7123861797488121 0.9187353123705261 1.0953959900022734 1.158987435849939 1.2379319304551104 1.6649044142522142
56 560 -0.5866465723693065 -0.1311282060373145 0.15779004124926638 0.6218447980461422 0.3704803214653669 0.5542192722460667 0.5970680547277507 0.7123861797488121 0.9187353123705261 1.0953959900022734 1.158987435849939 1.2379319304551104 1.6649044142522142
57 570 -0.6235870895427247 -0.14811404098034248 0.145849284888253 0.6646731434160498 0.3704803214653669 0.5542192722460667 0.5970680547277507 0.7123861797488121 0.9187353123705261 1.0953959900022734 1.158987435849939 1.2379319304551104 1.6649044142522142
58 580 -0.6150201291679331 -0.14464799406153805 0.17224933044262758 0.658059445003907 0.3704803214653669 0.5542192722460667 0.5970680547277507 0.7123861797488121 0.9187353123705261 1.0953959900022734 1.158987435849939 1.2379319304551104 1.6649044142522142
59 590 -0.634442721147892 -0.16885041098746106 0.16748734190247289 0.6480386302829562 0.3704803214653669 0.5542192722460667 0.5970680547277507 0.7123861797488121 0.9187353123705261 1.0953959900022734 1.158987435849939 1.2379319304551104 1.6649044142522142
60 600 -0.6530823279461655 -0.1611465170585743 0.1451041944925991 0.6651943520747357 0.3704803214653669 0.5542192722460667 0.5970680547277507 0.7123861797488121 0.9187353123705261 1.0953959900022734 1.158987435849939 1.2379319304551104 1.6649044142522142
61 610 -0.6368368061929532 -0.1854755618426892 0.1625506266318587 0.6285243987615172 0.3704803214653669 0.5542192722460667 0.5970680547277507 0.7123861797488121 0.9187353123705261 1.0953959900022734 1.158987435849939 1.2379319304551104 1.6649044142522142
62 620 -0.6357250301522708 -0.1901604681864239 0.17328784586290796 0.6396657756170702 0.3704803214653669 0.5542192722460667 0.5970680547277507 0.7123861797488121 0.9187353123705261 1.0953959900022734 1.158987435849939 1.2379319304551104 1.6649044142522142
63 630 -0.6415331608817889 -0.18596155777693568 0.1451851562095498 0.6322238838992524 0.3704803214653669 0.5542192722460667 0.5970680547277507 0.7123861797488121 0.9187353123705261 1.0953959900022734 1.158987435849939 1.2379319304551104 1.6649044142522142
64 640 -0.616520362875633 -0.1675876685693734 0.18494185224507065 0.6297997520210797 0.3558492417133401 0.5847750004552564 0.6173366104196093 0.7005673397472674 0.8911240728088038 0.9802395102837529 1.109542788886738 1.3203063465711316 1.7117957728953554
65 650 -0.6459782933835188 -0.19184165829351865 0.19221460365058585 0.651534349620423 0.3558492417133401 0.5847750004552564 0.6173366104196093 0.7005673397472674 0.8911240728088038 0.9802395102837529 1.109542788886738 1.3203063465711316 1.7117957728953554
66 660 -0.6577752272245964 -0.1475169740309165 0.12706940524853294 0.6360772398856518 0.3558492417133401 0.5847750004552564 0.6173366104196093 0.7005673397472674 0.8911240728088038 0.9802395102837529 1.109542788886738 1.3203063465711316 1.7117957728953554
67 670 -0.6614280291196446 -0.15296797099435985 0.14415624328319687 0.6482837734804423 0.3558492417133401 0.5847750004552564 0.6173366104196093 0.7005673397472674 0.8911240728088038 0.9802395102837529 1.109542788886738 1.3203063465711316 1.7117957728953554
68 680 -0.6924306256058793 -0.1682990186637936 0.1294351057235789 0.661543216904488 0.3558492417133401 0.5847750004552564 0.6173366104196093 0.7005673397472674 0.8911240728088038 0.9802395102837529 1.109542788886738 1.3203063465711316 1.7117957728953554
69 690 -0.7257184808072107 -0.18898813710786033 0.15282093952013873 0.671920706686367 0.3558492417133401 0.5847750004552564 0.6173366104196093 0.7005673397472674 0.8911240728088038 0.9802395102837529 1.109542788886738 1.3203063465711316 1.7117957728953554
70 700 -0.7444941598455795 -0.1883632370750442 0.16004405768316224 0.6868518364104728 0.3558492417133401 0.5847750004552564 0.6173366104196093 0.7005673397472674 0.8911240728088038 0.9802395102837529 1.109542788886738 1.3203063465711316 1.7117957728953554
71 710 -0.7430282192491353 -0.18654492414933346 0.1537280559389082 0.6965886915714691 0.3558492417133401 0.5847750004552564 0.6173366104196093 0.7005673397472674 0.8911240728088038 0.9802395102837529 1.109542788886738 1.3203063465711316 1.7117957728953554
72 720 -0.7481566997131904 -0.1879385390835026 0.16073185165522605 0.6825872436907172 0.3558492417133401 0.5847750004552564 0.6173366104196093 0.7005673397472674 0.8911240728088038 0.9802395102837529 1.109542788886738 1.3203063465711316 1.7117957728953554
73 730 -0.7604541637409893 -0.18812669462321624 0.1461877940068337 0.6735370376908121 0.31966293363443027 0.4953659465524237 0.5539495599764184 0.7262975260664583 0.8815503546316628 0.9573344670982102 1.097889655127735 1.2611349093276008 1.8244497012747343
74 740 -0.7643294019323569 -0.1932550289474227 0.1396071277646136 0.6478860088164675 0.31966293363443027 0.4953659465524237 0.5539495599764184 0.7262975260664583 0.8815503546316628 0.9573344670982102 1.097889655127735 1.2611349093276008 1.8244497012747343
75 750 -0.7558433456175404 -0.21992261435146937 0.1840263867085948 0.6423216116273311 0.31966293363443027 0.4953659465524237 0.5539495599764184 0.7262975260664583 0.8815503546316628 0.9573344670982102 1.097889655127735 1.2611349093276008 1.8244497012747343
76 760 -0.7671892391489129 -0.22155151831961492 0.19774061348409538 0.6738260874897979 0.31966293363443027 0.4953659465524237 0.5539495599764184 0.7262975260664583 0.8815503546316628 0.9573344670982102 1.097889655127735 1.2611349093276008 1.8244497012747343
77 770 -0.7692730448022328 -0.24982411339680088 0.2034609335515688 0.6869253270355092 0.31966293363443027 0.4953659465524237 0.5539495599764184 0.7262975260664583 0.8815503546316628 0.9573344670982102 1.097889655127735 1.2611349093276008 1.8244497012747343
78 780 -0.7801582654071922 -0.26398258978895905 0.2140458078801908 0.7025175007957772 0.31966293363443027 0.4953659465524237 0.5539495599764184 0.7262975260664583 0.8815503546316628 0.9573344670982102 1.097889655127735 1.2611349093276008 1.8244497012747343
79 790 -0.7776582686826848 -0.2656460457425365 0.19649654926510873 0.7183763017346535 0.31966293363443027 0.4953659465524237 0.5539495599764184 0.7262975260664583 0.8815503546316628 0.9573344670982102 1.097889655127735 1.2611349093276008 1.8244497012747343
80 800 -0.7850352326510324 -0.2839798655834555 0.21043235045232972 0.7027494394373835 0.31966293363443027 0.4953659465524237 0.5539495599764184 0.7262975260664583 0.8815503546316628 0.9573344670982102 1.097889655127735 1.2611349093276008 1.8244497012747343
81 810 -0.7896242133002037 -0.2779018172746407 0.21269987828900822 0.7055582956128869 0.31966293363443027 0.4953659465524237 0.5539495599764184 0.7262975260664583 0.8815503546316628 0.9573344670982102 1.097889655127735 1.2611349093276008 1.8244497012747343
82 820 -0.7846070621081178 -0.25859996675912905 0.24509139941600466 0.7075234822772716 0.29560882538153666 0.4651770656959384 0.512148388771465 0.7330630470610217 0.7953935957080107 0.8805197560350166 1.101722700682201 1.2859392383429364 1.9029318616413167
83 830 -0.7864881320514824 -0.2539498192577192 0.24924377367255954 0.715167472282161 0.29560882538153666 0.4651770656959384 0.512148388771465 0.7330630470610217 0.7953935957080107 0.8805197560350166 1.101722700682201 1.2859392383429364 1.9029318616413167
84 840 -0.7856794720437157 -0.2516385069414371 0.2719503168850168 0.7187776107876973 0.29560882538153666 0.4651770656959384 0.512148388771465 0.7330630470610217 0.7953935957080107 0.8805197560350166 1.101722700682201 1.2859392383429364 1.9029318616413167
85 850 -0.781965507391263 -0.2263184258288281 0.2588998920388678 0.7170489357542064 0.29560882538153666 0.4651770656959384 0.512148388771465 0.7330630470610217 0.7953935957080107 0.8805197560350166 1.101722700682201 1.2859392383429364 1.9029318616413167
86 860 -0.783960689926913 -0.26347464582208857 0.24915532741455274 0.7276548481067672 0.29560882538153666 0.4651770656959384 0.512148388771465 0.7330630470610217 0.7953935957080107 0.8805197560350166 1.101722700682201 1.2859392383429364 1.9029318616413167
87 870 -0.7634457361894361 -0.2702889443407457 0.26166137397408273 0.7010171984896896 0.29560882538153666 0.4651770656959384 0.512148388771465 0.7330630470610217 0.7953935957080107 0.8805197560350166 1.101722700682201 1.2859392383429364 1.9029318616413167
88 880 -0.7536526239380262 -0.25107874660853813 0.24280674688306758 0.6613462970812459 0.29560882538153666 0.4651770656959384 0.512148388771465 0.7330630470610217 0.7953935957080107 0.8805197560350166 1.101722700682201 1.2859392383429364 1.9029318616413167
89 890 -0.7927503359286493 -0.2537679628812708 0.23498360658818357 0.6685170035492048 0.29560882538153666 0.4651770656959384 0.512148388771465 0.7330630470610217 0.7953935957080107 0.8805197560350166 1.101722700682201 1.2859392383429364 1.9029318616413167
90 900 -0.793045159598503 -0.25135364860963644 0.21722555734038382 0.6875400745218702 0.29560882538153666 0.4651770656959384 0.512148388771465 0.7330630470610217 0.7953935957080107 0.8805197560350166 1.101722700682201 1.2859392383429364 1.9029318616413167
91 910 -0.7871006390886264 -0.25435895341151693 0.23938872556177793 0.6893776784590877 0.3017190285067941 0.4540754914997251 0.49415877739806335 0.7257320591116387 0.8118561662346183 0.9054686634160224 1.1076921256392736 1.2376930984452648 1.9219914595883025
92 920 -0.7629591499744665 -0.2595802329982745 0.23380279885326194 0.693383133931907 0.3017190285067941 0.4540754914997251 0.49415877739806335 0.7257320591116387 0.8118561662346183 0.9054686634160224 1.1076921256392736 1.2376930984452648 1.9219914595883025
93 930 -0.7462238168733395 -0.2639059251554634 0.2333392109308459 0.6766076875701748 0.3017190285067941 0.4540754914997251 0.49415877739806335 0.7257320591116387 0.8118561662346183 0.9054686634160224 1.1076921256392736 1.2376930984452648 1.9219914595883025
94 940 -0.7470247623004888 -0.20249405430989514 0.19796733347931747 0.6860492376797113 0.3017190285067941 0.4540754914997251 0.49415877739806335 0.7257320591116387 0.8118561662346183 0.9054686634160224 1.1076921256392736 1.2376930984452648 1.9219914595883025
95 950 -0.748082780474136 -0.22980802472917472 0.18396276977117257 0.6998033414616994 0.3017190285067941 0.4540754914997251 0.49415877739806335 0.7257320591116387 0.8118561662346183 0.9054686634160224 1.1076921256392736 1.2376930984452648 1.9219914595883025
96 960 -0.7397849801534169 -0.22384777389698418 0.1691302125163137 0.6840878167474053 0.3017190285067941 0.4540754914997251 0.49415877739806335 0.7257320591116387 0.8118561662346183 0.9054686634160224 1.1076921256392736 1.2376930984452648 1.9219914595883025
97 970 -0.7647888063110497 -0.24135742665157348 0.18530691506091124 0.6861932632932529 0.3017190285067941 0.4540754914997251 0.49415877739806335 0.7257320591116387 0.8118561662346183 0.9054686634160224 1.1076921256392736 1.2376930984452648 1.9219914595883025
98 980 -0.7820135982212376 -0.2439305760341937 0.19161785105895301 0.6948537344731696 0.3017190285067941 0.4540754914997251 0.49415877739806335 0.7257320591116387 0.8118561662346183 0.9054686634160224 1.1076921256392736 1.2376930984452648 1.9219914595883025
99 990 -0.7969757025542813 -0.23333969671681049 0.18542830785498501 0.6993711430684816 0.3017190285067941 0.4540754914997251 0.49415877739806335 0.7257320591116387 0.8118561662346183 0.9054686634160224 1.1076921256392736 1.2376930984452648 1.9219914595883025
100 1000 -0.7939158851751588 -0.255885387975444 0.207858727219229 0.7020686808967184 0.3049561494142637 0.3955383252355484 0.46469989875320106 0.695731078139996 0.8351147186463562 0.9654799819643192 1.119389881544655 1.1202689034875002 1.9781201023481771
101 1010 -0.7938740538296979 -0.2583577808712546 0.2141628524414086 0.6611551977155692 0.3049561494142637 0.3955383252355484 0.46469989875320106 0.695731078139996 0.8351147186463562 0.9654799819643192 1.119389881544655 1.1202689034875002 1.9781201023481771
102 1020 -0.7907530576951064 -0.22357338113520397 0.21357456213140502 0.6643397323979099 0.3049561494142637 0.3955383252355484 0.46469989875320106 0.695731078139996 0.8351147186463562 0.9654799819643192 1.119389881544655 1.1202689034875002 1.9781201023481771
103 1030 -0.7884078277468801 -0.23008018043078104 0.2140679694481341 0.6918554076891288 0.3049561494142637 0.3955383252355484 0.46469989875320106 0.695731078139996 0.8351147186463562 0.9654799819643192 1.119389881544655 1.1202689034875002 1.9781201023481771
104 1040 -0.7902093964783962 -0.23006850972134607 0.21874990809380995 0.6857453713995922 0.3049561494142637 0.3955383252355484 0.46469989875320106 0.695731078139996 0.8351147186463562 0.9654799819643192 1.119389881544655 1.1202689034875002 1.9781201023481771
105 1050 -0.802672812533535 -0.21360614446056536 0.23551369306302705 0.7076194877436899 0.3049561494142637 0.3955383252355484 0.46469989875320106 0.695731078139996 0.8351147186463562 0.9654799819643192 1.119389881544655 1.1202689034875002 1.9781201023481771
106 1060 -0.7996467152875759 -0.1867494441178157 0.22619828048019874 0.7047054412795187 0.3049561494142637 0.3955383252355484 0.46469989875320106 0.695731078139996 0.8351147186463562 0.9654799819643192 1.119389881544655 1.1202689034875002 1.9781201023481771
107 1070 -0.8012693809139032 -0.16209043434963175 0.2157043964754523 0.7087999056911832 0.3049561494142637 0.3955383252355484 0.46469989875320106 0.695731078139996 0.8351147186463562 0.9654799819643192 1.119389881544655 1.1202689034875002 1.9781201023481771
108 1080 -0.7937875609449035 -0.17297761044285884 0.20214346043458592 0.7381618448431869 0.3049561494142637 0.3955383252355484 0.46469989875320106 0.695731078139996 0.8351147186463562 0.9654799819643192 1.119389881544655 1.1202689034875002 1.9781201023481771
109 1090 -0.7870231874546786 -0.18029991979440035 0.21085472283337092 0.7431416185620723 0.2978275974935771 0.37014125830702005 0.4374176855359272 0.7241664810164443 0.8211068307967165 0.9006752322666479 1.0880339967759158 1.193235517191167 1.9913516936986555
110 1100 -0.793833715153527 -0.19336363187771557 0.21436008286953392 0.7550460422199207 0.2978275974935771 0.37014125830702005 0.4374176855359272 0.7241664810164443 0.8211068307967165 0.9006752322666479 1.0880339967759158 1.193235517191167 1.9913516936986555
111 1110 -0.7922214798657433 -0.2034901755705678 0.19166503273482366 0.750327596821985 0.2978275974935771 0.37014125830702005 0.4374176855359272 0.7241664810164443 0.8211068307967165 0.9006752322666479 1.0880339967759158 1.193235517191167 1.9913516936986555
112 1120 -0.7968411269180009 -0.18228956615032765 0.16979473291838815 0.7403212992223278 0.2978275974935771 0.37014125830702005 0.4374176855359272 0.7241664810164443 0.8211068307967165 0.9006752322666479 1.0880339967759158 1.193235517191167 1.9913516936986555
113 1130 -0.8027693051962274 -0.16540960799362975 0.1699451872454597 0.7347664207870608 0.2978275974935771 0.37014125830702005 0.4374176855359272 0.7241664810164443 0.8211068307967165 0.9006752322666479 1.0880339967759158 1.193235517191167 1.9913516936986555
114 1140 -0.7981883800673053 -0.14873347264697842 0.18085717311131377 0.7468921101141849 0.2978275974935771 0.37014125830702005 0.4374176855359272 0.7241664810164443 0.8211068307967165 0.9006752322666479 1.0880339967759158 1.193235517191167 1.9913516936986555
115 1150 -0.8025986103733287 -0.09690976724164302 0.18083991325709003 0.7198995133647978 0.2978275974935771 0.37014125830702005 0.4374176855359272 0.7241664810164443 0.8211068307967165 0.9006752322666479 1.0880339967759158 1.193235517191167 1.9913516936986555
116 1160 -0.8191541235328464 -0.13416348139621748 0.22846941687122768 0.7415148383121096 0.2978275974935771 0.37014125830702005 0.4374176855359272 0.7241664810164443 0.8211068307967165 0.9006752322666479 1.0880339967759158 1.193235517191167 1.9913516936986555
117 1170 -0.7984744036256888 -0.15324393288237248 0.2313062011456712 0.7468522517408732 0.2978275974935771 0.37014125830702005 0.4374176855359272 0.7241664810164443 0.8211068307967165 0.9006752322666479 1.0880339967759158 1.193235517191167 1.9913516936986555
118 1180 -0.7777045887260595 -0.1424496621039773 0.22548910844432188 0.7472640265361485 0.2592759475090564 0.3525289035744299 0.4950670964626895 0.7804160804300265 0.9039284750233864 0.9292621095667797 1.0695631039283617 1.2336217330844146 1.8994620545660963
119 1190 -0.7753691650582836 -0.1297423563255337 0.23885955061629432 0.765366461827263 0.2592759475090564 0.3525289035744299 0.4950670964626895 0.7804160804300265 0.9039284750233864 0.9292621095667797 1.0695631039283617 1.2336217330844146 1.8994620545660963
120 1200 -0.7800974183880085 -0.17845256356677208 0.2371875266062224 0.7583160499681633 0.2592759475090564 0.3525289035744299 0.4950670964626895 0.7804160804300265 0.9039284750233864 0.9292621095667797 1.0695631039283617 1.2336217330844146 1.8994620545660963
121 1210 -0.7630653219067585 -0.18391630598862932 0.2385899049974488 0.769236990846042 0.2592759475090564 0.3525289035744299 0.4950670964626895 0.7804160804300265 0.9039284750233864 0.9292621095667797 1.0695631039283617 1.2336217330844146 1.8994620545660963
122 1220 -0.7689411818937169 -0.20802110424786038 0.22524795427041844 0.7911861898413844 0.2592759475090564 0.3525289035744299 0.4950670964626895 0.7804160804300265 0.9039284750233864 0.9292621095667797 1.0695631039283617 1.2336217330844146 1.8994620545660963
123 1230 -0.7806044922313534 -0.1372278031453819 0.20923573660578876 0.7857018537451992 0.2592759475090564 0.3525289035744299 0.4950670964626895 0.7804160804300265 0.9039284750233864 0.9292621095667797 1.0695631039283617 1.2336217330844146 1.8994620545660963
124 1240 -0.791500075883397 -0.12596543654527073 0.21164707662608093 0.7855496522388711 0.2592759475090564 0.3525289035744299 0.4950670964626895 0.7804160804300265 0.9039284750233864 0.9292621095667797 1.0695631039283617 1.2336217330844146 1.8994620545660963
125 1250 -0.7943122107215219 -0.10261814250430146 0.20247905098607377 0.8005656553272703 0.2592759475090564 0.3525289035744299 0.4950670964626895 0.7804160804300265 0.9039284750233864 0.9292621095667797 1.0695631039283617 1.2336217330844146 1.8994620545660963
126 1260 -0.7963177459916843 -0.0950424026187608 0.20932986136020165 0.8042652721238314 0.2592759475090564 0.3525289035744299 0.4950670964626895 0.7804160804300265 0.9039284750233864 0.9292621095667797 1.0695631039283617 1.2336217330844146 1.8994620545660963
127 1270 -0.7906534633849118 -0.12531121250767843 0.17251497361201829 0.7995740689781501 0.2989572107685405 0.32614967718831206 0.46128869981981024 0.7423831683883599 0.8813941785305655 0.9921310553499771 1.0580013928911383 1.2672439851572372 1.8851729222268838
128 1280 -0.7746514817684511 -0.15212518888235527 0.18633380243868541 0.7840642577259666 0.2989572107685405 0.32614967718831206 0.46128869981981024 0.7423831683883599 0.8813941785305655 0.9921310553499771 1.0580013928911383 1.2672439851572372 1.8851729222268838
129 1290 -0.7699325071102295 -0.153258796030059 0.1861517592699345 0.7770173772739954 0.2989572107685405 0.32614967718831206 0.46128869981981024 0.7423831683883599 0.8813941785305655 0.9921310553499771 1.0580013928911383 1.2672439851572372 1.8851729222268838
130 1300 -0.7640769841591479 -0.1368030876933986 0.20696180952764898 0.7797316181783268 0.2989572107685405 0.32614967718831206 0.46128869981981024 0.7423831683883599 0.8813941785305655 0.9921310553499771 1.0580013928911383 1.2672439851572372 1.8851729222268838
131 1310 -0.7829556795300393 -0.1326408697016785 0.22579486682007843 0.7607927303786464 0.2989572107685405 0.32614967718831206 0.46128869981981024 0.7423831683883599 0.8813941785305655 0.9921310553499771 1.0580013928911383 1.2672439851572372 1.8851729222268838
132 1320 -0.7761366687597657 -0.18837433968751865 0.19466889920909672 0.7389665836983518 0.2989572107685405 0.32614967718831206 0.46128869981981024 0.7423831683883599 0.8813941785305655 0.9921310553499771 1.0580013928911383 1.2672439851572372 1.8851729222268838
133 1330 -0.778919445906452 -0.1946179115244937 0.21566422659744489 0.7400885542586143 0.2989572107685405 0.32614967718831206 0.46128869981981024 0.7423831683883599 0.8813941785305655 0.9921310553499771 1.0580013928911383 1.2672439851572372 1.8851729222268838
134 1340 -0.7870136073719055 -0.18520625727723872 0.21047689922703608 0.7319369303160852 0.2989572107685405 0.32614967718831206 0.46128869981981024 0.7423831683883599 0.8813941785305655 0.9921310553499771 1.0580013928911383 1.2672439851572372 1.8851729222268838
135 1350 -0.7754204713482968 -0.17545876875869632 0.1923372396980096 0.7332318473682108 0.2989572107685405 0.32614967718831206 0.46128869981981024 0.7423831683883599 0.8813941785305655 0.9921310553499771 1.0580013928911383 1.2672439851572372 1.8851729222268838
136 1360 -0.7747013625912033 -0.1903665018808089 0.22083241001460288 0.7291892119444718 0.2995329404032046 0.36107468878778026 0.44684309062020533 0.7528591066205559 0.8781687918066368 0.9584621821925768 1.1000022000724459 1.3235113639578158 1.8335545130667694
137 1370 -0.7743859028656724 -0.18351186367169842 0.19879106742384187 0.7524465982617974 0.2995329404032046 0.36107468878778026 0.44684309062020533 0.7528591066205559 0.8781687918066368 0.9584621821925768 1.1000022000724459 1.3235113639578158 1.8335545130667694
138 1380 -0.7796111212855265 -0.21108295635044222 0.21156513362877505 0.7617559604245359 0.2995329404032046 0.36107468878778026 0.44684309062020533 0.7528591066205559 0.8781687918066368 0.9584621821925768 1.1000022000724459 1.3235113639578158 1.8335545130667694
139 1390 -0.7787539010559277 -0.20441039418197227 0.21250192543966798 0.7538205929662745 0.2995329404032046 0.36107468878778026 0.44684309062020533 0.7528591066205559 0.8781687918066368 0.9584621821925768 1.1000022000724459 1.3235113639578158 1.8335545130667694
140 1400 -0.7781883252853834 -0.208893335793231 0.1818236692685007 0.7621180960504157 0.2995329404032046 0.36107468878778026 0.44684309062020533 0.7528591066205559 0.8781687918066368 0.9584621821925768 1.1000022000724459 1.3235113639578158 1.8335545130667694
141 1410 -0.7708789566110485 -0.1783662248081914 0.20965365842070666 0.7624137196697763 0.2995329404032046 0.36107468878778026 0.44684309062020533 0.7528591066205559 0.8781687918066368 0.9584621821925768 1.1000022000724459 1.3235113639578158 1.8335545130667694
142 1420 -0.774979665824391 -0.17008901983583274 0.22094570318718285 0.767682049920864 0.2995329404032046 0.36107468878778026 0.44684309062020533 0.7528591066205559 0.8781687918066368 0.9584621821925768 1.1000022000724459 1.3235113639578158 1.8335545130667694
143 1430 -0.7710135466955984 -0.14597890805493655 0.23476650703187063 0.7696858279337698 0.2995329404032046 0.36107468878778026 0.44684309062020533 0.7528591066205559 0.8781687918066368 0.9584621821925768 1.1000022000724459 1.3235113639578158 1.8335545130667694
144 1440 -0.7695200916804238 -0.18409972307571454 0.2479533300305895 0.7621816234045673 0.2995329404032046 0.36107468878778026 0.44684309062020533 0.7528591066205559 0.8781687918066368 0.9584621821925768 1.1000022000724459 1.3235113639578158 1.8335545130667694
145 1450 -0.7576154895207061 -0.1720048085364012 0.25930801739640824 0.7614183316832653 0.3068027271778202 0.33757158425444794 0.4339894235194388 0.7596403546870826 0.7695415026120115 0.9565973681263339 1.1087913670473495 1.4716781607657723 1.7674811655126927
146 1460 -0.7510539623889889 -0.16656475675309929 0.26710373772836266 0.758458436770797 0.3068027271778202 0.33757158425444794 0.4339894235194388 0.7596403546870826 0.7695415026120115 0.9565973681263339 1.1087913670473495 1.4716781607657723 1.7674811655126927
147 1470 -0.7673974977148635 -0.14569714113451307 0.2743749955899111 0.7516866930928925 0.3068027271778202 0.33757158425444794 0.4339894235194388 0.7596403546870826 0.7695415026120115 0.9565973681263339 1.1087913670473495 1.4716781607657723 1.7674811655126927
148 1480 -0.772779343671858 -0.1695220695404939 0.28906132155523695 0.7637587459338699 0.3068027271778202 0.33757158425444794 0.4339894235194388 0.7596403546870826 0.7695415026120115 0.9565973681263339 1.1087913670473495 1.4716781607657723 1.7674811655126927
149 1490 -0.7766498243472126 -0.17315059413208445 0.2750626901694045 0.7473211367487734 0.3068027271778202 0.33757158425444794 0.4339894235194388 0.7596403546870826 0.7695415026120115 0.9565973681263339 1.1087913670473495 1.4716781607657723 1.7674811655126927
150 1500 -0.7765464809903517 -0.16419052246162041 0.28705024672749463 0.7319888209275326 0.3068027271778202 0.33757158425444794 0.4339894235194388 0.7596403546870826 0.7695415026120115 0.9565973681263339 1.1087913670473495 1.4716781607657723 1.7674811655126927
151 1510 -0.7878681979504275 -0.20046134429066487 0.2711008164921963 0.7234615824378317 0.3068027271778202 0.33757158425444794 0.4339894235194388 0.7596403546870826 0.7695415026120115 0.9565973681263339 1.1087913670473495 1.4716781607657723 1.7674811655126927
152 1520 -0.7917419037926491 -0.20434065154022657 0.2919476529390499 0.7116313477309849 0.3068027271778202 0.33757158425444794 0.4339894235194388 0.7596403546870826 0.7695415026120115 0.9565973681263339 1.1087913670473495 1.4716781607657723 1.7674811655126927
153 1530 -0.7582713903934173 -0.1930491808502635 0.27055684913457123 0.6995745038125855 0.3068027271778202 0.33757158425444794 0.4339894235194388 0.7596403546870826 0.7695415026120115 0.9565973681263339 1.1087913670473495 1.4716781607657723 1.7674811655126927
154 1540 -0.7467388167182969 -0.1958478120692647 0.2497781883606485 0.6548567972427187 0.339190942501496 0.3693426816444299 0.46888127435873467 0.7312681728779739 0.8888578910083939 0.9558566107652829 1.0097618700179638 1.4023729078662852 1.8176725998707761
155 1550 -0.7461557111552046 -0.2029636872044684 0.2620938600725713 0.6506621880082819 0.339190942501496 0.3693426816444299 0.46888127435873467 0.7312681728779739 0.8888578910083939 0.9558566107652829 1.0097618700179638 1.4023729078662852 1.8176725998707761
156 1560 -0.7491280971987485 -0.20748619581612637 0.2541527067574705 0.6500247517061809 0.339190942501496 0.3693426816444299 0.46888127435873467 0.7312681728779739 0.8888578910083939 0.9558566107652829 1.0097618700179638 1.4023729078662852 1.8176725998707761
157 1570 -0.7444359964239834 -0.21728669615551255 0.24212546640771243 0.632240514380367 0.339190942501496 0.3693426816444299 0.46888127435873467 0.7312681728779739 0.8888578910083939 0.9558566107652829 1.0097618700179638 1.4023729078662852 1.8176725998707761
158 1580 -0.7459852993425804 -0.21257704298065558 0.24646829491132283 0.6359086543598547 0.339190942501496 0.3693426816444299 0.46888127435873467 0.7312681728779739 0.8888578910083939 0.9558566107652829 1.0097618700179638 1.4023729078662852 1.8176725998707761
159 1590 -0.7590832556571413 -0.1716929630330145 0.2536187947688772 0.6795226489721731 0.339190942501496 0.3693426816444299 0.46888127435873467 0.7312681728779739 0.8888578910083939 0.9558566107652829 1.0097618700179638 1.4023729078662852 1.8176725998707761
160 1600 -0.7592101757877363 -0.16181209957480927 0.24659887776758058 0.6697296566393441 0.339190942501496 0.3693426816444299 0.46888127435873467 0.7312681728779739 0.8888578910083939 0.9558566107652829 1.0097618700179638 1.4023729078662852 1.8176725998707761
161 1610 -0.7399780843313236 -0.17796716209928903 0.2554977075288256 0.6728992360067451 0.339190942501496 0.3693426816444299 0.46888127435873467 0.7312681728779739 0.8888578910083939 0.9558566107652829 1.0097618700179638 1.4023729078662852 1.8176725998707761
162 1620 -0.7454254213542905 -0.19385309740469253 0.2187129914425651 0.6604960247170797 0.339190942501496 0.3693426816444299 0.46888127435873467 0.7312681728779739 0.8888578910083939 0.9558566107652829 1.0097618700179638 1.4023729078662852 1.8176725998707761
163 1630 -0.7479700297486918 -0.1664890335735029 0.23264334138446358 0.6507922283365053 0.30628470465609436 0.3645317013617282 0.43299519029812306 0.6485125701961281 0.8389867285464925 1.010968887258577 1.0647060666193129 1.3783462193185723 1.8454968977445056
164 1640 -0.7514795584683294 -0.18024005109737784 0.2558101855614054 0.6454826403040215 0.30628470465609436 0.3645317013617282 0.43299519029812306 0.6485125701961281 0.8389867285464925 1.010968887258577 1.0647060666193129 1.3783462193185723 1.8454968977445056
165 1650 -0.7517573216290101 -0.20095981200674834 0.2457233130191831 0.6679291059273055 0.30628470465609436 0.3645317013617282 0.43299519029812306 0.6485125701961281 0.8389867285464925 1.010968887258577 1.0647060666193129 1.3783462193185723 1.8454968977445056
166 1660 -0.7550919398373068 -0.1861891436168433 0.2584745718456015 0.6639245106503306 0.30628470465609436 0.3645317013617282 0.43299519029812306 0.6485125701961281 0.8389867285464925 1.010968887258577 1.0647060666193129 1.3783462193185723 1.8454968977445056
167 1670 -0.7813702306044833 -0.22347370666612165 0.25746688028422327 0.684026319712887 0.30628470465609436 0.3645317013617282 0.43299519029812306 0.6485125701961281 0.8389867285464925 1.010968887258577 1.0647060666193129 1.3783462193185723 1.8454968977445056
168 1680 -0.7892055419965405 -0.2497288186839363 0.27779578917361625 0.6993969315872576 0.30628470465609436 0.3645317013617282 0.43299519029812306 0.6485125701961281 0.8389867285464925 1.010968887258577 1.0647060666193129 1.3783462193185723 1.8454968977445056
169 1690 -0.8149610811459823 -0.3065423876207768 0.2920125743553714 0.7137292451699885 0.30628470465609436 0.3645317013617282 0.43299519029812306 0.6485125701961281 0.8389867285464925 1.010968887258577 1.0647060666193129 1.3783462193185723 1.8454968977445056
170 1700 -0.8284718339007594 -0.3370534465480626 0.31512436538826605 0.7315408812985541 0.30628470465609436 0.3645317013617282 0.43299519029812306 0.6485125701961281 0.8389867285464925 1.010968887258577 1.0647060666193129 1.3783462193185723 1.8454968977445056
171 1710 -0.8240579717961929 -0.31696269708689767 0.28399656224083486 0.7267986024721657 0.30628470465609436 0.3645317013617282 0.43299519029812306 0.6485125701961281 0.8389867285464925 1.010968887258577 1.0647060666193129 1.3783462193185723 1.8454968977445056
172 1720 -0.8462386280174488 -0.35237025325676746 0.27911847205937357 0.7330636139890072 0.25467860857929275 0.26747652859167714 0.3505700252561055 0.5146280477074642 0.7753357799940181 0.9055873547748508 1.0442622682047953 1.3464441640000349 2.037455310542143
173 1730 -0.8272976173394939 -0.3430935225417352 0.314939302297685 0.7288741597357494 0.25467860857929275 0.26747652859167714 0.3505700252561055 0.5146280477074642 0.7753357799940181 0.9055873547748508 1.0442622682047953 1.3464441640000349 2.037455310542143
174 1740 -0.8293879413836039 -0.36419317437318544 0.31016421223508656 0.7190814824555823 0.25467860857929275 0.26747652859167714 0.3505700252561055 0.5146280477074642 0.7753357799940181 0.9055873547748508 1.0442622682047953 1.3464441640000349 2.037455310542143
175 1750 -0.8342644031075471 -0.3919804049051058 0.3280152683373849 0.7139987719485238 0.25467860857929275 0.26747652859167714 0.3505700252561055 0.5146280477074642 0.7753357799940181 0.9055873547748508 1.0442622682047953 1.3464441640000349 2.037455310542143
176 1760 -0.8424507272038915 -0.40130846937570264 0.33727438240831825 0.713893838703195 0.25467860857929275 0.26747652859167714 0.3505700252561055 0.5146280477074642 0.7753357799940181 0.9055873547748508 1.0442622682047953 1.3464441640000349 2.037455310542143
177 1770 -0.8409456452925602 -0.3793004199275058 0.3561839128802659 0.7093606139762945 0.25467860857929275 0.26747652859167714 0.3505700252561055 0.5146280477074642 0.7753357799940181 0.9055873547748508 1.0442622682047953 1.3464441640000349 2.037455310542143
178 1780 -0.8229979678773048 -0.3476107599904621 0.3530377995434829 0.7088886436735391 0.25467860857929275 0.26747652859167714 0.3505700252561055 0.5146280477074642 0.7753357799940181 0.9055873547748508 1.0442622682047953 1.3464441640000349 2.037455310542143
179 1790 -0.8143238527405465 -0.3279616414276414 0.3418072029224225 0.7070813733845209 0.25467860857929275 0.26747652859167714 0.3505700252561055 0.5146280477074642 0.7753357799940181 0.9055873547748508 1.0442622682047953 1.3464441640000349 2.037455310542143
180 1800 -0.8046631962429474 -0.29732439657966725 0.34032586192409 0.7111035493429662 0.25467860857929275 0.26747652859167714 0.3505700252561055 0.5146280477074642 0.7753357799940181 0.9055873547748508 1.0442622682047953 1.3464441640000349 2.037455310542143
181 1810 -0.8071332579887732 -0.3155266740423415 0.31829800591914503 0.707715577978913 0.26235043411305925 0.28671225024176406 0.32252769475817017 0.5123774737844572 0.7767398162879211 0.8944492114054231 1.0931013176803177 1.397524737684143 1.9827010688981517
182 1820 -0.802946868584221 -0.3310784631535679 0.32636964054559703 0.720978449456784 0.26235043411305925 0.28671225024176406 0.32252769475817017 0.5123774737844572 0.7767398162879211 0.8944492114054231 1.0931013176803177 1.397524737684143 1.9827010688981517
183 1830 -0.7835906874865527 -0.33021692178031425 0.3093616064100274 0.7256701428640315 0.26235043411305925 0.28671225024176406 0.32252769475817017 0.5123774737844572 0.7767398162879211 0.8944492114054231 1.0931013176803177 1.397524737684143 1.9827010688981517
184 1840 -0.775471954716538 -0.35542587039265217 0.30552545190111446 0.7275090987697096 0.26235043411305925 0.28671225024176406 0.32252769475817017 0.5123774737844572 0.7767398162879211 0.8944492114054231 1.0931013176803177 1.397524737684143 1.9827010688981517
185 1850 -0.7904539674710521 -0.3511892705659757 0.2909480491669447 0.703977672635687 0.26235043411305925 0.28671225024176406 0.32252769475817017 0.5123774737844572 0.7767398162879211 0.8944492114054231 1.0931013176803177 1.397524737684143 1.9827010688981517
186 1860 -0.8203777996967426 -0.36894714298757936 0.30685422749848923 0.7167317880255771 0.26235043411305925 0.28671225024176406 0.32252769475817017 0.5123774737844572 0.7767398162879211 0.8944492114054231 1.0931013176803177 1.397524737684143 1.9827010688981517
187 1870 -0.8181536316430723 -0.3806455101880064 0.3217774907175337 0.7231059363811411 0.26235043411305925 0.28671225024176406 0.32252769475817017 0.5123774737844572 0.7767398162879211 0.8944492114054231 1.0931013176803177 1.397524737684143 1.9827010688981517
188 1880 -0.811717701620038 -0.3850805168073695 0.3247159038381243 0.723602884833409 0.26235043411305925 0.28671225024176406 0.32252769475817017 0.5123774737844572 0.7767398162879211 0.8944492114054231 1.0931013176803177 1.397524737684143 1.9827010688981517
189 1890 -0.8180324862623942 -0.3785642463802633 0.3275034738780807 0.7144393643739992 0.26235043411305925 0.28671225024176406 0.32252769475817017 0.5123774737844572 0.7767398162879211 0.8944492114054231 1.0931013176803177 1.397524737684143 1.9827010688981517
190 1900 -0.814524645936647 -0.36187282487110173 0.3291255375321406 0.6978359871681183 0.2519672800738021 0.2665984409468777 0.2926129598061562 0.519556425938596 0.7287175303636647 0.8662898153160096 1.021375718892929 1.4383586509451924 2.0288679814132333
191 1910 -0.8043702333011867 -0.35599464166365935 0.34232183043968817 0.6825559506469571 0.2519672800738021 0.2665984409468777 0.2926129598061562 0.519556425938596 0.7287175303636647 0.8662898153160096 1.021375718892929 1.4383586509451924 2.0288679814132333
192 1920 -0.7992473993151343 -0.3581599833759953 0.33103288159670574 0.6820713258665305 0.2519672800738021 0.2665984409468777 0.2926129598061562 0.519556425938596 0.7287175303636647 0.8662898153160096 1.021375718892929 1.4383586509451924 2.0288679814132333
193 1930 -0.8021209625707899 -0.3483297514577236 0.33652507230759177 0.673743596342624 0.2519672800738021 0.2665984409468777 0.2926129598061562 0.519556425938596 0.7287175303636647 0.8662898153160096 1.021375718892929 1.4383586509451924 2.0288679814132333
194 1940 -0.7990557153266926 -0.37898924749904506 0.3269413764959386 0.6785656344524285 0.2519672800738021 0.2665984409468777 0.2926129598061562 0.519556425938596 0.7287175303636647 0.8662898153160096 1.021375718892929 1.4383586509451924 2.0288679814132333
195 1950 -0.7959124567791311 -0.3619787228264345 0.32922248245572433 0.6693504771826517 0.2519672800738021 0.2665984409468777 0.2926129598061562 0.519556425938596 0.7287175303636647 0.8662898153160096 1.021375718892929 1.4383586509451924 2.0288679814132333
196 1960 -0.7859691965154668 -0.3709954920445173 0.3258470034253277 0.6772931563972927 0.2519672800738021 0.2665984409468777 0.2926129598061562 0.519556425938596 0.7287175303636647 0.8662898153160096 1.021375718892929 1.4383586509451924 2.0288679814132333
197 1970 -0.777109511149913 -0.3801678171750589 0.32846537131392206 0.6715950078809068 0.2519672800738021 0.2665984409468777 0.2926129598061562 0.519556425938596 0.7287175303636647 0.8662898153160096 1.021375718892929 1.4383586509451924 2.0288679814132333
198 1980 -0.74308666791867 -0.3751651387565126 0.3343409943516911 0.6656365518338038 0.2519672800738021 0.2665984409468777 0.2926129598061562 0.519556425938596 0.7287175303636647 0.8662898153160096 1.021375718892929 1.4383586509451924 2.0288679814132333
199 1990 -0.7393419964425278 -0.3388728737171594 0.3311492247745885 0.6170841318542378 0.23792523156990025 0.27841688944546134 0.3384663419168999 0.5436111457785605 0.7659073156237244 0.9864252699041479 1.0070348325332925 1.5182877446627498 1.8912528701019244
200 2000 -0.7871103029275928 -0.28996719103719626 0.4013401317269859 0.5718565449399194 0.23792523156990025 0.27841688944546134 0.3384663419168999 0.5436111457785605 0.7659073156237244 0.9864252699041479 1.0070348325332925 1.5182877446627498 1.8912528701019244
