% # columns="iteration, evaluation, min max(neg(.)) min(pos(.)) max correlation, correlation matrix principal axes lengths  (sorted square roots of eigenvalues of correlation matrix)", seed=170615, Tue Feb 21 18:30:08 2023
1 10 -0.06257055831537925 -0.027937568674571443 0.016116183030600757 0.11332498599123808 0.8679803169531456 0.9741707892169654 0.980627305013648 0.9947941633216089 1.0005558225222642 1.0107215392031195 1.015769373743462 1.052050529645067 1.0886176476372498
2 20 -0.06257055831537925 -0.027937568674571443 0.016116183030600757 0.11332498599123808 0.8679803169531456 0.9741707892169654 0.980627305013648 0.9947941633216089 1.0005558225222642 1.0107215392031195 1.015769373743462 1.052050529645067 1.0886176476372498
3 30 -0.06257055831537925 -0.027937568674571443 0.016116183030600757 0.11332498599123808 0.8679803169531456 0.9741707892169654 0.980627305013648 0.9947941633216089 1.0005558225222642 1.0107215392031195 1.015769373743462 1.052050529645067 1.0886176476372498
4 40 -0.06257055831537925 -0.027937568674571443 0.016116183030600757 0.11332498599123808 0.8679803169531456 0.9741707892169654 0.980627305013648 0.9947941633216089 1.0005558225222642 1.0107215392031195 1.015769373743462 1.052050529645067 1.0886176476372498
5 50 -0.06257055831537925 -0.027937568674571443 0.016116183030600757 0.11332498599123808 0.8679803169531456 0.9741707892169654 0.980627305013648 0.9947941633216089 1.0005558225222642 1.0107215392031195 1.015769373743462 1.052050529645067 1.0886176476372498
6 60 -0.06257055831537925 -0.027937568674571443 0.016116183030600757 0.11332498599123808 0.8679803169531456 0.9741707892169654 0.980627305013648 0.9947941633216089 1.0005558225222642 1.0107215392031195 1.015769373743462 1.052050529645067 1.0886176476372498
7 70 -0.06257055831537925 -0.027937568674571443 0.016116183030600757 0.11332498599123808 0.8679803169531456 0.9741707892169654 0.980627305013648 0.9947941633216089 1.0005558225222642 1.0107215392031195 1.015769373743462 1.052050529645067 1.0886176476372498
8 80 -0.06257055831537925 -0.027937568674571443 0.016116183030600757 0.11332498599123808 0.8679803169531456 0.9741707892169654 0.980627305013648 0.9947941633216089 1.0005558225222642 1.0107215392031195 1.015769373743462 1.052050529645067 1.0886176476372498
9 90 -0.06257055831537925 -0.027937568674571443 0.016116183030600757 0.11332498599123808 0.8679803169531456 0.9741707892169654 0.980627305013648 0.9947941633216089 1.0005558225222642 1.0107215392031195 1.015769373743462 1.052050529645067 1.0886176476372498
10 100 -0.3337203485079512 -0.04864462450115262 0.09508535708740785 0.26350784983998055 0.628698064748292 0.7693668086747051 0.8863376095305271 0.9320845516890067 1.006317080599659 1.0192438395094139 1.0568243071118824 1.1752786849816081 1.3448969525457137
11 110 -0.3337203485079512 -0.04864462450115262 0.09508535708740785 0.26350784983998055 0.628698064748292 0.7693668086747051 0.8863376095305271 0.9320845516890067 1.006317080599659 1.0192438395094139 1.0568243071118824 1.1752786849816081 1.3448969525457137
12 120 -0.3337203485079512 -0.04864462450115262 0.09508535708740785 0.26350784983998055 0.628698064748292 0.7693668086747051 0.8863376095305271 0.9320845516890067 1.006317080599659 1.0192438395094139 1.0568243071118824 1.1752786849816081 1.3448969525457137
13 130 -0.3337203485079512 -0.04864462450115262 0.09508535708740785 0.26350784983998055 0.628698064748292 0.7693668086747051 0.8863376095305271 0.9320845516890067 1.006317080599659 1.0192438395094139 1.0568243071118824 1.1752786849816081 1.3448969525457137
14 140 -0.3337203485079512 -0.04864462450115262 0.09508535708740785 0.26350784983998055 0.628698064748292 0.7693668086747051 0.8863376095305271 0.9320845516890067 1.006317080599659 1.0192438395094139 1.0568243071118824 1.1752786849816081 1.3448969525457137
15 150 -0.3337203485079512 -0.04864462450115262 0.09508535708740785 0.26350784983998055 0.628698064748292 0.7693668086747051 0.8863376095305271 0.9320845516890067 1.006317080599659 1.0192438395094139 1.0568243071118824 1.1752786849816081 1.3448969525457137
16 160 -0.3337203485079512 -0.04864462450115262 0.09508535708740785 0.26350784983998055 0.628698064748292 0.7693668086747051 0.8863376095305271 0.9320845516890067 1.006317080599659 1.0192438395094139 1.0568243071118824 1.1752786849816081 1.3448969525457137
17 170 -0.3337203485079512 -0.04864462450115262 0.09508535708740785 0.26350784983998055 0.628698064748292 0.7693668086747051 0.8863376095305271 0.9320845516890067 1.006317080599659 1.0192438395094139 1.0568243071118824 1.1752786849816081 1.3448969525457137
18 180 -0.3337203485079512 -0.04864462450115262 0.09508535708740785 0.26350784983998055 0.628698064748292 0.7693668086747051 0.8863376095305271 0.9320845516890067 1.006317080599659 1.0192438395094139 1.0568243071118824 1.1752786849816081 1.3448969525457137
19 190 -0.4422495420336936 -0.083041974915323 0.0804135831211711 0.3735664196455948 0.5309759189654842 0.6420726154769166 0.8056246854604768 0.9374010022127801 0.9932818559892438 1.0396912479626907 1.1558920757709243 1.2668566347819041 1.3302167480196492
20 200 -0.4422495420336936 -0.083041974915323 0.0804135831211711 0.3735664196455948 0.5309759189654842 0.6420726154769166 0.8056246854604768 0.9374010022127801 0.9932818559892438 1.0396912479626907 1.1558920757709243 1.2668566347819041 1.3302167480196492
21 210 -0.4422495420336936 -0.083041974915323 0.0804135831211711 0.3735664196455948 0.5309759189654842 0.6420726154769166 0.8056246854604768 0.9374010022127801 0.9932818559892438 1.0396912479626907 1.1558920757709243 1.2668566347819041 1.3302167480196492
22 220 -0.4422495420336936 -0.083041974915323 0.0804135831211711 0.3735664196455948 0.5309759189654842 0.6420726154769166 0.8056246854604768 0.9374010022127801 0.9932818559892438 1.0396912479626907 1.1558920757709243 1.2668566347819041 1.3302167480196492
23 230 -0.4422495420336936 -0.083041974915323 0.0804135831211711 0.3735664196455948 0.5309759189654842 0.6420726154769166 0.8056246854604768 0.9374010022127801 0.9932818559892438 1.0396912479626907 1.1558920757709243 1.2668566347819041 1.3302167480196492
24 240 -0.4422495420336936 -0.083041974915323 0.0804135831211711 0.3735664196455948 0.5309759189654842 0.6420726154769166 0.8056246854604768 0.9374010022127801 0.9932818559892438 1.0396912479626907 1.1558920757709243 1.2668566347819041 1.3302167480196492
25 250 -0.4422495420336936 -0.083041974915323 0.0804135831211711 0.3735664196455948 0.5309759189654842 0.6420726154769166 0.8056246854604768 0.9374010022127801 0.9932818559892438 1.0396912479626907 1.1558920757709243 1.2668566347819041 1.3302167480196492
26 260 -0.4422495420336936 -0.083041974915323 0.0804135831211711 0.3735664196455948 0.5309759189654842 0.6420726154769166 0.8056246854604768 0.9374010022127801 0.9932818559892438 1.0396912479626907 1.1558920757709243 1.2668566347819041 1.3302167480196492
27 270 -0.4422495420336936 -0.083041974915323 0.0804135831211711 0.3735664196455948 0.5309759189654842 0.6420726154769166 0.8056246854604768 0.9374010022127801 0.9932818559892438 1.0396912479626907 1.1558920757709243 1.2668566347819041 1.3302167480196492
28 280 -0.5007765719566083 -0.08937901561648115 0.15805438490115165 0.3652265820656536 0.47960039848672603 0.5776843824722054 0.7203410236181925 0.9246296068447352 0.9748323480764352 1.066883048233827 1.144395298282588 1.26834645120764 1.4337197241339403
29 290 -0.5007765719566083 -0.08937901561648115 0.15805438490115165 0.3652265820656536 0.47960039848672603 0.5776843824722054 0.7203410236181925 0.9246296068447352 0.9748323480764352 1.066883048233827 1.144395298282588 1.26834645120764 1.4337197241339403
30 300 -0.5007765719566083 -0.08937901561648115 0.15805438490115165 0.3652265820656536 0.47960039848672603 0.5776843824722054 0.7203410236181925 0.9246296068447352 0.9748323480764352 1.066883048233827 1.144395298282588 1.26834645120764 1.4337197241339403
31 310 -0.5007765719566083 -0.08937901561648115 0.15805438490115165 0.3652265820656536 0.47960039848672603 0.5776843824722054 0.7203410236181925 0.9246296068447352 0.9748323480764352 1.066883048233827 1.144395298282588 1.26834645120764 1.4337197241339403
32 320 -0.5007765719566083 -0.08937901561648115 0.15805438490115165 0.3652265820656536 0.47960039848672603 0.5776843824722054 0.7203410236181925 0.9246296068447352 0.9748323480764352 1.066883048233827 1.144395298282588 1.26834645120764 1.4337197241339403
33 330 -0.5007765719566083 -0.08937901561648115 0.15805438490115165 0.3652265820656536 0.47960039848672603 0.5776843824722054 0.7203410236181925 0.9246296068447352 0.9748323480764352 1.066883048233827 1.144395298282588 1.26834645120764 1.4337197241339403
34 340 -0.5007765719566083 -0.08937901561648115 0.15805438490115165 0.3652265820656536 0.47960039848672603 0.5776843824722054 0.7203410236181925 0.9246296068447352 0.9748323480764352 1.066883048233827 1.144395298282588 1.26834645120764 1.4337197241339403
35 350 -0.5007765719566083 -0.08937901561648115 0.15805438490115165 0.3652265820656536 0.47960039848672603 0.5776843824722054 0.7203410236181925 0.9246296068447352 0.9748323480764352 1.066883048233827 1.144395298282588 1.26834645120764 1.4337197241339403
36 360 -0.5007765719566083 -0.08937901561648115 0.15805438490115165 0.3652265820656536 0.47960039848672603 0.5776843824722054 0.7203410236181925 0.9246296068447352 0.9748323480764352 1.066883048233827 1.144395298282588 1.26834645120764 1.4337197241339403
37 370 -0.6135365379795996 -0.20936870580738703 0.13884875888256726 0.3507953025702524 0.435313433630138 0.5873364124125117 0.7546454331693627 0.8672257064216914 0.9381149247565685 1.0013527045435013 1.1709934749450315 1.2798354904438851 1.5006653676161041
38 380 -0.6135365379795996 -0.20936870580738703 0.13884875888256726 0.3507953025702524 0.435313433630138 0.5873364124125117 0.7546454331693627 0.8672257064216914 0.9381149247565685 1.0013527045435013 1.1709934749450315 1.2798354904438851 1.5006653676161041
39 390 -0.6135365379795996 -0.20936870580738703 0.13884875888256726 0.3507953025702524 0.435313433630138 0.5873364124125117 0.7546454331693627 0.8672257064216914 0.9381149247565685 1.0013527045435013 1.1709934749450315 1.2798354904438851 1.5006653676161041
40 400 -0.6135365379795996 -0.20936870580738703 0.13884875888256726 0.3507953025702524 0.435313433630138 0.5873364124125117 0.7546454331693627 0.8672257064216914 0.9381149247565685 1.0013527045435013 1.1709934749450315 1.2798354904438851 1.5006653676161041
41 410 -0.6135365379795996 -0.20936870580738703 0.13884875888256726 0.3507953025702524 0.435313433630138 0.5873364124125117 0.7546454331693627 0.8672257064216914 0.9381149247565685 1.0013527045435013 1.1709934749450315 1.2798354904438851 1.5006653676161041
42 420 -0.6135365379795996 -0.20936870580738703 0.13884875888256726 0.3507953025702524 0.435313433630138 0.5873364124125117 0.7546454331693627 0.8672257064216914 0.9381149247565685 1.0013527045435013 1.1709934749450315 1.2798354904438851 1.5006653676161041
43 430 -0.6135365379795996 -0.20936870580738703 0.13884875888256726 0.3507953025702524 0.435313433630138 0.5873364124125117 0.7546454331693627 0.8672257064216914 0.9381149247565685 1.0013527045435013 1.1709934749450315 1.2798354904438851 1.5006653676161041
44 440 -0.6135365379795996 -0.20936870580738703 0.13884875888256726 0.3507953025702524 0.435313433630138 0.5873364124125117 0.7546454331693627 0.8672257064216914 0.9381149247565685 1.0013527045435013 1.1709934749450315 1.2798354904438851 1.5006653676161041
45 450 -0.6135365379795996 -0.20936870580738703 0.13884875888256726 0.3507953025702524 0.435313433630138 0.5873364124125117 0.7546454331693627 0.8672257064216914 0.9381149247565685 1.0013527045435013 1.1709934749450315 1.2798354904438851 1.5006653676161041
46 460 -0.5769282439713621 -0.1228919518656471 0.17622187119731625 0.5107748757768769 0.37607246146948387 0.6448569065327954 0.7271823105705825 0.8471948452671416 0.9237277775257128 0.9823884550150362 1.109405118829861 1.3256799672304584 1.545842384735838
47 470 -0.5769282439713621 -0.1228919518656471 0.17622187119731625 0.5107748757768769 0.37607246146948387 0.6448569065327954 0.7271823105705825 0.8471948452671416 0.9237277775257128 0.9823884550150362 1.109405118829861 1.3256799672304584 1.545842384735838
48 480 -0.5769282439713621 -0.1228919518656471 0.17622187119731625 0.5107748757768769 0.37607246146948387 0.6448569065327954 0.7271823105705825 0.8471948452671416 0.9237277775257128 0.9823884550150362 1.109405118829861 1.3256799672304584 1.545842384735838
49 490 -0.5769282439713621 -0.1228919518656471 0.17622187119731625 0.5107748757768769 0.37607246146948387 0.6448569065327954 0.7271823105705825 0.8471948452671416 0.9237277775257128 0.9823884550150362 1.109405118829861 1.3256799672304584 1.545842384735838
50 500 -0.5769282439713621 -0.1228919518656471 0.17622187119731625 0.5107748757768769 0.37607246146948387 0.6448569065327954 0.7271823105705825 0.8471948452671416 0.9237277775257128 0.9823884550150362 1.109405118829861 1.3256799672304584 1.545842384735838
51 510 -0.5769282439713621 -0.1228919518656471 0.17622187119731625 0.5107748757768769 0.37607246146948387 0.6448569065327954 0.7271823105705825 0.8471948452671416 0.9237277775257128 0.9823884550150362 1.109405118829861 1.3256799672304584 1.545842384735838
52 520 -0.5769282439713621 -0.1228919518656471 0.17622187119731625 0.5107748757768769 0.37607246146948387 0.6448569065327954 0.7271823105705825 0.8471948452671416 0.9237277775257128 0.9823884550150362 1.109405118829861 1.3256799672304584 1.545842384735838
53 530 -0.5769282439713621 -0.1228919518656471 0.17622187119731625 0.5107748757768769 0.37607246146948387 0.6448569065327954 0.7271823105705825 0.8471948452671416 0.9237277775257128 0.9823884550150362 1.109405118829861 1.3256799672304584 1.545842384735838
54 540 -0.5769282439713621 -0.1228919518656471 0.17622187119731625 0.5107748757768769 0.37607246146948387 0.6448569065327954 0.7271823105705825 0.8471948452671416 0.9237277775257128 0.9823884550150362 1.109405118829861 1.3256799672304584 1.545842384735838
55 550 -0.6006983394410601 -0.15572563344308352 0.14535910778968306 0.4918563070343087 0.34898994072698886 0.583077300712264 0.6670640257322978 0.7056335334780215 0.9524877974329318 1.0510315824402614 1.1996917260082487 1.3394958429440635 1.5329461968405866
56 560 -0.6006983394410601 -0.15572563344308352 0.14535910778968306 0.4918563070343087 0.34898994072698886 0.583077300712264 0.6670640257322978 0.7056335334780215 0.9524877974329318 1.0510315824402614 1.1996917260082487 1.3394958429440635 1.5329461968405866
57 570 -0.6006983394410601 -0.15572563344308352 0.14535910778968306 0.4918563070343087 0.34898994072698886 0.583077300712264 0.6670640257322978 0.7056335334780215 0.9524877974329318 1.0510315824402614 1.1996917260082487 1.3394958429440635 1.5329461968405866
58 580 -0.6006983394410601 -0.15572563344308352 0.14535910778968306 0.4918563070343087 0.34898994072698886 0.583077300712264 0.6670640257322978 0.7056335334780215 0.9524877974329318 1.0510315824402614 1.1996917260082487 1.3394958429440635 1.5329461968405866
59 590 -0.6006983394410601 -0.15572563344308352 0.14535910778968306 0.4918563070343087 0.34898994072698886 0.583077300712264 0.6670640257322978 0.7056335334780215 0.9524877974329318 1.0510315824402614 1.1996917260082487 1.3394958429440635 1.5329461968405866
60 600 -0.6006983394410601 -0.15572563344308352 0.14535910778968306 0.4918563070343087 0.34898994072698886 0.583077300712264 0.6670640257322978 0.7056335334780215 0.9524877974329318 1.0510315824402614 1.1996917260082487 1.3394958429440635 1.5329461968405866
61 610 -0.6006983394410601 -0.15572563344308352 0.14535910778968306 0.4918563070343087 0.34898994072698886 0.583077300712264 0.6670640257322978 0.7056335334780215 0.9524877974329318 1.0510315824402614 1.1996917260082487 1.3394958429440635 1.5329461968405866
62 620 -0.6006983394410601 -0.15572563344308352 0.14535910778968306 0.4918563070343087 0.34898994072698886 0.583077300712264 0.6670640257322978 0.7056335334780215 0.9524877974329318 1.0510315824402614 1.1996917260082487 1.3394958429440635 1.5329461968405866
63 630 -0.6006983394410601 -0.15572563344308352 0.14535910778968306 0.4918563070343087 0.34898994072698886 0.583077300712264 0.6670640257322978 0.7056335334780215 0.9524877974329318 1.0510315824402614 1.1996917260082487 1.3394958429440635 1.5329461968405866
64 640 -0.5613684703548393 -0.16459766187032562 0.1426801185544742 0.5989118474095974 0.3345838447933346 0.550467366443202 0.7102500293448195 0.8041400363997526 0.9898810420208862 1.059400313950973 1.1476321278675072 1.206879353378966 1.5994162215887318
65 650 -0.5613684703548393 -0.16459766187032562 0.1426801185544742 0.5989118474095974 0.3345838447933346 0.550467366443202 0.7102500293448195 0.8041400363997526 0.9898810420208862 1.059400313950973 1.1476321278675072 1.206879353378966 1.5994162215887318
66 660 -0.5613684703548393 -0.16459766187032562 0.1426801185544742 0.5989118474095974 0.3345838447933346 0.550467366443202 0.7102500293448195 0.8041400363997526 0.9898810420208862 1.059400313950973 1.1476321278675072 1.206879353378966 1.5994162215887318
67 670 -0.5613684703548393 -0.16459766187032562 0.1426801185544742 0.5989118474095974 0.3345838447933346 0.550467366443202 0.7102500293448195 0.8041400363997526 0.9898810420208862 1.059400313950973 1.1476321278675072 1.206879353378966 1.5994162215887318
68 680 -0.5613684703548393 -0.16459766187032562 0.1426801185544742 0.5989118474095974 0.3345838447933346 0.550467366443202 0.7102500293448195 0.8041400363997526 0.9898810420208862 1.059400313950973 1.1476321278675072 1.206879353378966 1.5994162215887318
69 690 -0.5613684703548393 -0.16459766187032562 0.1426801185544742 0.5989118474095974 0.3345838447933346 0.550467366443202 0.7102500293448195 0.8041400363997526 0.9898810420208862 1.059400313950973 1.1476321278675072 1.206879353378966 1.5994162215887318
70 700 -0.5613684703548393 -0.16459766187032562 0.1426801185544742 0.5989118474095974 0.3345838447933346 0.550467366443202 0.7102500293448195 0.8041400363997526 0.9898810420208862 1.059400313950973 1.1476321278675072 1.206879353378966 1.5994162215887318
71 710 -0.5613684703548393 -0.16459766187032562 0.1426801185544742 0.5989118474095974 0.3345838447933346 0.550467366443202 0.7102500293448195 0.8041400363997526 0.9898810420208862 1.059400313950973 1.1476321278675072 1.206879353378966 1.5994162215887318
72 720 -0.5613684703548393 -0.16459766187032562 0.1426801185544742 0.5989118474095974 0.3345838447933346 0.550467366443202 0.7102500293448195 0.8041400363997526 0.9898810420208862 1.059400313950973 1.1476321278675072 1.206879353378966 1.5994162215887318
73 730 -0.490831508379275 -0.1580984886379893 0.15337698527064647 0.6528626534055221 0.28033251118998015 0.5555576867331699 0.7398829024548296 0.8009361696240493 0.955482360663938 1.0249295378766252 1.1606774764101668 1.2833672540184808 1.5704181196865525
74 740 -0.490831508379275 -0.1580984886379893 0.15337698527064647 0.6528626534055221 0.28033251118998015 0.5555576867331699 0.7398829024548296 0.8009361696240493 0.955482360663938 1.0249295378766252 1.1606774764101668 1.2833672540184808 1.5704181196865525
75 750 -0.490831508379275 -0.1580984886379893 0.15337698527064647 0.6528626534055221 0.28033251118998015 0.5555576867331699 0.7398829024548296 0.8009361696240493 0.955482360663938 1.0249295378766252 1.1606774764101668 1.2833672540184808 1.5704181196865525
76 760 -0.490831508379275 -0.1580984886379893 0.15337698527064647 0.6528626534055221 0.28033251118998015 0.5555576867331699 0.7398829024548296 0.8009361696240493 0.955482360663938 1.0249295378766252 1.1606774764101668 1.2833672540184808 1.5704181196865525
77 770 -0.490831508379275 -0.1580984886379893 0.15337698527064647 0.6528626534055221 0.28033251118998015 0.5555576867331699 0.7398829024548296 0.8009361696240493 0.955482360663938 1.0249295378766252 1.1606774764101668 1.2833672540184808 1.5704181196865525
78 780 -0.490831508379275 -0.1580984886379893 0.15337698527064647 0.6528626534055221 0.28033251118998015 0.5555576867331699 0.7398829024548296 0.8009361696240493 0.955482360663938 1.0249295378766252 1.1606774764101668 1.2833672540184808 1.5704181196865525
79 790 -0.490831508379275 -0.1580984886379893 0.15337698527064647 0.6528626534055221 0.28033251118998015 0.5555576867331699 0.7398829024548296 0.8009361696240493 0.955482360663938 1.0249295378766252 1.1606774764101668 1.2833672540184808 1.5704181196865525
80 800 -0.490831508379275 -0.1580984886379893 0.15337698527064647 0.6528626534055221 0.28033251118998015 0.5555576867331699 0.7398829024548296 0.8009361696240493 0.955482360663938 1.0249295378766252 1.1606774764101668 1.2833672540184808 1.5704181196865525
81 810 -0.490831508379275 -0.1580984886379893 0.15337698527064647 0.6528626534055221 0.28033251118998015 0.5555576867331699 0.7398829024548296 0.8009361696240493 0.955482360663938 1.0249295378766252 1.1606774764101668 1.2833672540184808 1.5704181196865525
82 820 -0.4350989063908487 -0.1932324422816677 0.1494384461351706 0.6383650956399236 0.25366227766582045 0.5542946824179289 0.6806206967587745 0.7900661467088876 0.986490525744666 1.0648533535661122 1.0983408233886824 1.2455152223781019 1.6359177391965891
83 830 -0.4350989063908487 -0.1932324422816677 0.1494384461351706 0.6383650956399236 0.25366227766582045 0.5542946824179289 0.6806206967587745 0.7900661467088876 0.986490525744666 1.0648533535661122 1.0983408233886824 1.2455152223781019 1.6359177391965891
84 840 -0.4350989063908487 -0.1932324422816677 0.1494384461351706 0.6383650956399236 0.25366227766582045 0.5542946824179289 0.6806206967587745 0.7900661467088876 0.986490525744666 1.0648533535661122 1.0983408233886824 1.2455152223781019 1.6359177391965891
85 850 -0.4350989063908487 -0.1932324422816677 0.1494384461351706 0.6383650956399236 0.25366227766582045 0.5542946824179289 0.6806206967587745 0.7900661467088876 0.986490525744666 1.0648533535661122 1.0983408233886824 1.2455152223781019 1.6359177391965891
86 860 -0.4350989063908487 -0.1932324422816677 0.1494384461351706 0.6383650956399236 0.25366227766582045 0.5542946824179289 0.6806206967587745 0.7900661467088876 0.986490525744666 1.0648533535661122 1.0983408233886824 1.2455152223781019 1.6359177391965891
87 870 -0.4350989063908487 -0.1932324422816677 0.1494384461351706 0.6383650956399236 0.25366227766582045 0.5542946824179289 0.6806206967587745 0.7900661467088876 0.986490525744666 1.0648533535661122 1.0983408233886824 1.2455152223781019 1.6359177391965891
88 880 -0.4350989063908487 -0.1932324422816677 0.1494384461351706 0.6383650956399236 0.25366227766582045 0.5542946824179289 0.6806206967587745 0.7900661467088876 0.986490525744666 1.0648533535661122 1.0983408233886824 1.2455152223781019 1.6359177391965891
89 890 -0.4350989063908487 -0.1932324422816677 0.1494384461351706 0.6383650956399236 0.25366227766582045 0.5542946824179289 0.6806206967587745 0.7900661467088876 0.986490525744666 1.0648533535661122 1.0983408233886824 1.2455152223781019 1.6359177391965891
90 900 -0.4350989063908487 -0.1932324422816677 0.1494384461351706 0.6383650956399236 0.25366227766582045 0.5542946824179289 0.6806206967587745 0.7900661467088876 0.986490525744666 1.0648533535661122 1.0983408233886824 1.2455152223781019 1.6359177391965891
91 910 -0.4065780354666465 -0.18376131976858368 0.17687006788162066 0.6247440973495804 0.2572223181386099 0.5332431142129191 0.6971284806428979 0.7361131925708394 0.9390460498349797 1.0302554076623347 1.1909428065579877 1.2852515846922588 1.61498842603322
92 920 -0.4065780354666465 -0.18376131976858368 0.17687006788162066 0.6247440973495804 0.2572223181386099 0.5332431142129191 0.6971284806428979 0.7361131925708394 0.9390460498349797 1.0302554076623347 1.1909428065579877 1.2852515846922588 1.61498842603322
93 930 -0.4065780354666465 -0.18376131976858368 0.17687006788162066 0.6247440973495804 0.2572223181386099 0.5332431142129191 0.6971284806428979 0.7361131925708394 0.9390460498349797 1.0302554076623347 1.1909428065579877 1.2852515846922588 1.61498842603322
94 940 -0.4065780354666465 -0.18376131976858368 0.17687006788162066 0.6247440973495804 0.2572223181386099 0.5332431142129191 0.6971284806428979 0.7361131925708394 0.9390460498349797 1.0302554076623347 1.1909428065579877 1.2852515846922588 1.61498842603322
95 950 -0.4065780354666465 -0.18376131976858368 0.17687006788162066 0.6247440973495804 0.2572223181386099 0.5332431142129191 0.6971284806428979 0.7361131925708394 0.9390460498349797 1.0302554076623347 1.1909428065579877 1.2852515846922588 1.61498842603322
96 960 -0.4065780354666465 -0.18376131976858368 0.17687006788162066 0.6247440973495804 0.2572223181386099 0.5332431142129191 0.6971284806428979 0.7361131925708394 0.9390460498349797 1.0302554076623347 1.1909428065579877 1.2852515846922588 1.61498842603322
97 970 -0.4065780354666465 -0.18376131976858368 0.17687006788162066 0.6247440973495804 0.2572223181386099 0.5332431142129191 0.6971284806428979 0.7361131925708394 0.9390460498349797 1.0302554076623347 1.1909428065579877 1.2852515846922588 1.61498842603322
98 980 -0.4065780354666465 -0.18376131976858368 0.17687006788162066 0.6247440973495804 0.2572223181386099 0.5332431142129191 0.6971284806428979 0.7361131925708394 0.9390460498349797 1.0302554076623347 1.1909428065579877 1.2852515846922588 1.61498842603322
99 990 -0.4065780354666465 -0.18376131976858368 0.17687006788162066 0.6247440973495804 0.2572223181386099 0.5332431142129191 0.6971284806428979 0.7361131925708394 0.9390460498349797 1.0302554076623347 1.1909428065579877 1.2852515846922588 1.61498842603322
100 1000 -0.47423990261370447 -0.2041774638203252 0.1499228972847817 0.6294924282717864 0.24536348828507387 0.5376140982197939 0.6556896129727822 0.7064781561527721 0.9187117859346862 1.0006103764952898 1.2372624164912576 1.3122045191674396 1.6198074354008565
101 1010 -0.47423990261370447 -0.2041774638203252 0.1499228972847817 0.6294924282717864 0.24536348828507387 0.5376140982197939 0.6556896129727822 0.7064781561527721 0.9187117859346862 1.0006103764952898 1.2372624164912576 1.3122045191674396 1.6198074354008565
102 1020 -0.47423990261370447 -0.2041774638203252 0.1499228972847817 0.6294924282717864 0.24536348828507387 0.5376140982197939 0.6556896129727822 0.7064781561527721 0.9187117859346862 1.0006103764952898 1.2372624164912576 1.3122045191674396 1.6198074354008565
103 1030 -0.47423990261370447 -0.2041774638203252 0.1499228972847817 0.6294924282717864 0.24536348828507387 0.5376140982197939 0.6556896129727822 0.7064781561527721 0.9187117859346862 1.0006103764952898 1.2372624164912576 1.3122045191674396 1.6198074354008565
104 1040 -0.47423990261370447 -0.2041774638203252 0.1499228972847817 0.6294924282717864 0.24536348828507387 0.5376140982197939 0.6556896129727822 0.7064781561527721 0.9187117859346862 1.0006103764952898 1.2372624164912576 1.3122045191674396 1.6198074354008565
105 1050 -0.47423990261370447 -0.2041774638203252 0.1499228972847817 0.6294924282717864 0.24536348828507387 0.5376140982197939 0.6556896129727822 0.7064781561527721 0.9187117859346862 1.0006103764952898 1.2372624164912576 1.3122045191674396 1.6198074354008565
106 1060 -0.47423990261370447 -0.2041774638203252 0.1499228972847817 0.6294924282717864 0.24536348828507387 0.5376140982197939 0.6556896129727822 0.7064781561527721 0.9187117859346862 1.0006103764952898 1.2372624164912576 1.3122045191674396 1.6198074354008565
107 1070 -0.47423990261370447 -0.2041774638203252 0.1499228972847817 0.6294924282717864 0.24536348828507387 0.5376140982197939 0.6556896129727822 0.7064781561527721 0.9187117859346862 1.0006103764952898 1.2372624164912576 1.3122045191674396 1.6198074354008565
108 1080 -0.47423990261370447 -0.2041774638203252 0.1499228972847817 0.6294924282717864 0.24536348828507387 0.5376140982197939 0.6556896129727822 0.7064781561527721 0.9187117859346862 1.0006103764952898 1.2372624164912576 1.3122045191674396 1.6198074354008565
109 1090 -0.5801937154224406 -0.1967063598191229 0.09999700360387268 0.6100902053107531 0.23523575845425307 0.5176752732351468 0.6249122775948863 0.7102195337155065 0.8722730955974333 1.0157221164542525 1.2301971866687917 1.3383931917173222 1.6384492924057619
110 1100 -0.5801937154224406 -0.1967063598191229 0.09999700360387268 0.6100902053107531 0.23523575845425307 0.5176752732351468 0.6249122775948863 0.7102195337155065 0.8722730955974333 1.0157221164542525 1.2301971866687917 1.3383931917173222 1.6384492924057619
111 1110 -0.5801937154224406 -0.1967063598191229 0.09999700360387268 0.6100902053107531 0.23523575845425307 0.5176752732351468 0.6249122775948863 0.7102195337155065 0.8722730955974333 1.0157221164542525 1.2301971866687917 1.3383931917173222 1.6384492924057619
112 1120 -0.5801937154224406 -0.1967063598191229 0.09999700360387268 0.6100902053107531 0.23523575845425307 0.5176752732351468 0.6249122775948863 0.7102195337155065 0.8722730955974333 1.0157221164542525 1.2301971866687917 1.3383931917173222 1.6384492924057619
113 1130 -0.5801937154224406 -0.1967063598191229 0.09999700360387268 0.6100902053107531 0.23523575845425307 0.5176752732351468 0.6249122775948863 0.7102195337155065 0.8722730955974333 1.0157221164542525 1.2301971866687917 1.3383931917173222 1.6384492924057619
114 1140 -0.5801937154224406 -0.1967063598191229 0.09999700360387268 0.6100902053107531 0.23523575845425307 0.5176752732351468 0.6249122775948863 0.7102195337155065 0.8722730955974333 1.0157221164542525 1.2301971866687917 1.3383931917173222 1.6384492924057619
115 1150 -0.5801937154224406 -0.1967063598191229 0.09999700360387268 0.6100902053107531 0.23523575845425307 0.5176752732351468 0.6249122775948863 0.7102195337155065 0.8722730955974333 1.0157221164542525 1.2301971866687917 1.3383931917173222 1.6384492924057619
116 1160 -0.5801937154224406 -0.1967063598191229 0.09999700360387268 0.6100902053107531 0.23523575845425307 0.5176752732351468 0.6249122775948863 0.7102195337155065 0.8722730955974333 1.0157221164542525 1.2301971866687917 1.3383931917173222 1.6384492924057619
117 1170 -0.5801937154224406 -0.1967063598191229 0.09999700360387268 0.6100902053107531 0.23523575845425307 0.5176752732351468 0.6249122775948863 0.7102195337155065 0.8722730955974333 1.0157221164542525 1.2301971866687917 1.3383931917173222 1.6384492924057619
118 1180 -0.6870405032133644 -0.23568756952799536 0.16429711139682945 0.66855094658005 0.2357544544898268 0.43338677597980874 0.6057536659050736 0.6338112985010272 0.8104891962290447 0.9261984111520043 1.1153687689454637 1.4090851303308614 1.8010099512346065
119 1190 -0.6870405032133644 -0.23568756952799536 0.16429711139682945 0.66855094658005 0.2357544544898268 0.43338677597980874 0.6057536659050736 0.6338112985010272 0.8104891962290447 0.9261984111520043 1.1153687689454637 1.4090851303308614 1.8010099512346065
120 1200 -0.6870405032133644 -0.23568756952799536 0.16429711139682945 0.66855094658005 0.2357544544898268 0.43338677597980874 0.6057536659050736 0.6338112985010272 0.8104891962290447 0.9261984111520043 1.1153687689454637 1.4090851303308614 1.8010099512346065
121 1210 -0.6870405032133644 -0.23568756952799536 0.16429711139682945 0.66855094658005 0.2357544544898268 0.43338677597980874 0.6057536659050736 0.6338112985010272 0.8104891962290447 0.9261984111520043 1.1153687689454637 1.4090851303308614 1.8010099512346065
122 1220 -0.6870405032133644 -0.23568756952799536 0.16429711139682945 0.66855094658005 0.2357544544898268 0.43338677597980874 0.6057536659050736 0.6338112985010272 0.8104891962290447 0.9261984111520043 1.1153687689454637 1.4090851303308614 1.8010099512346065
123 1230 -0.6870405032133644 -0.23568756952799536 0.16429711139682945 0.66855094658005 0.2357544544898268 0.43338677597980874 0.6057536659050736 0.6338112985010272 0.8104891962290447 0.9261984111520043 1.1153687689454637 1.4090851303308614 1.8010099512346065
124 1240 -0.6870405032133644 -0.23568756952799536 0.16429711139682945 0.66855094658005 0.2357544544898268 0.43338677597980874 0.6057536659050736 0.6338112985010272 0.8104891962290447 0.9261984111520043 1.1153687689454637 1.4090851303308614 1.8010099512346065
125 1250 -0.6870405032133644 -0.23568756952799536 0.16429711139682945 0.66855094658005 0.2357544544898268 0.43338677597980874 0.6057536659050736 0.6338112985010272 0.8104891962290447 0.9261984111520043 1.1153687689454637 1.4090851303308614 1.8010099512346065
126 1260 -0.6870405032133644 -0.23568756952799536 0.16429711139682945 0.66855094658005 0.2357544544898268 0.43338677597980874 0.6057536659050736 0.6338112985010272 0.8104891962290447 0.9261984111520043 1.1153687689454637 1.4090851303308614 1.8010099512346065
127 1270 -0.7400773568905692 -0.21134116342499676 0.2187219261025311 0.6052550833483492 0.24377797638873508 0.43085614962414714 0.601422559321059 0.7059410598788566 0.8471304628155234 0.862937151241914 1.2342571447723318 1.4723077392871924 1.6557481919258226
128 1280 -0.7400773568905692 -0.21134116342499676 0.2187219261025311 0.6052550833483492 0.24377797638873508 0.43085614962414714 0.601422559321059 0.7059410598788566 0.8471304628155234 0.862937151241914 1.2342571447723318 1.4723077392871924 1.6557481919258226
129 1290 -0.7400773568905692 -0.21134116342499676 0.2187219261025311 0.6052550833483492 0.24377797638873508 0.43085614962414714 0.601422559321059 0.7059410598788566 0.8471304628155234 0.862937151241914 1.2342571447723318 1.4723077392871924 1.6557481919258226
130 1300 -0.7400773568905692 -0.21134116342499676 0.2187219261025311 0.6052550833483492 0.24377797638873508 0.43085614962414714 0.601422559321059 0.7059410598788566 0.8471304628155234 0.862937151241914 1.2342571447723318 1.4723077392871924 1.6557481919258226
131 1310 -0.7400773568905692 -0.21134116342499676 0.2187219261025311 0.6052550833483492 0.24377797638873508 0.43085614962414714 0.601422559321059 0.7059410598788566 0.8471304628155234 0.862937151241914 1.2342571447723318 1.4723077392871924 1.6557481919258226
132 1320 -0.7400773568905692 -0.21134116342499676 0.2187219261025311 0.6052550833483492 0.24377797638873508 0.43085614962414714 0.601422559321059 0.7059410598788566 0.8471304628155234 0.862937151241914 1.2342571447723318 1.4723077392871924 1.6557481919258226
133 1330 -0.7400773568905692 -0.21134116342499676 0.2187219261025311 0.6052550833483492 0.24377797638873508 0.43085614962414714 0.601422559321059 0.7059410598788566 0.8471304628155234 0.862937151241914 1.2342571447723318 1.4723077392871924 1.6557481919258226
134 1340 -0.7400773568905692 -0.21134116342499676 0.2187219261025311 0.6052550833483492 0.24377797638873508 0.43085614962414714 0.601422559321059 0.7059410598788566 0.8471304628155234 0.862937151241914 1.2342571447723318 1.4723077392871924 1.6557481919258226
135 1350 -0.7400773568905692 -0.21134116342499676 0.2187219261025311 0.6052550833483492 0.24377797638873508 0.43085614962414714 0.601422559321059 0.7059410598788566 0.8471304628155234 0.862937151241914 1.2342571447723318 1.4723077392871924 1.6557481919258226
136 1360 -0.7084510340036902 -0.22181994883023803 0.23044156999892504 0.5968482223020846 0.25683659607403786 0.435185810264412 0.5954725115874435 0.6965719536117223 0.7853665147941675 0.8871964290417209 1.2944831484016026 1.3999524441825077 1.6927423729304694
137 1370 -0.7084510340036902 -0.22181994883023803 0.23044156999892504 0.5968482223020846 0.25683659607403786 0.435185810264412 0.5954725115874435 0.6965719536117223 0.7853665147941675 0.8871964290417209 1.2944831484016026 1.3999524441825077 1.6927423729304694
138 1380 -0.7084510340036902 -0.22181994883023803 0.23044156999892504 0.5968482223020846 0.25683659607403786 0.435185810264412 0.5954725115874435 0.6965719536117223 0.7853665147941675 0.8871964290417209 1.2944831484016026 1.3999524441825077 1.6927423729304694
139 1390 -0.7084510340036902 -0.22181994883023803 0.23044156999892504 0.5968482223020846 0.25683659607403786 0.435185810264412 0.5954725115874435 0.6965719536117223 0.7853665147941675 0.8871964290417209 1.2944831484016026 1.3999524441825077 1.6927423729304694
140 1400 -0.7084510340036902 -0.22181994883023803 0.23044156999892504 0.5968482223020846 0.25683659607403786 0.435185810264412 0.5954725115874435 0.6965719536117223 0.7853665147941675 0.8871964290417209 1.2944831484016026 1.3999524441825077 1.6927423729304694
141 1410 -0.7084510340036902 -0.22181994883023803 0.23044156999892504 0.5968482223020846 0.25683659607403786 0.435185810264412 0.5954725115874435 0.6965719536117223 0.7853665147941675 0.8871964290417209 1.2944831484016026 1.3999524441825077 1.6927423729304694
142 1420 -0.7084510340036902 -0.22181994883023803 0.23044156999892504 0.5968482223020846 0.25683659607403786 0.435185810264412 0.5954725115874435 0.6965719536117223 0.7853665147941675 0.8871964290417209 1.2944831484016026 1.3999524441825077 1.6927423729304694
143 1430 -0.7084510340036902 -0.22181994883023803 0.23044156999892504 0.5968482223020846 0.25683659607403786 0.435185810264412 0.5954725115874435 0.6965719536117223 0.7853665147941675 0.8871964290417209 1.2944831484016026 1.3999524441825077 1.6927423729304694
144 1440 -0.7084510340036902 -0.22181994883023803 0.23044156999892504 0.5968482223020846 0.25683659607403786 0.435185810264412 0.5954725115874435 0.6965719536117223 0.7853665147941675 0.8871964290417209 1.2944831484016026 1.3999524441825077 1.6927423729304694
145 1450 -0.7421924405013389 -0.20725287004052023 0.21006034735067355 0.6204169180456441 0.26228665320100125 0.3904523639590259 0.5659677032465309 0.6282426914493703 0.8102821050123366 0.9435716884075724 1.3050709287209625 1.5055617492694269 1.5959114674161503
146 1460 -0.7421924405013389 -0.20725287004052023 0.21006034735067355 0.6204169180456441 0.26228665320100125 0.3904523639590259 0.5659677032465309 0.6282426914493703 0.8102821050123366 0.9435716884075724 1.3050709287209625 1.5055617492694269 1.5959114674161503
147 1470 -0.7421924405013389 -0.20725287004052023 0.21006034735067355 0.6204169180456441 0.26228665320100125 0.3904523639590259 0.5659677032465309 0.6282426914493703 0.8102821050123366 0.9435716884075724 1.3050709287209625 1.5055617492694269 1.5959114674161503
148 1480 -0.7421924405013389 -0.20725287004052023 0.21006034735067355 0.6204169180456441 0.26228665320100125 0.3904523639590259 0.5659677032465309 0.6282426914493703 0.8102821050123366 0.9435716884075724 1.3050709287209625 1.5055617492694269 1.5959114674161503
149 1490 -0.7421924405013389 -0.20725287004052023 0.21006034735067355 0.6204169180456441 0.26228665320100125 0.3904523639590259 0.5659677032465309 0.6282426914493703 0.8102821050123366 0.9435716884075724 1.3050709287209625 1.5055617492694269 1.5959114674161503
150 1500 -0.7421924405013389 -0.20725287004052023 0.21006034735067355 0.6204169180456441 0.26228665320100125 0.3904523639590259 0.5659677032465309 0.6282426914493703 0.8102821050123366 0.9435716884075724 1.3050709287209625 1.5055617492694269 1.5959114674161503
151 1510 -0.7421924405013389 -0.20725287004052023 0.21006034735067355 0.6204169180456441 0.26228665320100125 0.3904523639590259 0.5659677032465309 0.6282426914493703 0.8102821050123366 0.9435716884075724 1.3050709287209625 1.5055617492694269 1.5959114674161503
152 1520 -0.7421924405013389 -0.20725287004052023 0.21006034735067355 0.6204169180456441 0.26228665320100125 0.3904523639590259 0.5659677032465309 0.6282426914493703 0.8102821050123366 0.9435716884075724 1.3050709287209625 1.5055617492694269 1.5959114674161503
153 1530 -0.7421924405013389 -0.20725287004052023 0.21006034735067355 0.6204169180456441 0.26228665320100125 0.3904523639590259 0.5659677032465309 0.6282426914493703 0.8102821050123366 0.9435716884075724 1.3050709287209625 1.5055617492694269 1.5959114674161503
154 1540 -0.6201365718302931 -0.2440348622928844 0.2485709877983418 0.546276949602198 0.28019021292006924 0.4309645086332849 0.6547223697846595 0.7200714232711346 0.8079145159271297 0.9183275683154202 1.2455778967970008 1.4879785732889237 1.5896549567261622
155 1550 -0.6201365718302931 -0.2440348622928844 0.2485709877983418 0.546276949602198 0.28019021292006924 0.4309645086332849 0.6547223697846595 0.7200714232711346 0.8079145159271297 0.9183275683154202 1.2455778967970008 1.4879785732889237 1.5896549567261622
156 1560 -0.6201365718302931 -0.2440348622928844 0.2485709877983418 0.546276949602198 0.28019021292006924 0.4309645086332849 0.6547223697846595 0.7200714232711346 0.8079145159271297 0.9183275683154202 1.2455778967970008 1.4879785732889237 1.5896549567261622
157 1570 -0.6201365718302931 -0.2440348622928844 0.2485709877983418 0.546276949602198 0.28019021292006924 0.4309645086332849 0.6547223697846595 0.7200714232711346 0.8079145159271297 0.9183275683154202 1.2455778967970008 1.4879785732889237 1.5896549567261622
158 1580 -0.6201365718302931 -0.2440348622928844 0.2485709877983418 0.546276949602198 0.28019021292006924 0.4309645086332849 0.6547223697846595 0.7200714232711346 0.8079145159271297 0.9183275683154202 1.2455778967970008 1.4879785732889237 1.5896549567261622
159 1590 -0.6201365718302931 -0.2440348622928844 0.2485709877983418 0.546276949602198 0.28019021292006924 0.4309645086332849 0.6547223697846595 0.7200714232711346 0.8079145159271297 0.9183275683154202 1.2455778967970008 1.4879785732889237 1.5896549567261622
160 1600 -0.6201365718302931 -0.2440348622928844 0.2485709877983418 0.546276949602198 0.28019021292006924 0.4309645086332849 0.6547223697846595 0.7200714232711346 0.8079145159271297 0.9183275683154202 1.2455778967970008 1.4879785732889237 1.5896549567261622
161 1610 -0.6201365718302931 -0.2440348622928844 0.2485709877983418 0.546276949602198 0.28019021292006924 0.4309645086332849 0.6547223697846595 0.7200714232711346 0.8079145159271297 0.9183275683154202 1.2455778967970008 1.4879785732889237 1.5896549567261622
162 1620 -0.6201365718302931 -0.2440348622928844 0.2485709877983418 0.546276949602198 0.28019021292006924 0.4309645086332849 0.6547223697846595 0.7200714232711346 0.8079145159271297 0.9183275683154202 1.2455778967970008 1.4879785732889237 1.5896549567261622
163 1630 -0.7163243613763297 -0.23088240344256772 0.23510209718905256 0.5577052354240882 0.2656700237268165 0.4062969621481336 0.5516912568044514 0.6325086851324594 0.8380995452925402 0.9400276471942177 1.3363480252681343 1.4158991213657544 1.6380636573736393
164 1640 -0.7163243613763297 -0.23088240344256772 0.23510209718905256 0.5577052354240882 0.2656700237268165 0.4062969621481336 0.5516912568044514 0.6325086851324594 0.8380995452925402 0.9400276471942177 1.3363480252681343 1.4158991213657544 1.6380636573736393
165 1650 -0.7163243613763297 -0.23088240344256772 0.23510209718905256 0.5577052354240882 0.2656700237268165 0.4062969621481336 0.5516912568044514 0.6325086851324594 0.8380995452925402 0.9400276471942177 1.3363480252681343 1.4158991213657544 1.6380636573736393
166 1660 -0.7163243613763297 -0.23088240344256772 0.23510209718905256 0.5577052354240882 0.2656700237268165 0.4062969621481336 0.5516912568044514 0.6325086851324594 0.8380995452925402 0.9400276471942177 1.3363480252681343 1.4158991213657544 1.6380636573736393
167 1670 -0.7163243613763297 -0.23088240344256772 0.23510209718905256 0.5577052354240882 0.2656700237268165 0.4062969621481336 0.5516912568044514 0.6325086851324594 0.8380995452925402 0.9400276471942177 1.3363480252681343 1.4158991213657544 1.6380636573736393
168 1680 -0.7163243613763297 -0.23088240344256772 0.23510209718905256 0.5577052354240882 0.2656700237268165 0.4062969621481336 0.5516912568044514 0.6325086851324594 0.8380995452925402 0.9400276471942177 1.3363480252681343 1.4158991213657544 1.6380636573736393
169 1690 -0.7163243613763297 -0.23088240344256772 0.23510209718905256 0.5577052354240882 0.2656700237268165 0.4062969621481336 0.5516912568044514 0.6325086851324594 0.8380995452925402 0.9400276471942177 1.3363480252681343 1.4158991213657544 1.6380636573736393
170 1700 -0.7163243613763297 -0.23088240344256772 0.23510209718905256 0.5577052354240882 0.2656700237268165 0.4062969621481336 0.5516912568044514 0.6325086851324594 0.8380995452925402 0.9400276471942177 1.3363480252681343 1.4158991213657544 1.6380636573736393
171 1710 -0.7163243613763297 -0.23088240344256772 0.23510209718905256 0.5577052354240882 0.2656700237268165 0.4062969621481336 0.5516912568044514 0.6325086851324594 0.8380995452925402 0.9400276471942177 1.3363480252681343 1.4158991213657544 1.6380636573736393
172 1720 -0.754317624611802 -0.2709017973323796 0.22070952865911947 0.5864538175940341 0.1912557848772638 0.3712537056223941 0.4522747423739541 0.6350381131211034 0.8443152697882205 0.9275184812129026 1.3769686785028123 1.494420763715026 1.5859606220576092
173 1730 -0.754317624611802 -0.2709017973323796 0.22070952865911947 0.5864538175940341 0.1912557848772638 0.3712537056223941 0.4522747423739541 0.6350381131211034 0.8443152697882205 0.9275184812129026 1.3769686785028123 1.494420763715026 1.5859606220576092
174 1740 -0.754317624611802 -0.2709017973323796 0.22070952865911947 0.5864538175940341 0.1912557848772638 0.3712537056223941 0.4522747423739541 0.6350381131211034 0.8443152697882205 0.9275184812129026 1.3769686785028123 1.494420763715026 1.5859606220576092
175 1750 -0.754317624611802 -0.2709017973323796 0.22070952865911947 0.5864538175940341 0.1912557848772638 0.3712537056223941 0.4522747423739541 0.6350381131211034 0.8443152697882205 0.9275184812129026 1.3769686785028123 1.494420763715026 1.5859606220576092
176 1760 -0.754317624611802 -0.2709017973323796 0.22070952865911947 0.5864538175940341 0.1912557848772638 0.3712537056223941 0.4522747423739541 0.6350381131211034 0.8443152697882205 0.9275184812129026 1.3769686785028123 1.494420763715026 1.5859606220576092
177 1770 -0.754317624611802 -0.2709017973323796 0.22070952865911947 0.5864538175940341 0.1912557848772638 0.3712537056223941 0.4522747423739541 0.6350381131211034 0.8443152697882205 0.9275184812129026 1.3769686785028123 1.494420763715026 1.5859606220576092
178 1780 -0.754317624611802 -0.2709017973323796 0.22070952865911947 0.5864538175940341 0.1912557848772638 0.3712537056223941 0.4522747423739541 0.6350381131211034 0.8443152697882205 0.9275184812129026 1.3769686785028123 1.494420763715026 1.5859606220576092
179 1790 -0.754317624611802 -0.2709017973323796 0.22070952865911947 0.5864538175940341 0.1912557848772638 0.3712537056223941 0.4522747423739541 0.6350381131211034 0.8443152697882205 0.9275184812129026 1.3769686785028123 1.494420763715026 1.5859606220576092
180 1800 -0.754317624611802 -0.2709017973323796 0.22070952865911947 0.5864538175940341 0.1912557848772638 0.3712537056223941 0.4522747423739541 0.6350381131211034 0.8443152697882205 0.9275184812129026 1.3769686785028123 1.494420763715026 1.5859606220576092
181 1810 -0.7256050033638842 -0.2602615900615558 0.270030148401427 0.7357677467533165 0.2106115871004806 0.31694064300669744 0.4417645556462273 0.5628517626479678 0.8379121929228328 0.9901655220837075 1.2888973110575508 1.5593903078129412 1.6024214002951627
182 1820 -0.7256050033638842 -0.2602615900615558 0.270030148401427 0.7357677467533165 0.2106115871004806 0.31694064300669744 0.4417645556462273 0.5628517626479678 0.8379121929228328 0.9901655220837075 1.2888973110575508 1.5593903078129412 1.6024214002951627
183 1830 -0.7256050033638842 -0.2602615900615558 0.270030148401427 0.7357677467533165 0.2106115871004806 0.31694064300669744 0.4417645556462273 0.5628517626479678 0.8379121929228328 0.9901655220837075 1.2888973110575508 1.5593903078129412 1.6024214002951627
184 1840 -0.7256050033638842 -0.2602615900615558 0.270030148401427 0.7357677467533165 0.2106115871004806 0.31694064300669744 0.4417645556462273 0.5628517626479678 0.8379121929228328 0.9901655220837075 1.2888973110575508 1.5593903078129412 1.6024214002951627
185 1850 -0.7256050033638842 -0.2602615900615558 0.270030148401427 0.7357677467533165 0.2106115871004806 0.31694064300669744 0.4417645556462273 0.5628517626479678 0.8379121929228328 0.9901655220837075 1.2888973110575508 1.5593903078129412 1.6024214002951627
186 1860 -0.7256050033638842 -0.2602615900615558 0.270030148401427 0.7357677467533165 0.2106115871004806 0.31694064300669744 0.4417645556462273 0.5628517626479678 0.8379121929228328 0.9901655220837075 1.2888973110575508 1.5593903078129412 1.6024214002951627
187 1870 -0.7256050033638842 -0.2602615900615558 0.270030148401427 0.7357677467533165 0.2106115871004806 0.31694064300669744 0.4417645556462273 0.5628517626479678 0.8379121929228328 0.9901655220837075 1.2888973110575508 1.5593903078129412 1.6024214002951627
188 1880 -0.7256050033638842 -0.2602615900615558 0.270030148401427 0.7357677467533165 0.2106115871004806 0.31694064300669744 0.4417645556462273 0.5628517626479678 0.8379121929228328 0.9901655220837075 1.2888973110575508 1.5593903078129412 1.6024214002951627
189 1890 -0.7256050033638842 -0.2602615900615558 0.270030148401427 0.7357677467533165 0.2106115871004806 0.31694064300669744 0.4417645556462273 0.5628517626479678 0.8379121929228328 0.9901655220837075 1.2888973110575508 1.5593903078129412 1.6024214002951627
190 1900 -0.7151070594983695 -0.26297705206720057 0.26668229165672913 0.7508763729863739 0.19368743336823033 0.2892205113800357 0.449392170053609 0.6151176900746321 0.8399036933515472 0.9590976269118305 1.300054021083861 1.5574488822139838 1.5991934305469968
191 1910 -0.7151070594983695 -0.26297705206720057 0.26668229165672913 0.7508763729863739 0.19368743336823033 0.2892205113800357 0.449392170053609 0.6151176900746321 0.8399036933515472 0.9590976269118305 1.300054021083861 1.5574488822139838 1.5991934305469968
192 1920 -0.7151070594983695 -0.26297705206720057 0.26668229165672913 0.7508763729863739 0.19368743336823033 0.2892205113800357 0.449392170053609 0.6151176900746321 0.8399036933515472 0.9590976269118305 1.300054021083861 1.5574488822139838 1.5991934305469968
193 1930 -0.7151070594983695 -0.26297705206720057 0.26668229165672913 0.7508763729863739 0.19368743336823033 0.2892205113800357 0.449392170053609 0.6151176900746321 0.8399036933515472 0.9590976269118305 1.300054021083861 1.5574488822139838 1.5991934305469968
194 1940 -0.7151070594983695 -0.26297705206720057 0.26668229165672913 0.7508763729863739 0.19368743336823033 0.2892205113800357 0.449392170053609 0.6151176900746321 0.8399036933515472 0.9590976269118305 1.300054021083861 1.5574488822139838 1.5991934305469968
195 1950 -0.7151070594983695 -0.26297705206720057 0.26668229165672913 0.7508763729863739 0.19368743336823033 0.2892205113800357 0.449392170053609 0.6151176900746321 0.8399036933515472 0.9590976269118305 1.300054021083861 1.5574488822139838 1.5991934305469968
196 1960 -0.7151070594983695 -0.26297705206720057 0.26668229165672913 0.7508763729863739 0.19368743336823033 0.2892205113800357 0.449392170053609 0.6151176900746321 0.8399036933515472 0.9590976269118305 1.300054021083861 1.5574488822139838 1.5991934305469968
197 1970 -0.7151070594983695 -0.26297705206720057 0.26668229165672913 0.7508763729863739 0.19368743336823033 0.2892205113800357 0.449392170053609 0.6151176900746321 0.8399036933515472 0.9590976269118305 1.300054021083861 1.5574488822139838 1.5991934305469968
198 1980 -0.7151070594983695 -0.26297705206720057 0.26668229165672913 0.7508763729863739 0.19368743336823033 0.2892205113800357 0.449392170053609 0.6151176900746321 0.8399036933515472 0.9590976269118305 1.300054021083861 1.5574488822139838 1.5991934305469968
199 1990 -0.6559647473240207 -0.2718404937112105 0.2645999686750118 0.7841303259732294 0.21856000259274494 0.26452954903528364 0.44412005337834043 0.5996176203497416 0.7828614221446528 1.0120898801965852 1.2443264347006096 1.5567372832268191 1.6481791630600557
200 2000 -0.6559647473240207 -0.2718404937112105 0.2645999686750118 0.7841303259732294 0.21856000259274494 0.26452954903528364 0.44412005337834043 0.5996176203497416 0.7828614221446528 1.0120898801965852 1.2443264347006096 1.5567372832268191 1.6481791630600557
