% # columns="iteration, evaluation, void, void, void, xmean", seed=170615, Tue Feb 21 18:30:08 2023, <python>{}</python> # scaling_of_variables: 1, typical_x: 0
1 10 0 0 0 0.4929105063393171 0.5983136597113019 0.49424909602214256 0.08284817264303691 0.7591744976608504 0.8005877199510403 0.4434695124373635 1.0457929943362594 0.3771689498068196
2 20 0 0 0 0.5301255417641396 0.6447264489014825 0.4267144407262612 0.04710293156989342 0.7328193513021344 0.7343980102923625 0.33594895135441993 1.04246544969161 0.23546704750025105
3 30 0 0 0 0.5798283626850976 0.6988070065195947 0.42898346448334895 0.0826458224476469 0.7266897209835771 0.7404521893277729 0.3379341165817628 1.1114214718155584 0.23885354367241265
4 40 0 0 0 0.6789193664248183 0.7557750965293392 0.529632522625495 0.058578370662465115 0.7634417821260834 0.722447828104316 0.27191304680715755 1.1065395934618931 0.1771883654703121
5 50 0 0 0 0.60516149585088 0.7539128834038803 0.4904792875392107 0.047740864588972434 0.7026745526408643 0.7776644680034887 0.3083653675997194 1.1097878429908972 0.19782139961302644
6 60 0 0 0 0.662167688509225 0.7453414731710032 0.4142546037184282 0.0390349586567117 0.704223068151961 0.8426165240404122 0.2742161794231404 1.1612173067442084 0.16998711983698886
7 70 0 0 0 0.7772281827027363 0.7566561266838595 0.35273270014138336 0.03688345705202703 0.8443540441044967 0.7390270625411098 0.21754022328118502 1.175544524844285 0.07274865289574632
8 80 0 0 0 0.8472344361158393 0.7818393796927098 0.32392083979806 0.007822340505766048 0.8658969693694205 0.7921418836369414 0.27454646725755694 1.224121956883148 0.10373987935306131
9 90 0 0 0 0.9252253254146348 0.7979220279911925 0.2573093130017403 -0.025556653993457582 0.8934030076450639 0.6469147141900979 0.416862604742337 1.2253875207938894 0.14228216215350545
10 100 0 0 0 1.1735389877439688 1.0082327486155602 0.312376088770734 0.02541077804077121 0.8856003734649261 0.6393306790811496 0.30446877074117334 1.1341175654033986 0.05942178686852467
11 110 0 0 0 1.281546334171938 1.132343906494019 0.39348930434669366 0.10129057755889177 0.8267722455862524 0.7013777661160185 0.14838739629601094 0.9992733114333664 -0.20955233957556407
12 120 0 0 0 1.3763774541050229 1.3001113015459378 0.34634992759058614 0.06386002936982102 0.8010468143581048 0.648704195861 0.07298491719545806 1.0330002701463352 -0.253162238306348
13 130 0 0 0 1.560011743436409 1.2378438010029122 0.11695759690924173 -0.04826552407745735 0.9391379674793972 0.5056512873150077 0.13600722318776576 1.1222941091445318 -0.3859993146603172
14 140 0 0 0 1.3475030266644397 1.114987422398584 0.07409759451804088 -0.06497581137895556 0.8383840339912874 0.5404359372836514 0.2494931580516443 1.1279261095809339 -0.22451224964440444
15 150 0 0 0 1.3859375111705488 1.351025649712042 0.24154642083092737 -0.014432575630499364 0.8553379682714214 0.7625937669455516 0.2306494617200773 0.8454945326071911 -0.057615101157827225
16 160 0 0 0 1.2477162923771754 1.2475329171795089 0.5000898326632521 -0.028675410164685236 0.7806523109377033 0.864210808079416 0.20778430760020455 0.7259158445377311 0.08303738200367136
17 170 0 0 0 1.2671394015411372 1.2694248403598363 0.5120458326195334 -0.04866704795505458 0.7843973602949053 0.8321704114963884 0.28921250755253924 0.5184359924799246 0.16656489040771433
18 180 0 0 0 1.1740075651221347 1.2063586147947851 0.6753464761203749 0.055824415197332417 0.6943063613741506 0.7739209180274983 0.5820752150845033 0.25301692402898995 0.3845610645066911
19 190 0 0 0 1.3079622885620217 1.5644797583167487 0.711123449096951 0.052201170052440855 0.7282290866688218 0.5584412653192126 0.333231718704788 0.02836442429113098 0.13152873665749837
20 200 0 0 0 1.384043008707993 1.6119425433892909 0.5243367067527591 -0.04548545008528087 0.8094889070625454 0.46593983762754243 0.05350019218300911 -0.012987192329175237 -0.023898676634006882
21 210 0 0 0 1.6227989936766491 1.7299119860947754 0.4713699357940102 0.045102867463894365 0.8646170471699063 0.4260983007305418 0.2207335701917587 0.14103375605011115 -0.12234125098440243
22 220 0 0 0 1.719749841265196 1.5063486228553875 0.3345754707704817 -0.046819534982813306 1.017185367557563 0.3895609862914914 0.3471309013647488 0.41077820595457243 -0.06719756593221865
23 230 0 0 0 1.9789766903031567 1.6328891292495475 0.37489856665680865 -0.04637933727265853 1.124943283216821 0.16273307681603114 0.31859816986275896 0.2276669078682937 -0.3802965943712359
24 240 0 0 0 1.9800832636304717 1.6635188698301477 0.48619965337235227 -0.00871267633613386 1.1673863326299532 0.15058463189823418 0.4179975990461625 0.23452787697791555 -0.23240045073270366
25 250 0 0 0 2.0688084393758643 1.9227829793415048 0.663897671614285 0.026096554795943736 1.1159742415218443 -0.0051561111512115065 0.5210612517477496 0.06553693607691077 -0.09351233089094893
26 260 0 0 0 1.9973878762646011 1.746505844696103 0.5341081777126578 0.012832820620107347 1.1664680801089142 -0.08161397659459799 0.5879005957489548 0.18643321017650125 -0.24546779140415273
27 270 0 0 0 1.773554551169503 1.7821610771236585 0.5646613201566532 -0.03547672928710086 1.1397813451316687 0.05157595363544712 0.6830749056396627 0.05489775869716276 -0.050791654691953375
28 280 0 0 0 1.8980462338653452 1.954901533555507 0.6757396573696369 -0.028303928699645913 1.1005494740347634 -0.12946999872373388 0.6365412801525598 -0.13789538815616162 -0.21964306541173648
29 290 0 0 0 1.7967817244678728 1.9583287139128518 0.8436903775548874 -0.05171119726358232 1.2612673995948032 -0.0749625471979371 0.6401122778627796 -0.09188618706343317 -0.06558588564370918
30 300 0 0 0 1.9844841134225863 2.02446092814555 0.6906556544636835 0.05561893724574156 1.2783779405349822 0.035006226696907394 0.5570996526716917 0.07082231997714596 -0.0541990046823491
31 310 0 0 0 1.747211066192317 1.9100497272605739 0.6587391683627409 0.028414368363919393 1.2377825801876723 0.14773105928685515 0.613292606128106 -0.012959894412929635 0.18325136842695544
32 320 0 0 0 1.7649784877902799 1.7594642095050164 0.6049151721477385 -0.03591073351705841 1.2496179318000564 0.34306691472210465 0.5238300652936095 0.19500713637330128 0.18275347930927419
33 330 0 0 0 1.9524645598892956 1.8915531555407847 0.6215317471858711 -0.0528112313920126 1.302091961817555 0.20577430994132923 0.18955880656612223 0.1586035666454987 -0.12145738580040136
34 340 0 0 0 1.9717006514940436 1.8285684312365484 0.589102739325082 0.00922723912825147 1.193460767794707 0.19429072043252146 0.19584611503939717 0.2124060587551626 -0.25657904824014405
35 350 0 0 0 2.0632396227585224 1.8590328101411258 0.5818009538066833 0.029168101459643773 1.1597762697519982 0.18652937276597142 -0.06018797127031708 0.09249251790902921 -0.3564474686185525
36 360 0 0 0 2.1040161634349692 2.041362847962514 0.6702664470041266 -0.0031718272578106325 1.1567609753306882 0.15535954392394513 0.009397894478599567 0.08136593792265241 -0.434845489038061
37 370 0 0 0 2.0368039227533226 2.034732542781461 0.5974120610899208 0.01512375125206224 1.1028751896418876 0.09305036706319714 -0.09495566417771777 0.14761578400396663 -0.6147304071184607
38 380 0 0 0 1.9919731989553646 2.0770196884995027 0.6780374483624104 0.05675958276368473 1.013954023681092 0.018769384681607076 -0.17433019284668888 0.19363912293757526 -0.6968642979813267
39 390 0 0 0 2.188016448190182 2.0439413039174315 0.6079055707438652 0.04184729442094501 1.0250025786612744 -0.011324094283970007 -0.1284557510141681 0.21887963008808414 -0.945175182062009
40 400 0 0 0 1.9868888066706487 1.9276216474727825 0.48617939792510656 0.03154675360908807 0.9992676410654677 0.03872691991183 0.05115863757369421 0.16583075333710398 -0.7205239822986768
41 410 0 0 0 1.9186630122606263 2.0112543729910644 0.4279740615940922 0.008963363270859143 0.9425045235250665 0.061792952634069157 -0.05641532065816281 0.24557507356992161 -0.7107505013688424
42 420 0 0 0 1.9360313481112115 2.0865650362317574 0.45672515224132726 0.038116639317983717 1.0134543834703384 0.015883225911615166 -0.13861419486774665 0.32751164798660815 -0.7165512358184905
43 430 0 0 0 1.9134745303421044 2.2442499047864786 0.5083008410323929 0.05236791148383458 1.022768631237413 -0.05161429913738303 -0.03256934467136771 0.1571784181877919 -0.7018532549523678
44 440 0 0 0 2.0280935847212653 2.3278152162950354 0.5864195935182853 0.03499549115613485 0.9594343741959676 -0.16286052534476478 -0.14921845050051916 0.29281128015558894 -0.8788223531998256
45 450 0 0 0 2.112043996330445 2.25821889558942 0.4790313114321889 0.01991931846325138 0.9613865715534827 -0.14697315689456758 -0.1817948132837682 0.2520927559156659 -0.9956753122797104
46 460 0 0 0 2.1251760847394214 2.381540765590767 0.43861917479304224 -0.027133252907933066 0.9841032255591037 -0.1563967674123073 -0.15388527423249304 0.20626996022139446 -1.01233740440568
47 470 0 0 0 2.1582843661213698 2.3595520591835433 0.23174215120375458 -0.003644722950747435 0.9755547383438029 -0.16945866696346815 -0.004459058101973973 0.14779409373018854 -1.034068123647244
48 480 0 0 0 2.195344976774633 2.272954483234825 0.21484869255430578 -0.03403167908225617 0.9761729372652832 -0.23862625820234967 -0.035091362536897465 0.16909920212211293 -1.0604484691113976
49 490 0 0 0 2.2340366582774664 2.379822943483578 0.16694904656387105 -0.045387717883193554 1.009302322642979 -0.23007111063420538 0.07164048715102295 0.13685114096853368 -1.1051783203452519
50 500 0 0 0 2.298680751250766 2.405781240573476 0.1290839032168002 -0.047927098651892236 1.1215362842854733 -0.31791119870697565 0.07627726852502076 0.169086857254715 -1.1791924755545704
51 510 0 0 0 2.3238922640249386 2.470185874549981 0.20857815405903343 -0.056927017401558845 1.1220873666535902 -0.306814832766604 0.12784378259912332 0.13954675147514287 -1.1375351294064233
52 520 0 0 0 2.4239785565870093 2.3936694966078202 0.38351629927385195 0.0013158419152106832 1.2094780493521318 -0.16232669846169773 0.13238937599009934 0.15847053502807495 -1.0548930857123264
53 530 0 0 0 2.6086135942773803 2.429676297686907 0.33780875683336936 -0.015102228477274268 1.2836898032235067 -0.2552740474386499 0.1849670172203744 0.08785052351361487 -1.1267094385613015
54 540 0 0 0 2.746073820195551 2.52445938726949 0.3499717645296237 -0.021844223052412133 1.2158725775514883 -0.31621800033765196 -0.042322878594535485 0.20385634712173006 -1.3510264898956321
55 550 0 0 0 3.117735557113891 2.5677560774934745 0.32474574716563975 0.001046653541765974 1.2982347476957785 -0.3358287481474781 -0.022384325165147583 0.16846377182676045 -1.3890196827995602
56 560 0 0 0 3.067474369839655 2.5583042307079524 0.3712607002469921 -0.06697520390233175 1.301840075623407 -0.4459724643716411 -0.02682273372894341 0.13765041066565953 -1.4538054909059266
57 570 0 0 0 3.337475619688154 2.6589818698450434 0.1470299294396888 -0.0396469152482243 1.3217153572635365 -0.6348130768262965 0.05249001848111941 0.21694500951201934 -1.6770907450886265
58 580 0 0 0 3.041328834856037 2.671701244253003 0.2820187940671494 -0.03989067252616866 1.3985065470618203 -0.5318178649750791 0.05565268812083027 0.3154592870863601 -1.4830845622103672
59 590 0 0 0 3.169885692969768 2.7456300679657315 0.4594889774438386 -0.05249826962987596 1.4562324805112052 -0.5976304775239139 0.02468873453368607 0.15346098171867711 -1.4611432214188138
60 600 0 0 0 3.198235989981464 2.8693765946805057 0.27935422301465024 -0.05045697402600169 1.3896883392597394 -0.5992952671871692 -0.008643361308210029 0.15291991680428685 -1.6150975130790035
61 610 0 0 0 3.060674386059476 2.8196242312597835 0.14554494975103105 -0.05648826225226369 1.383562844564091 -0.6082674552040197 -0.04947616621783615 0.11162835658911326 -1.5328367495958788
62 620 0 0 0 2.8972105628265745 2.722540888580425 0.02410461917407883 -0.07366977768451889 1.4100372912202819 -0.6239999426463667 -0.10705456023639326 0.1305433260579607 -1.4323422611426182
63 630 0 0 0 2.9726338005871504 2.6883925047571195 -0.009061376804189253 -0.047524408021618995 1.4602782389510134 -0.6340314117498969 -0.32039870892216765 0.14433240001219125 -1.4415337606190348
64 640 0 0 0 2.797906809561345 2.5961595903794366 0.009581610331592074 -0.0614566820173605 1.3198770716173067 -0.6280720442051472 -0.5384124737152901 0.3187167812241365 -1.5158876408644493
65 650 0 0 0 2.3392081770845623 2.3184254963272872 -0.019564286291727368 -0.04170886847304643 1.2831446101655364 -0.3862377691953748 -0.5223314520252892 0.3193188925846299 -1.0955929630381531
66 660 0 0 0 2.3723289092437687 2.4349882732824715 0.06227233609425799 -0.05787185685474286 1.2842526750161534 -0.4403252684686334 -0.7027481762446408 0.38659670536875607 -1.2918878581850317
67 670 0 0 0 2.4437131807093246 2.4481124306563133 -0.05788417785401041 -0.05637002366901039 1.2967222587854865 -0.4170783350705621 -0.9249739192951869 0.45814370466634985 -1.432799487433288
68 680 0 0 0 2.6802502738126632 2.6280058632660785 -0.1101623382941161 -0.02484680769855393 1.3450825928534664 -0.36457926800952584 -1.0421717981514529 0.5510753166770779 -1.6420220783778698
69 690 0 0 0 2.8124696723627927 2.70028451831994 -0.48292403893360264 -0.0628439234023355 1.3651877596925002 -0.5422561359566377 -0.9644413385108486 0.5007868158619222 -1.761196612377554
70 700 0 0 0 2.8699523713373862 2.8248121520612712 -0.3805447693553442 -0.06433890699733835 1.3984305766319352 -0.550276995259289 -1.0804809312332295 0.5313520835362366 -1.8345209725599725
71 710 0 0 0 3.2066971761829737 2.9555281550305135 -0.24735635704772746 -0.059753154990660945 1.4085736661730903 -0.5811897888049102 -1.023971070952879 0.5138593194765476 -1.9911706302806227
72 720 0 0 0 3.150290644323965 3.0811914316756512 -0.0681886432107699 -0.049773010955846124 1.4180822946231146 -0.5607245600039826 -1.0940523607606707 0.3409128426997972 -1.8032847346841159
73 730 0 0 0 2.7409213753359434 2.9619153975216275 -0.21129916748959687 0.002605839401630991 1.3297410692914748 -0.5345011500120996 -1.2128394238831288 0.34371704060228975 -1.5744008403258964
74 740 0 0 0 2.82879850594204 3.0963256143015148 -0.00811884583624059 -0.0010776255345489334 1.3792308217833902 -0.6488708029058502 -1.2418104128951686 0.3118163023621511 -1.7811302310423882
75 750 0 0 0 2.7273296055910334 3.1184925373226307 0.18182899730730404 0.02482896462275609 1.3568311741138366 -0.45545193536693374 -1.5313073898465 0.4049084898019041 -1.7354638745895172
76 760 0 0 0 2.5841739800654437 2.8909457062604766 0.30736486501479965 0.040125236658473985 1.3352872700681042 -0.3435406783062739 -1.431474543043095 0.3523586552452721 -1.4478234461729709
77 770 0 0 0 2.2692405035806478 2.6932103383099233 0.38021300887702963 0.05104618416068604 1.3336190136527863 -0.16148935765007136 -1.5007999805913583 0.4352641973087714 -1.2214605332505244
78 780 0 0 0 2.275761674087991 2.784951410527659 0.2847275695745112 0.04691466491236152 1.2799475612262687 -0.17562238981620418 -1.61796170346515 0.47835097898167095 -1.3681835346894788
79 790 0 0 0 2.376014185781983 2.8194136859265804 0.28397613240205966 0.05606272061357467 1.3541161804291992 -0.2947635769961757 -1.6658142647541667 0.4546927426240833 -1.3473645552737545
80 800 0 0 0 2.4525411503591292 2.8228949453218495 0.36415290475249323 0.05439738326364939 1.2464390709146689 -0.27795373059222217 -1.706095300060541 0.48998581299722527 -1.4343003179924831
81 810 0 0 0 2.6491761556960967 2.9051855897426075 0.37922472352437475 0.05261754163456546 1.283087017775044 -0.39780190714300523 -1.7246716303492444 0.5197377502511886 -1.5487974014669355
82 820 0 0 0 2.5611506243523325 2.94850656192247 0.2716888483305619 0.05466231755750513 1.2875830721000363 -0.3883847940631828 -1.9335688504998958 0.5240400975334881 -1.5689163261864492
83 830 0 0 0 2.5455856424949244 2.9540921086145215 0.36784457727828995 0.05367952641942221 1.2704353747302684 -0.36657753883552163 -1.9664469294336089 0.5913772485816879 -1.5387253202228668
84 840 0 0 0 2.5371753054079482 2.8482158397456714 0.40006192799652757 0.05324325477904967 1.246066232226719 -0.26790383839571824 -2.099345576459154 0.6433408935231836 -1.488847883120221
85 850 0 0 0 2.578250719592537 2.8688563597929564 0.2642212597516446 0.0492792090548666 1.2943872152225682 -0.3501405581708418 -2.274612915985917 0.6070100651925917 -1.495747156789047
86 860 0 0 0 2.3875209420800916 2.7393058709597073 0.3434153993908121 0.04973576339203082 1.2509321354981555 -0.23054344250684514 -2.2663688118289023 0.6481783346029522 -1.433821315440902
87 870 0 0 0 2.2063255662388106 2.7575565362646923 0.19638024498414397 0.05368487160176898 1.275368469260575 -0.2875987248442465 -2.3696581103496306 0.6577424911459397 -1.4011562587441273
88 880 0 0 0 2.125521099439975 2.876965106275235 0.2979911665486084 0.05081628354665914 1.287810237764215 -0.3051274601325778 -2.3104917970941834 0.5477628622016713 -1.3533876851891333
89 890 0 0 0 1.7496574109574223 2.737947863206859 0.5818169957425131 0.05135528693139101 1.295627747981983 -0.1324678062195291 -2.230516340556579 0.5579513129043077 -0.9894745467337581
90 900 0 0 0 1.8152052471804392 2.845362072571543 0.63296230735881 0.04719388502465577 1.3527588277403957 -0.14262482657956574 -2.3415319988818717 0.5985656381480394 -1.1441143442437398
91 910 0 0 0 1.5513766608515513 2.6938426797522617 0.7181515084065624 0.05022437625401828 1.44607525028943 -0.0015261289279736023 -2.4139888314676594 0.7228794577337111 -1.042286710561673
92 920 0 0 0 1.5073015254820996 2.7550620036979034 0.7062976590409014 0.05371608336940667 1.2614762459177626 -0.08779234128916642 -2.3385901766629758 0.7095176127094097 -1.2528142255148949
93 930 0 0 0 1.5671950360787432 2.979356469583759 0.789100919775585 0.04643516123145826 1.3445140509957332 -0.2497037823375713 -2.3399975961754387 0.5238654052657317 -1.2259039116691544
94 940 0 0 0 1.6307128846491041 3.164246133900878 0.6078603268231172 0.04795339264540233 1.241680343103301 -0.4347826422333779 -2.305013200219975 0.34097964827258587 -1.423044543833428
95 950 0 0 0 2.165885692272108 3.4519909800686692 0.31778200370054965 0.048244210244560534 1.3019726307802177 -0.7415312966090933 -2.0202816256584173 0.1168668492797156 -1.7185609490252187
96 960 0 0 0 2.0692910714182045 3.1941924391022947 0.6437594448766235 0.05196703818026445 1.4724210179913235 -0.44247167648530206 -1.9894395899488657 0.481691520740534 -1.6696364592513555
97 970 0 0 0 2.422513934397492 3.4552158747599746 0.44373909559470776 0.0454023204877022 1.471861241519469 -0.6821331653661723 -2.1296843294811487 0.35510638747314993 -1.9499048655800442
98 980 0 0 0 2.6670340490852187 3.6481169746063835 0.303130489496525 0.04446155419478198 1.4532310683201741 -0.817221599813438 -2.1472563283737123 0.2622877481178673 -2.0838562985681346
99 990 0 0 0 2.479388567009912 3.6757396094018713 0.17060930395919305 0.05186645884198898 1.4073109985525292 -0.8895787614618182 -2.1833388969511622 0.33794758044521905 -2.0587713857774936
100 1000 0 0 0 2.5219067033897433 3.7061509140884707 0.29293761336745805 0.04571662412707422 1.506380835573767 -0.7898361746621968 -2.2237101202258653 0.3504326450787786 -1.950949357961754
101 1010 0 0 0 2.5675983561744764 3.6097835505259592 0.398639996149397 0.04963734011002157 1.5332232655375508 -0.6167279654143811 -2.144470268716902 0.44865976620256204 -2.11036968006058
102 1020 0 0 0 2.4898156355770347 3.4414143170947558 0.3385319411237228 0.05111233012143862 1.5056244314279525 -0.5784481821131697 -1.9205521567069639 0.4131093071475124 -1.8167981063712337
103 1030 0 0 0 2.1984597758154303 3.10354955309396 0.5515054170556656 0.056452090602023434 1.5730949809824517 -0.43606631050234884 -1.8889370220177033 0.597288349587947 -1.5571537975790029
104 1040 0 0 0 2.485218755167768 3.4205021959441324 0.5008880940759876 0.05700269384925776 1.4653237296506025 -0.5165326582651694 -2.1639780758226643 0.6211163328110031 -1.9949296373682157
105 1050 0 0 0 2.3574608813008946 3.267240306866243 0.6640013788980379 0.05479076115437 1.4064492176285515 -0.38805659637183626 -2.0269932976717215 0.6207596268985286 -1.7735319164181031
106 1060 0 0 0 2.13976392708744 3.090066850031698 0.7478546704327473 0.053489831193504284 1.4315532987046562 -0.2746488500802779 -1.9655504402271344 0.6472109614072401 -1.628073301961669
107 1070 0 0 0 2.189029586533205 3.2192364572178622 0.546325296956102 0.05530852420156293 1.3343065005110515 -0.44557378538794307 -1.9792617608399017 0.6259588439446463 -1.8287075288818737
108 1080 0 0 0 2.1749321967531277 3.0970283310052853 0.6283957086481128 0.05363525904987068 1.4013418746024735 -0.3735364872435164 -1.8143252031967783 0.6677847920680398 -1.8009764543019637
109 1090 0 0 0 2.3211807673136042 3.1649459086937552 0.5639272201550675 0.055620254757384066 1.4036985232422217 -0.4012192075447459 -1.7891058052218913 0.6129999188238757 -1.883297768245424
110 1100 0 0 0 2.2968682979322605 3.0721475102661 0.5730650658593569 0.053398225220052935 1.296454606932622 -0.3628967898267366 -1.69094564056533 0.6100757214496396 -1.8146568022577945
111 1110 0 0 0 2.5327538053952816 3.0894707451360923 0.5653193517063905 0.05687033388805038 1.4105743223733838 -0.32645581395007 -1.7224937063429322 0.6846282260958828 -1.9171113824019013
112 1120 0 0 0 2.74687331800642 3.148108362410173 0.423492084472348 0.061258541526633965 1.3957104791533244 -0.4419731363891163 -1.7193917487487302 0.6656359615332759 -2.075906397675124
113 1130 0 0 0 2.602328771762919 3.115375042413876 0.6090035088907905 0.056285195934649826 1.3382341687246406 -0.37669357064666503 -1.7081745309909044 0.6255655530869125 -1.9887852140859967
114 1140 0 0 0 2.651205590408826 3.0556618033104592 0.7447256351129925 0.05950987723001722 1.3659094575955648 -0.24154266298542482 -1.6436497701555324 0.6945599570190085 -1.9970378111151779
115 1150 0 0 0 2.796501171711391 3.260625984005563 0.6783147637328016 0.05900258245762892 1.4061572404548641 -0.3603046676792425 -1.4454530935348981 0.594257962080493 -2.274375890356706
116 1160 0 0 0 3.020246962369721 3.28592139103584 0.5415118350802106 0.05336244547786614 1.468076577817974 -0.4436808030648401 -1.3170829629960308 0.6126085484562065 -2.4543813664665386
117 1170 0 0 0 2.856658300375827 3.2424614112806305 0.5744898613912648 0.05604170711291345 1.405334290495384 -0.3849632733975906 -1.295993200880698 0.657897045408299 -2.5030686038203194
118 1180 0 0 0 2.7596644421599588 3.2635630684063948 0.4548433969259293 0.06183644594706651 1.3416185543205328 -0.5337278266990235 -1.336140344785536 0.6662744769645745 -2.5527918205641105
119 1190 0 0 0 2.5927133250736563 3.342605490035205 0.38930433665476605 0.058158109551004214 1.234175071686656 -0.6535204500579237 -1.4842373276126075 0.5808530533422205 -2.4819142811674597
120 1200 0 0 0 2.856501500846703 3.5102749068831285 0.43540087689110213 0.05766431025680159 1.2613795544273763 -0.6226988634703056 -1.447198831927873 0.5695536110383658 -2.617044169517728
121 1210 0 0 0 3.009405964975164 3.658698044663059 0.36584752156309885 0.06096745838291815 1.2076936640995097 -0.6647394305769045 -1.3322232442546185 0.5200487766029225 -2.8229097318986054
122 1220 0 0 0 2.911211697423776 3.490731860028483 0.479283496889155 0.05760280015698762 1.1905475258951992 -0.5503122165866746 -1.3209247136627007 0.5669856795342227 -2.710391013087246
123 1230 0 0 0 3.0199624038746804 3.4606991288755924 0.5794652442549303 0.05960987927102125 1.2563840574980778 -0.5298333059607365 -1.2389826207355987 0.6282301258527584 -2.7335185234054107
124 1240 0 0 0 3.0708235712276224 3.419126416402748 0.6255855681052859 0.06507831420403952 1.2171699854027849 -0.525859093004808 -1.1993546973454046 0.6170868657317236 -2.7350675240052724
125 1250 0 0 0 3.034922155371833 3.366332399529353 0.7751395511019525 0.06291948121212029 1.2329845379953517 -0.4478737899594571 -1.0004940189628975 0.5931406645223689 -2.663691152739027
126 1260 0 0 0 2.95930710335129 3.4322404939942954 0.7046653496647172 0.06035621471758972 1.2124108310132757 -0.486870764728975 -1.0882090372052868 0.574848378999284 -2.5357267933839736
127 1270 0 0 0 2.9650920465296284 3.4321038932671586 0.6870005996772762 0.05911018078028262 1.1847287880455948 -0.43160043132779163 -1.1529780812832775 0.5854826193329681 -2.524880300357015
128 1280 0 0 0 3.0002410267419317 3.4193253365082064 0.5698102885917401 0.056877310297032885 1.1419380656270421 -0.4719834683246805 -1.0881107715695049 0.5761516588914413 -2.463526623535824
129 1290 0 0 0 3.0078800136378185 3.4233732820507248 0.588896796143351 0.05485574797279408 1.145299380669132 -0.46507332972965754 -1.1403375103645386 0.5428013917523551 -2.5149584361651525
130 1300 0 0 0 2.9261137929787457 3.4703728881718434 0.6080584240164922 0.05561078074880737 1.090589462509058 -0.41470558769107985 -1.1197054823424297 0.5290934413917654 -2.460407005780552
131 1310 0 0 0 2.7010651581794187 3.2692430757790123 0.6375360585313002 0.05575394653724118 1.080892330146263 -0.3233222038572469 -1.0304413355984772 0.5605786162924062 -2.2665192725018404
132 1320 0 0 0 2.742243200013772 3.2155039006598773 0.6120289907131093 0.05624096430798562 1.061932939323325 -0.2766314562241727 -0.8106479864373352 0.5442151299644936 -2.240133297817044
133 1330 0 0 0 2.770526366230315 3.3140652295688042 0.47861617610257 0.05432650755956699 1.0617556197785585 -0.38578153571505897 -0.9771237087867246 0.5423942843845425 -2.2939005929002168
134 1340 0 0 0 2.6146831349818043 3.260527783212886 0.490377538237559 0.05485435263037832 1.0183153438741401 -0.3830188613647692 -1.047591779945601 0.5532834469424768 -2.2662977147821497
135 1350 0 0 0 2.7270434386198787 3.3465718910735323 0.33477623558172387 0.055189963158725375 1.0046928933007069 -0.49754412366632533 -1.1136767514131483 0.5599865262644754 -2.4352939831928313
136 1360 0 0 0 2.50708356717578 3.3324393570593838 0.36150931859472374 0.05551366897055921 0.9732096205092153 -0.49762929491487484 -1.1939423502171729 0.5657266937109708 -2.269697308625683
137 1370 0 0 0 2.5749101646064796 3.2873236286120067 0.38963032684161497 0.05785713065704803 0.9558081038337084 -0.4826094405079305 -1.0140917460138592 0.5263047461768222 -2.239162893196539
138 1380 0 0 0 2.5642534381449638 3.183868517224986 0.3176055795960791 0.05662565117893303 0.9537701024916265 -0.47338588938124826 -0.9243452312533371 0.5318363393868257 -2.1985090338198567
139 1390 0 0 0 2.5406282073873623 3.0844823035009354 0.2795865492071231 0.05764114148331789 0.9600431728737195 -0.4852910447258765 -0.9374384639100851 0.5725954872598392 -2.208560008013904
140 1400 0 0 0 2.648968222446349 3.2563088473108888 0.2978873545160449 0.05670670332291363 0.9422277403615319 -0.47963904344269803 -1.0140445533712075 0.5549258223844376 -2.3155505355182116
141 1410 0 0 0 2.7845018441405665 3.315033671022275 0.30790380172005316 0.05650726157164857 0.9190246503299808 -0.48624618236382916 -0.857509279831276 0.539494772227871 -2.3795238989996585
142 1420 0 0 0 2.7823342195588356 3.325840175282302 0.3017013260809189 0.05806020384052451 0.9027015157683378 -0.5027894641011724 -0.9428090589910875 0.5527079949412128 -2.4143595450256323
143 1430 0 0 0 2.801124919824741 3.3438803772710854 0.24704371075678308 0.057396530854647514 0.9090018655845316 -0.5400358712894435 -0.8570480265484226 0.5304340902459982 -2.445785721333681
144 1440 0 0 0 2.73372977992624 3.2523756784880202 0.2585545858367179 0.055575527369241935 0.8613114584755469 -0.49462659104272955 -0.8992626068165246 0.5435744613393466 -2.2942017288347207
145 1450 0 0 0 2.597982976834706 3.2972530435408967 0.2104320773217273 0.05485527382371774 0.8011787100463932 -0.5346316045891156 -0.9660437179990725 0.5282262833927234 -2.2400447166821373
146 1460 0 0 0 2.564380749905858 3.227993246583393 0.12315781422098063 0.052616951831468306 0.7411350604598625 -0.5319716365912314 -0.9934648069908575 0.5823102094332321 -2.1777980903136833
147 1470 0 0 0 2.3911974817845776 3.0696063023039986 0.0834958401732821 0.05224461004671311 0.6963668778060055 -0.48912950820400697 -1.049299149640383 0.6142674872588979 -1.994933610167858
148 1480 0 0 0 2.295740447547179 3.0511463904665623 0.029257333605369834 0.05170215392501336 0.6729631510861731 -0.5065516074753912 -0.9971866496618179 0.602318069545076 -1.9537070059234682
149 1490 0 0 0 2.360745655838055 3.0652770502692808 -0.12814589850519398 0.05293071576427536 0.69450240855949 -0.5183709817588043 -1.0590719450686117 0.6130915117192031 -1.9444221670754631
150 1500 0 0 0 2.4938993786956614 3.121887672067383 -0.18459302004297787 0.05264236754203842 0.6853060827294563 -0.5409442235612929 -1.193119644713081 0.62891956341496 -2.063588749747315
151 1510 0 0 0 2.3887199504462 2.998419138450202 -0.08301537080285153 0.05417746585839023 0.589438702968174 -0.4384903896855178 -1.1664804575392889 0.684589433423986 -1.911392889162801
152 1520 0 0 0 2.3824286270390878 2.977221957718693 -0.05121404770838354 0.05411622476318893 0.5686463523511628 -0.3746176321260562 -1.0422048133054476 0.702913588745577 -1.7841193032374039
153 1530 0 0 0 2.378207286719248 2.9128366085382384 -0.047114658730794096 0.05553155959386725 0.4933497627656212 -0.3680719315026031 -0.9966676970625592 0.7210931295791808 -1.8758979616857463
154 1540 0 0 0 2.2806389669212974 3.0420962070552737 0.11336909883394544 0.053881101580651826 0.5272553798311089 -0.46215020514373945 -1.1336341563501564 0.7114908212141088 -1.8606716412364066
155 1550 0 0 0 2.3722083719061815 3.020303542352638 0.10484453519476951 0.053628731186074606 0.5060615286392215 -0.41639637609099894 -1.257115811013318 0.75155838061261 -1.8165613936460763
156 1560 0 0 0 2.3544940992738885 2.982814991703954 -0.04446234823401933 0.05371041865320448 0.5064599697915455 -0.48251253184364107 -1.2519163367127426 0.713359749390762 -1.873041615537875
157 1570 0 0 0 2.3381694632082524 3.0340100822179594 -0.006321446693365172 0.05330864015295026 0.540341670763956 -0.4435886038259383 -1.309733309152009 0.7351790938884442 -1.9667410780080905
158 1580 0 0 0 2.317974880315614 3.07584455430681 0.025026617432843706 0.053419545325725674 0.522971939069128 -0.4090068844587287 -1.293450371979992 0.7498175808524762 -1.9803069029927742
159 1590 0 0 0 2.4227939661173554 3.112662837252775 0.24482172951945774 0.05183993757411105 0.5801985208077649 -0.3112027917034547 -1.2255094893209257 0.7264554343038547 -1.972011578005963
160 1600 0 0 0 2.477861432931677 3.1978411498792414 0.1955382834780224 0.05340800018417634 0.6660872957825713 -0.4017270519584947 -1.273300080579292 0.6992894279304772 -2.0229671676517254
161 1610 0 0 0 2.436591037793104 3.260500568449658 0.10428979612516054 0.051932978020321645 0.6448806754672327 -0.4671550030691876 -1.3447559541340268 0.7029056392929266 -1.9995695198638601
162 1620 0 0 0 2.3719833250413704 3.2688481548649877 0.030021079217213198 0.05227430524809494 0.6376592354924258 -0.4781063782435778 -1.4046155305778507 0.7370334874656248 -1.9577287402321817
163 1630 0 0 0 2.3294835098610243 3.3053370538053986 0.1532696356689143 0.05172107538671818 0.70237588525426 -0.4614210569394155 -1.3197483131566143 0.6874949320167614 -1.9762785767323632
164 1640 0 0 0 2.415912457581151 3.3857909976675034 0.13956308697738065 0.05224187252438334 0.6711257772365808 -0.5210040548912168 -1.2579650665311692 0.6549116423081075 -2.2009276361642396
165 1650 0 0 0 2.38462046816395 3.3133626332951445 0.14798759382706106 0.053565145181617986 0.6676412729491586 -0.5167212021595571 -1.1071353218261586 0.6201438956539606 -2.202483901027248
166 1660 0 0 0 2.4607854844876997 3.341724668461158 0.1392405028827073 0.052464522564446794 0.6453000937380847 -0.5042285049184279 -1.0775145435725344 0.6399111193381725 -2.233640525369542
167 1670 0 0 0 2.31192972864788 3.1852287998733613 0.1862458818622267 0.05377921584639559 0.6478973943498509 -0.4125401852617539 -0.9580377333699216 0.6575707542955567 -2.040981357440653
168 1680 0 0 0 2.268035669055794 3.042250817687941 0.21160697387045954 0.0542947767354708 0.5750945271449365 -0.35312084902457946 -0.8999055527167454 0.6910866249247849 -1.9363821332337712
169 1690 0 0 0 2.186573367002539 2.9591220982455844 0.34307248552390257 0.05492684087946124 0.5689620078301029 -0.26953970603858446 -0.8134780799111989 0.695578683698382 -1.8490810506009001
170 1700 0 0 0 2.010417159258967 2.912924687487861 0.40754322647842584 0.05372605007222656 0.5986504884633091 -0.2538206667088058 -0.8276730979403293 0.6833150129833137 -1.7394735553651806
171 1710 0 0 0 2.0223250014038396 2.943638393762871 0.33076820140786906 0.052394990623154496 0.5431355618112108 -0.22921217413652795 -1.0722891792511446 0.7431772183684392 -1.6741569940378738
172 1720 0 0 0 1.831515180118545 2.8489731436976857 0.3752486748770775 0.052486604858306266 0.4930925813620757 -0.14983736617736568 -1.2694164226581497 0.8158816222449792 -1.500205745550868
173 1730 0 0 0 1.7453260370185992 2.9866042769526837 0.3315064320297442 0.051418524652270606 0.45492911535724667 -0.21542544958917156 -1.5910629101997718 0.8585375049937871 -1.5460023032951697
174 1740 0 0 0 1.8075584910794367 3.070740679110122 0.35042707845714727 0.051679402654463066 0.475419632950851 -0.2648906517545646 -1.6850385111500177 0.8607998840348113 -1.6895924767164883
175 1750 0 0 0 1.6933982107537093 2.9004906886249997 0.5605458331337206 0.050972354535837726 0.4725495890820564 -0.14862494477346463 -1.606800507391852 0.8655779806792196 -1.5291321788893266
176 1760 0 0 0 1.9522657651022652 3.0599205670920426 0.5259818064948407 0.05088471987672275 0.5405383551229044 -0.2170763954091317 -1.5335209782468442 0.7976194379120141 -1.77614670035333
177 1770 0 0 0 2.139260769977111 3.0493397058724296 0.3766387059066976 0.05197485127329988 0.5385772291244117 -0.2875589813310507 -1.36923890665053 0.7545300831228222 -1.9416408604235165
178 1780 0 0 0 2.1128901464577687 2.941060319512468 0.5519835879436154 0.05255274833524351 0.5068280873984099 -0.15158592628358744 -1.3640938187348937 0.8000402386062673 -1.8136793796161814
179 1790 0 0 0 1.9474648003830288 2.957161998825095 0.43657332455543135 0.052340021506855613 0.5112520514021467 -0.1973560826361574 -1.5591236627653575 0.8259472074969239 -1.6903513207201808
180 1800 0 0 0 2.038487499307892 2.974863060751449 0.23164972454972596 0.052436747813113145 0.48110963721824734 -0.24699562566676608 -1.4630169795174148 0.832664810346319 -1.75288175017235
181 1810 0 0 0 1.9623395754136959 2.8023855871716217 0.3874418463132428 0.054126824968891096 0.4548671471705776 -0.16471784751963464 -1.246180607661866 0.8203829004457734 -1.6799689442122814
182 1820 0 0 0 1.970933321072968 2.7929389619606275 0.4279194050693275 0.05414934496494465 0.4706729631434572 -0.11173990227451923 -1.370587452895443 0.8248147482584977 -1.6039749795243834
183 1830 0 0 0 1.863554643939049 2.761843480649977 0.47297872280489067 0.05507183042210715 0.4560930621761653 -0.08791861329727718 -1.4106526771393457 0.8405929184839696 -1.5805515787329052
184 1840 0 0 0 1.8549718694934163 2.908530599693278 0.3725504967053282 0.05232127947470878 0.5081272610215928 -0.19085512231722057 -1.5227249135732719 0.8192811081293674 -1.6711309348975532
185 1850 0 0 0 1.7655221625543756 2.817245163573276 0.38957332230121317 0.052039884005901316 0.47239055990365886 -0.11926378546433324 -1.4675268021542847 0.8571173662754707 -1.531179385707112
186 1860 0 0 0 1.5929951000481943 2.6280172301264315 0.506219748973304 0.05167076896152428 0.4316983905187922 -0.011927206390515657 -1.3814963103198534 0.8718725567510991 -1.3179075990573295
187 1870 0 0 0 1.6722257460086625 2.638438238304843 0.506372334078607 0.05155080371455214 0.47287351516732407 -0.01387625023581721 -1.3938750746053483 0.8569520144240096 -1.3673825714337322
188 1880 0 0 0 1.7322199633954884 2.7193203933058734 0.4571498768470167 0.05131835302756532 0.47498371042886317 -0.041232588818764807 -1.5444708644405156 0.875994497935525 -1.3707829741406334
189 1890 0 0 0 1.7250295755732548 2.649949844306925 0.46603421914790616 0.05164125742282817 0.4664062162582225 -0.04431612158870358 -1.4045740128945747 0.857252503034572 -1.3132815393052784
190 1900 0 0 0 1.6856072532547446 2.6457628988296644 0.48522145811975353 0.05272425414978506 0.4818936929895825 -0.08550321474070226 -1.3324438262523812 0.8277545560989714 -1.3396648008857
191 1910 0 0 0 1.7097905106015538 2.605980567723577 0.5754523151444144 0.052414974999933236 0.4988239319694918 -0.050771258398122715 -1.214723296536 0.8077161073033128 -1.351472356274517
192 1920 0 0 0 1.7134018045698411 2.6614177119541274 0.5826150555424202 0.05243002207191722 0.4915414411973741 -0.06652810115835507 -1.21250358882688 0.8101629284675885 -1.4079082429129188
193 1930 0 0 0 1.740102271488474 2.6497358251835625 0.5495275760585887 0.05396240736206996 0.491016706311103 -0.056442211495262955 -1.2685996659010281 0.8211017614777676 -1.4118473988760216
194 1940 0 0 0 1.7538465424796168 2.635263967446245 0.5388798326445621 0.052466329247984014 0.5011612598770809 -0.054228337062560514 -1.2059781354823373 0.8183236342724084 -1.411879801227354
195 1950 0 0 0 1.7113359369805696 2.5495902827775505 0.5517519608936865 0.05279237358058937 0.4719055697934385 -0.021931556094082358 -1.171371155026687 0.8258738823026985 -1.3262082172621772
196 1960 0 0 0 1.7103280786052413 2.5261117117873346 0.5852681460449987 0.05236672002293992 0.4518486429889131 0.0069196381607924615 -1.176079696841534 0.8407270966928839 -1.332168965061
197 1970 0 0 0 1.7425877846765014 2.575744889091478 0.5866809596010805 0.0522610318304703 0.4465346538265193 -0.002170121768331224 -1.2704742922362064 0.8586430132462726 -1.3498530057166487
198 1980 0 0 0 1.7195890026475773 2.577020682055803 0.5734572246385522 0.05306093963137952 0.44657783095931586 -0.023733043322806617 -1.2973607227828003 0.85472072386611 -1.4176247875990051
199 1990 0 0 0 1.7446099346790236 2.5498205595410663 0.4885703596302875 0.05267059626091554 0.43247089553791057 -0.007587089277087469 -1.2949638152464193 0.8647379090435118 -1.3813922977252555
200 2000 0 0 0 1.6443622603112649 2.5475955589774912 0.4894442183740417 0.05200365986953406 0.417489946937443 0.011501632874695567 -1.455073943154932 0.9012420489588355 -1.292200486067602
