% # columns="iteration, evaluation, min max(neg(.)) min(pos(.)) max correlation, correlation matrix principal axes lengths  (sorted square roots of eigenvalues of correlation matrix)", seed=102338, Tue Feb 21 18:30:04 2023
1 10 -0.055901890593809754 -0.01736231357670833 0.01331324218888069 0.06802198469143593 0.9129656721517703 0.9787034890700672 0.9823402801380364 0.9916488991954382 0.9955796371495211 1.0083138799959224 1.0180725801835289 1.0362593448447328 1.068687182433922
2 20 -0.055901890593809754 -0.01736231357670833 0.01331324218888069 0.06802198469143593 0.9129656721517703 0.9787034890700672 0.9823402801380364 0.9916488991954382 0.9955796371495211 1.0083138799959224 1.0180725801835289 1.0362593448447328 1.068687182433922
3 30 -0.055901890593809754 -0.01736231357670833 0.01331324218888069 0.06802198469143593 0.9129656721517703 0.9787034890700672 0.9823402801380364 0.9916488991954382 0.9955796371495211 1.0083138799959224 1.0180725801835289 1.0362593448447328 1.068687182433922
4 40 -0.055901890593809754 -0.01736231357670833 0.01331324218888069 0.06802198469143593 0.9129656721517703 0.9787034890700672 0.9823402801380364 0.9916488991954382 0.9955796371495211 1.0083138799959224 1.0180725801835289 1.0362593448447328 1.068687182433922
5 50 -0.055901890593809754 -0.01736231357670833 0.01331324218888069 0.06802198469143593 0.9129656721517703 0.9787034890700672 0.9823402801380364 0.9916488991954382 0.9955796371495211 1.0083138799959224 1.0180725801835289 1.0362593448447328 1.068687182433922
6 60 -0.055901890593809754 -0.01736231357670833 0.01331324218888069 0.06802198469143593 0.9129656721517703 0.9787034890700672 0.9823402801380364 0.9916488991954382 0.9955796371495211 1.0083138799959224 1.0180725801835289 1.0362593448447328 1.068687182433922
7 70 -0.055901890593809754 -0.01736231357670833 0.01331324218888069 0.06802198469143593 0.9129656721517703 0.9787034890700672 0.9823402801380364 0.9916488991954382 0.9955796371495211 1.0083138799959224 1.0180725801835289 1.0362593448447328 1.068687182433922
8 80 -0.055901890593809754 -0.01736231357670833 0.01331324218888069 0.06802198469143593 0.9129656721517703 0.9787034890700672 0.9823402801380364 0.9916488991954382 0.9955796371495211 1.0083138799959224 1.0180725801835289 1.0362593448447328 1.068687182433922
9 90 -0.055901890593809754 -0.01736231357670833 0.01331324218888069 0.06802198469143593 0.9129656721517703 0.9787034890700672 0.9823402801380364 0.9916488991954382 0.9955796371495211 1.0083138799959224 1.0180725801835289 1.0362593448447328 1.068687182433922
10 100 -0.2196498893032692 -0.07078364088301217 0.07903796476753697 0.19262222598781564 0.6705335177770887 0.8608799882938101 0.9323664371195952 0.9574963850765292 1.0072102808043046 1.0487139501013207 1.0702353836308642 1.1261167763615716 1.2228440937084097
11 110 -0.2196498893032692 -0.07078364088301217 0.07903796476753697 0.19262222598781564 0.6705335177770887 0.8608799882938101 0.9323664371195952 0.9574963850765292 1.0072102808043046 1.0487139501013207 1.0702353836308642 1.1261167763615716 1.2228440937084097
12 120 -0.2196498893032692 -0.07078364088301217 0.07903796476753697 0.19262222598781564 0.6705335177770887 0.8608799882938101 0.9323664371195952 0.9574963850765292 1.0072102808043046 1.0487139501013207 1.0702353836308642 1.1261167763615716 1.2228440937084097
13 130 -0.2196498893032692 -0.07078364088301217 0.07903796476753697 0.19262222598781564 0.6705335177770887 0.8608799882938101 0.9323664371195952 0.9574963850765292 1.0072102808043046 1.0487139501013207 1.0702353836308642 1.1261167763615716 1.2228440937084097
14 140 -0.2196498893032692 -0.07078364088301217 0.07903796476753697 0.19262222598781564 0.6705335177770887 0.8608799882938101 0.9323664371195952 0.9574963850765292 1.0072102808043046 1.0487139501013207 1.0702353836308642 1.1261167763615716 1.2228440937084097
15 150 -0.2196498893032692 -0.07078364088301217 0.07903796476753697 0.19262222598781564 0.6705335177770887 0.8608799882938101 0.9323664371195952 0.9574963850765292 1.0072102808043046 1.0487139501013207 1.0702353836308642 1.1261167763615716 1.2228440937084097
16 160 -0.2196498893032692 -0.07078364088301217 0.07903796476753697 0.19262222598781564 0.6705335177770887 0.8608799882938101 0.9323664371195952 0.9574963850765292 1.0072102808043046 1.0487139501013207 1.0702353836308642 1.1261167763615716 1.2228440937084097
17 170 -0.2196498893032692 -0.07078364088301217 0.07903796476753697 0.19262222598781564 0.6705335177770887 0.8608799882938101 0.9323664371195952 0.9574963850765292 1.0072102808043046 1.0487139501013207 1.0702353836308642 1.1261167763615716 1.2228440937084097
18 180 -0.2196498893032692 -0.07078364088301217 0.07903796476753697 0.19262222598781564 0.6705335177770887 0.8608799882938101 0.9323664371195952 0.9574963850765292 1.0072102808043046 1.0487139501013207 1.0702353836308642 1.1261167763615716 1.2228440937084097
19 190 -0.28990268277707 -0.0919041249273884 0.1315256119146441 0.3539790654408146 0.6107769476059913 0.7282476195786854 0.8295490844889059 0.9262143554215214 0.9757905958452556 1.0015901848761986 1.1298543981109659 1.2071246917746516 1.3643720318456694
20 200 -0.28990268277707 -0.0919041249273884 0.1315256119146441 0.3539790654408146 0.6107769476059913 0.7282476195786854 0.8295490844889059 0.9262143554215214 0.9757905958452556 1.0015901848761986 1.1298543981109659 1.2071246917746516 1.3643720318456694
21 210 -0.28990268277707 -0.0919041249273884 0.1315256119146441 0.3539790654408146 0.6107769476059913 0.7282476195786854 0.8295490844889059 0.9262143554215214 0.9757905958452556 1.0015901848761986 1.1298543981109659 1.2071246917746516 1.3643720318456694
22 220 -0.28990268277707 -0.0919041249273884 0.1315256119146441 0.3539790654408146 0.6107769476059913 0.7282476195786854 0.8295490844889059 0.9262143554215214 0.9757905958452556 1.0015901848761986 1.1298543981109659 1.2071246917746516 1.3643720318456694
23 230 -0.28990268277707 -0.0919041249273884 0.1315256119146441 0.3539790654408146 0.6107769476059913 0.7282476195786854 0.8295490844889059 0.9262143554215214 0.9757905958452556 1.0015901848761986 1.1298543981109659 1.2071246917746516 1.3643720318456694
24 240 -0.28990268277707 -0.0919041249273884 0.1315256119146441 0.3539790654408146 0.6107769476059913 0.7282476195786854 0.8295490844889059 0.9262143554215214 0.9757905958452556 1.0015901848761986 1.1298543981109659 1.2071246917746516 1.3643720318456694
25 250 -0.28990268277707 -0.0919041249273884 0.1315256119146441 0.3539790654408146 0.6107769476059913 0.7282476195786854 0.8295490844889059 0.9262143554215214 0.9757905958452556 1.0015901848761986 1.1298543981109659 1.2071246917746516 1.3643720318456694
26 260 -0.28990268277707 -0.0919041249273884 0.1315256119146441 0.3539790654408146 0.6107769476059913 0.7282476195786854 0.8295490844889059 0.9262143554215214 0.9757905958452556 1.0015901848761986 1.1298543981109659 1.2071246917746516 1.3643720318456694
27 270 -0.28990268277707 -0.0919041249273884 0.1315256119146441 0.3539790654408146 0.6107769476059913 0.7282476195786854 0.8295490844889059 0.9262143554215214 0.9757905958452556 1.0015901848761986 1.1298543981109659 1.2071246917746516 1.3643720318456694
28 280 -0.336453454022468 -0.09850030494271038 0.12533446124593076 0.40138081434344935 0.5648543728226935 0.692825240478194 0.7863398134940774 0.8705054277825479 0.976914575240249 1.0477947530766205 1.099394013745692 1.2841526548001287 1.3837888391632673
29 290 -0.336453454022468 -0.09850030494271038 0.12533446124593076 0.40138081434344935 0.5648543728226935 0.692825240478194 0.7863398134940774 0.8705054277825479 0.976914575240249 1.0477947530766205 1.099394013745692 1.2841526548001287 1.3837888391632673
30 300 -0.336453454022468 -0.09850030494271038 0.12533446124593076 0.40138081434344935 0.5648543728226935 0.692825240478194 0.7863398134940774 0.8705054277825479 0.976914575240249 1.0477947530766205 1.099394013745692 1.2841526548001287 1.3837888391632673
31 310 -0.336453454022468 -0.09850030494271038 0.12533446124593076 0.40138081434344935 0.5648543728226935 0.692825240478194 0.7863398134940774 0.8705054277825479 0.976914575240249 1.0477947530766205 1.099394013745692 1.2841526548001287 1.3837888391632673
32 320 -0.336453454022468 -0.09850030494271038 0.12533446124593076 0.40138081434344935 0.5648543728226935 0.692825240478194 0.7863398134940774 0.8705054277825479 0.976914575240249 1.0477947530766205 1.099394013745692 1.2841526548001287 1.3837888391632673
33 330 -0.336453454022468 -0.09850030494271038 0.12533446124593076 0.40138081434344935 0.5648543728226935 0.692825240478194 0.7863398134940774 0.8705054277825479 0.976914575240249 1.0477947530766205 1.099394013745692 1.2841526548001287 1.3837888391632673
34 340 -0.336453454022468 -0.09850030494271038 0.12533446124593076 0.40138081434344935 0.5648543728226935 0.692825240478194 0.7863398134940774 0.8705054277825479 0.976914575240249 1.0477947530766205 1.099394013745692 1.2841526548001287 1.3837888391632673
35 350 -0.336453454022468 -0.09850030494271038 0.12533446124593076 0.40138081434344935 0.5648543728226935 0.692825240478194 0.7863398134940774 0.8705054277825479 0.976914575240249 1.0477947530766205 1.099394013745692 1.2841526548001287 1.3837888391632673
36 360 -0.336453454022468 -0.09850030494271038 0.12533446124593076 0.40138081434344935 0.5648543728226935 0.692825240478194 0.7863398134940774 0.8705054277825479 0.976914575240249 1.0477947530766205 1.099394013745692 1.2841526548001287 1.3837888391632673
37 370 -0.33562751547452985 -0.11795201778947476 0.21162569115036817 0.45284278752803 0.5338791283525572 0.6056773166739847 0.7615084140078539 0.7904027222106697 0.8999993774681072 1.0964395394891464 1.2221685631441437 1.2376886727026446 1.4511198248321584
38 380 -0.33562751547452985 -0.11795201778947476 0.21162569115036817 0.45284278752803 0.5338791283525572 0.6056773166739847 0.7615084140078539 0.7904027222106697 0.8999993774681072 1.0964395394891464 1.2221685631441437 1.2376886727026446 1.4511198248321584
39 390 -0.33562751547452985 -0.11795201778947476 0.21162569115036817 0.45284278752803 0.5338791283525572 0.6056773166739847 0.7615084140078539 0.7904027222106697 0.8999993774681072 1.0964395394891464 1.2221685631441437 1.2376886727026446 1.4511198248321584
40 400 -0.33562751547452985 -0.11795201778947476 0.21162569115036817 0.45284278752803 0.5338791283525572 0.6056773166739847 0.7615084140078539 0.7904027222106697 0.8999993774681072 1.0964395394891464 1.2221685631441437 1.2376886727026446 1.4511198248321584
41 410 -0.33562751547452985 -0.11795201778947476 0.21162569115036817 0.45284278752803 0.5338791283525572 0.6056773166739847 0.7615084140078539 0.7904027222106697 0.8999993774681072 1.0964395394891464 1.2221685631441437 1.2376886727026446 1.4511198248321584
42 420 -0.33562751547452985 -0.11795201778947476 0.21162569115036817 0.45284278752803 0.5338791283525572 0.6056773166739847 0.7615084140078539 0.7904027222106697 0.8999993774681072 1.0964395394891464 1.2221685631441437 1.2376886727026446 1.4511198248321584
43 430 -0.33562751547452985 -0.11795201778947476 0.21162569115036817 0.45284278752803 0.5338791283525572 0.6056773166739847 0.7615084140078539 0.7904027222106697 0.8999993774681072 1.0964395394891464 1.2221685631441437 1.2376886727026446 1.4511198248321584
44 440 -0.33562751547452985 -0.11795201778947476 0.21162569115036817 0.45284278752803 0.5338791283525572 0.6056773166739847 0.7615084140078539 0.7904027222106697 0.8999993774681072 1.0964395394891464 1.2221685631441437 1.2376886727026446 1.4511198248321584
45 450 -0.33562751547452985 -0.11795201778947476 0.21162569115036817 0.45284278752803 0.5338791283525572 0.6056773166739847 0.7615084140078539 0.7904027222106697 0.8999993774681072 1.0964395394891464 1.2221685631441437 1.2376886727026446 1.4511198248321584
46 460 -0.2970803259137981 -0.12810179985703124 0.16827171239972205 0.5416279706170262 0.4640326694964958 0.6371149512634602 0.7571259801754362 0.814185865894061 0.916997078738428 1.0425944094489437 1.1934381076005256 1.2360449226758425 1.5042046183493056
47 470 -0.2970803259137981 -0.12810179985703124 0.16827171239972205 0.5416279706170262 0.4640326694964958 0.6371149512634602 0.7571259801754362 0.814185865894061 0.916997078738428 1.0425944094489437 1.1934381076005256 1.2360449226758425 1.5042046183493056
48 480 -0.2970803259137981 -0.12810179985703124 0.16827171239972205 0.5416279706170262 0.4640326694964958 0.6371149512634602 0.7571259801754362 0.814185865894061 0.916997078738428 1.0425944094489437 1.1934381076005256 1.2360449226758425 1.5042046183493056
49 490 -0.2970803259137981 -0.12810179985703124 0.16827171239972205 0.5416279706170262 0.4640326694964958 0.6371149512634602 0.7571259801754362 0.814185865894061 0.916997078738428 1.0425944094489437 1.1934381076005256 1.2360449226758425 1.5042046183493056
50 500 -0.2970803259137981 -0.12810179985703124 0.16827171239972205 0.5416279706170262 0.4640326694964958 0.6371149512634602 0.7571259801754362 0.814185865894061 0.916997078738428 1.0425944094489437 1.1934381076005256 1.2360449226758425 1.5042046183493056
51 510 -0.2970803259137981 -0.12810179985703124 0.16827171239972205 0.5416279706170262 0.4640326694964958 0.6371149512634602 0.7571259801754362 0.814185865894061 0.916997078738428 1.0425944094489437 1.1934381076005256 1.2360449226758425 1.5042046183493056
52 520 -0.2970803259137981 -0.12810179985703124 0.16827171239972205 0.5416279706170262 0.4640326694964958 0.6371149512634602 0.7571259801754362 0.814185865894061 0.916997078738428 1.0425944094489437 1.1934381076005256 1.2360449226758425 1.5042046183493056
53 530 -0.2970803259137981 -0.12810179985703124 0.16827171239972205 0.5416279706170262 0.4640326694964958 0.6371149512634602 0.7571259801754362 0.814185865894061 0.916997078738428 1.0425944094489437 1.1934381076005256 1.2360449226758425 1.5042046183493056
54 540 -0.2970803259137981 -0.12810179985703124 0.16827171239972205 0.5416279706170262 0.4640326694964958 0.6371149512634602 0.7571259801754362 0.814185865894061 0.916997078738428 1.0425944094489437 1.1934381076005256 1.2360449226758425 1.5042046183493056
55 550 -0.4941607258512878 -0.09270349930989145 0.16615016242887348 0.4994970128597663 0.4500166890330243 0.5638661356002586 0.8161297176748993 0.8588829084233782 0.8900273351007864 1.0175093750236828 1.1453984511270254 1.3051164547656928 1.49433993335821
56 560 -0.4941607258512878 -0.09270349930989145 0.16615016242887348 0.4994970128597663 0.4500166890330243 0.5638661356002586 0.8161297176748993 0.8588829084233782 0.8900273351007864 1.0175093750236828 1.1453984511270254 1.3051164547656928 1.49433993335821
57 570 -0.4941607258512878 -0.09270349930989145 0.16615016242887348 0.4994970128597663 0.4500166890330243 0.5638661356002586 0.8161297176748993 0.8588829084233782 0.8900273351007864 1.0175093750236828 1.1453984511270254 1.3051164547656928 1.49433993335821
58 580 -0.4941607258512878 -0.09270349930989145 0.16615016242887348 0.4994970128597663 0.4500166890330243 0.5638661356002586 0.8161297176748993 0.8588829084233782 0.8900273351007864 1.0175093750236828 1.1453984511270254 1.3051164547656928 1.49433993335821
59 590 -0.4941607258512878 -0.09270349930989145 0.16615016242887348 0.4994970128597663 0.4500166890330243 0.5638661356002586 0.8161297176748993 0.8588829084233782 0.8900273351007864 1.0175093750236828 1.1453984511270254 1.3051164547656928 1.49433993335821
60 600 -0.4941607258512878 -0.09270349930989145 0.16615016242887348 0.4994970128597663 0.4500166890330243 0.5638661356002586 0.8161297176748993 0.8588829084233782 0.8900273351007864 1.0175093750236828 1.1453984511270254 1.3051164547656928 1.49433993335821
61 610 -0.4941607258512878 -0.09270349930989145 0.16615016242887348 0.4994970128597663 0.4500166890330243 0.5638661356002586 0.8161297176748993 0.8588829084233782 0.8900273351007864 1.0175093750236828 1.1453984511270254 1.3051164547656928 1.49433993335821
62 620 -0.4941607258512878 -0.09270349930989145 0.16615016242887348 0.4994970128597663 0.4500166890330243 0.5638661356002586 0.8161297176748993 0.8588829084233782 0.8900273351007864 1.0175093750236828 1.1453984511270254 1.3051164547656928 1.49433993335821
63 630 -0.4941607258512878 -0.09270349930989145 0.16615016242887348 0.4994970128597663 0.4500166890330243 0.5638661356002586 0.8161297176748993 0.8588829084233782 0.8900273351007864 1.0175093750236828 1.1453984511270254 1.3051164547656928 1.49433993335821
64 640 -0.5665517887155216 -0.10942716211188827 0.1886628738792763 0.5346580842184269 0.44054567286759927 0.5432836015072138 0.8149902074227804 0.8661733634540024 0.901729080926042 1.0115445961840324 1.093306271268413 1.397405883738011 1.4532369017271216
65 650 -0.5665517887155216 -0.10942716211188827 0.1886628738792763 0.5346580842184269 0.44054567286759927 0.5432836015072138 0.8149902074227804 0.8661733634540024 0.901729080926042 1.0115445961840324 1.093306271268413 1.397405883738011 1.4532369017271216
66 660 -0.5665517887155216 -0.10942716211188827 0.1886628738792763 0.5346580842184269 0.44054567286759927 0.5432836015072138 0.8149902074227804 0.8661733634540024 0.901729080926042 1.0115445961840324 1.093306271268413 1.397405883738011 1.4532369017271216
67 670 -0.5665517887155216 -0.10942716211188827 0.1886628738792763 0.5346580842184269 0.44054567286759927 0.5432836015072138 0.8149902074227804 0.8661733634540024 0.901729080926042 1.0115445961840324 1.093306271268413 1.397405883738011 1.4532369017271216
68 680 -0.5665517887155216 -0.10942716211188827 0.1886628738792763 0.5346580842184269 0.44054567286759927 0.5432836015072138 0.8149902074227804 0.8661733634540024 0.901729080926042 1.0115445961840324 1.093306271268413 1.397405883738011 1.4532369017271216
69 690 -0.5665517887155216 -0.10942716211188827 0.1886628738792763 0.5346580842184269 0.44054567286759927 0.5432836015072138 0.8149902074227804 0.8661733634540024 0.901729080926042 1.0115445961840324 1.093306271268413 1.397405883738011 1.4532369017271216
70 700 -0.5665517887155216 -0.10942716211188827 0.1886628738792763 0.5346580842184269 0.44054567286759927 0.5432836015072138 0.8149902074227804 0.8661733634540024 0.901729080926042 1.0115445961840324 1.093306271268413 1.397405883738011 1.4532369017271216
71 710 -0.5665517887155216 -0.10942716211188827 0.1886628738792763 0.5346580842184269 0.44054567286759927 0.5432836015072138 0.8149902074227804 0.8661733634540024 0.901729080926042 1.0115445961840324 1.093306271268413 1.397405883738011 1.4532369017271216
72 720 -0.5665517887155216 -0.10942716211188827 0.1886628738792763 0.5346580842184269 0.44054567286759927 0.5432836015072138 0.8149902074227804 0.8661733634540024 0.901729080926042 1.0115445961840324 1.093306271268413 1.397405883738011 1.4532369017271216
73 730 -0.5663327204398968 -0.1320171284540341 0.12122330290701544 0.48467060831330977 0.4478000833858027 0.5289393650581895 0.7288324917653294 0.9005665569551562 0.9263767160182637 1.055882270558821 1.1833013386808948 1.3196101121726809 1.4362615407087094
74 740 -0.5663327204398968 -0.1320171284540341 0.12122330290701544 0.48467060831330977 0.4478000833858027 0.5289393650581895 0.7288324917653294 0.9005665569551562 0.9263767160182637 1.055882270558821 1.1833013386808948 1.3196101121726809 1.4362615407087094
75 750 -0.5663327204398968 -0.1320171284540341 0.12122330290701544 0.48467060831330977 0.4478000833858027 0.5289393650581895 0.7288324917653294 0.9005665569551562 0.9263767160182637 1.055882270558821 1.1833013386808948 1.3196101121726809 1.4362615407087094
76 760 -0.5663327204398968 -0.1320171284540341 0.12122330290701544 0.48467060831330977 0.4478000833858027 0.5289393650581895 0.7288324917653294 0.9005665569551562 0.9263767160182637 1.055882270558821 1.1833013386808948 1.3196101121726809 1.4362615407087094
77 770 -0.5663327204398968 -0.1320171284540341 0.12122330290701544 0.48467060831330977 0.4478000833858027 0.5289393650581895 0.7288324917653294 0.9005665569551562 0.9263767160182637 1.055882270558821 1.1833013386808948 1.3196101121726809 1.4362615407087094
78 780 -0.5663327204398968 -0.1320171284540341 0.12122330290701544 0.48467060831330977 0.4478000833858027 0.5289393650581895 0.7288324917653294 0.9005665569551562 0.9263767160182637 1.055882270558821 1.1833013386808948 1.3196101121726809 1.4362615407087094
79 790 -0.5663327204398968 -0.1320171284540341 0.12122330290701544 0.48467060831330977 0.4478000833858027 0.5289393650581895 0.7288324917653294 0.9005665569551562 0.9263767160182637 1.055882270558821 1.1833013386808948 1.3196101121726809 1.4362615407087094
80 800 -0.5663327204398968 -0.1320171284540341 0.12122330290701544 0.48467060831330977 0.4478000833858027 0.5289393650581895 0.7288324917653294 0.9005665569551562 0.9263767160182637 1.055882270558821 1.1833013386808948 1.3196101121726809 1.4362615407087094
81 810 -0.5663327204398968 -0.1320171284540341 0.12122330290701544 0.48467060831330977 0.4478000833858027 0.5289393650581895 0.7288324917653294 0.9005665569551562 0.9263767160182637 1.055882270558821 1.1833013386808948 1.3196101121726809 1.4362615407087094
82 820 -0.5799250785580161 -0.11307872319789355 0.1732481884551316 0.5437788580497543 0.4541583111629296 0.5145155796261505 0.6680105266548934 0.8402089827625222 0.9485039892561978 1.0641178931290587 1.1852918703034494 1.3167634963450614 1.4852727416405218
83 830 -0.5799250785580161 -0.11307872319789355 0.1732481884551316 0.5437788580497543 0.4541583111629296 0.5145155796261505 0.6680105266548934 0.8402089827625222 0.9485039892561978 1.0641178931290587 1.1852918703034494 1.3167634963450614 1.4852727416405218
84 840 -0.5799250785580161 -0.11307872319789355 0.1732481884551316 0.5437788580497543 0.4541583111629296 0.5145155796261505 0.6680105266548934 0.8402089827625222 0.9485039892561978 1.0641178931290587 1.1852918703034494 1.3167634963450614 1.4852727416405218
85 850 -0.5799250785580161 -0.11307872319789355 0.1732481884551316 0.5437788580497543 0.4541583111629296 0.5145155796261505 0.6680105266548934 0.8402089827625222 0.9485039892561978 1.0641178931290587 1.1852918703034494 1.3167634963450614 1.4852727416405218
86 860 -0.5799250785580161 -0.11307872319789355 0.1732481884551316 0.5437788580497543 0.4541583111629296 0.5145155796261505 0.6680105266548934 0.8402089827625222 0.9485039892561978 1.0641178931290587 1.1852918703034494 1.3167634963450614 1.4852727416405218
87 870 -0.5799250785580161 -0.11307872319789355 0.1732481884551316 0.5437788580497543 0.4541583111629296 0.5145155796261505 0.6680105266548934 0.8402089827625222 0.9485039892561978 1.0641178931290587 1.1852918703034494 1.3167634963450614 1.4852727416405218
88 880 -0.5799250785580161 -0.11307872319789355 0.1732481884551316 0.5437788580497543 0.4541583111629296 0.5145155796261505 0.6680105266548934 0.8402089827625222 0.9485039892561978 1.0641178931290587 1.1852918703034494 1.3167634963450614 1.4852727416405218
89 890 -0.5799250785580161 -0.11307872319789355 0.1732481884551316 0.5437788580497543 0.4541583111629296 0.5145155796261505 0.6680105266548934 0.8402089827625222 0.9485039892561978 1.0641178931290587 1.1852918703034494 1.3167634963450614 1.4852727416405218
90 900 -0.5799250785580161 -0.11307872319789355 0.1732481884551316 0.5437788580497543 0.4541583111629296 0.5145155796261505 0.6680105266548934 0.8402089827625222 0.9485039892561978 1.0641178931290587 1.1852918703034494 1.3167634963450614 1.4852727416405218
91 910 -0.5313005390778367 -0.08074954190823491 0.12144174167393158 0.6250596162818347 0.4469471539969192 0.5449822541201326 0.7347418320205811 0.8903610231090631 0.9720152418989212 1.04662679377689 1.177314079330041 1.1825078051574227 1.531668974175863
92 920 -0.5313005390778367 -0.08074954190823491 0.12144174167393158 0.6250596162818347 0.4469471539969192 0.5449822541201326 0.7347418320205811 0.8903610231090631 0.9720152418989212 1.04662679377689 1.177314079330041 1.1825078051574227 1.531668974175863
93 930 -0.5313005390778367 -0.08074954190823491 0.12144174167393158 0.6250596162818347 0.4469471539969192 0.5449822541201326 0.7347418320205811 0.8903610231090631 0.9720152418989212 1.04662679377689 1.177314079330041 1.1825078051574227 1.531668974175863
94 940 -0.5313005390778367 -0.08074954190823491 0.12144174167393158 0.6250596162818347 0.4469471539969192 0.5449822541201326 0.7347418320205811 0.8903610231090631 0.9720152418989212 1.04662679377689 1.177314079330041 1.1825078051574227 1.531668974175863
95 950 -0.5313005390778367 -0.08074954190823491 0.12144174167393158 0.6250596162818347 0.4469471539969192 0.5449822541201326 0.7347418320205811 0.8903610231090631 0.9720152418989212 1.04662679377689 1.177314079330041 1.1825078051574227 1.531668974175863
96 960 -0.5313005390778367 -0.08074954190823491 0.12144174167393158 0.6250596162818347 0.4469471539969192 0.5449822541201326 0.7347418320205811 0.8903610231090631 0.9720152418989212 1.04662679377689 1.177314079330041 1.1825078051574227 1.531668974175863
97 970 -0.5313005390778367 -0.08074954190823491 0.12144174167393158 0.6250596162818347 0.4469471539969192 0.5449822541201326 0.7347418320205811 0.8903610231090631 0.9720152418989212 1.04662679377689 1.177314079330041 1.1825078051574227 1.531668974175863
98 980 -0.5313005390778367 -0.08074954190823491 0.12144174167393158 0.6250596162818347 0.4469471539969192 0.5449822541201326 0.7347418320205811 0.8903610231090631 0.9720152418989212 1.04662679377689 1.177314079330041 1.1825078051574227 1.531668974175863
99 990 -0.5313005390778367 -0.08074954190823491 0.12144174167393158 0.6250596162818347 0.4469471539969192 0.5449822541201326 0.7347418320205811 0.8903610231090631 0.9720152418989212 1.04662679377689 1.177314079330041 1.1825078051574227 1.531668974175863
100 1000 -0.5287756245532582 -0.0859911240389069 0.082279117642689 0.6689169278030169 0.4562569573651665 0.5422415397965388 0.6670634465298628 0.8042519236248588 0.986087466338053 1.0003563195248846 1.2086448615399163 1.237465706495784 1.5623008255973128
101 1010 -0.5287756245532582 -0.0859911240389069 0.082279117642689 0.6689169278030169 0.4562569573651665 0.5422415397965388 0.6670634465298628 0.8042519236248588 0.986087466338053 1.0003563195248846 1.2086448615399163 1.237465706495784 1.5623008255973128
102 1020 -0.5287756245532582 -0.0859911240389069 0.082279117642689 0.6689169278030169 0.4562569573651665 0.5422415397965388 0.6670634465298628 0.8042519236248588 0.986087466338053 1.0003563195248846 1.2086448615399163 1.237465706495784 1.5623008255973128
103 1030 -0.5287756245532582 -0.0859911240389069 0.082279117642689 0.6689169278030169 0.4562569573651665 0.5422415397965388 0.6670634465298628 0.8042519236248588 0.986087466338053 1.0003563195248846 1.2086448615399163 1.237465706495784 1.5623008255973128
104 1040 -0.5287756245532582 -0.0859911240389069 0.082279117642689 0.6689169278030169 0.4562569573651665 0.5422415397965388 0.6670634465298628 0.8042519236248588 0.986087466338053 1.0003563195248846 1.2086448615399163 1.237465706495784 1.5623008255973128
105 1050 -0.5287756245532582 -0.0859911240389069 0.082279117642689 0.6689169278030169 0.4562569573651665 0.5422415397965388 0.6670634465298628 0.8042519236248588 0.986087466338053 1.0003563195248846 1.2086448615399163 1.237465706495784 1.5623008255973128
106 1060 -0.5287756245532582 -0.0859911240389069 0.082279117642689 0.6689169278030169 0.4562569573651665 0.5422415397965388 0.6670634465298628 0.8042519236248588 0.986087466338053 1.0003563195248846 1.2086448615399163 1.237465706495784 1.5623008255973128
107 1070 -0.5287756245532582 -0.0859911240389069 0.082279117642689 0.6689169278030169 0.4562569573651665 0.5422415397965388 0.6670634465298628 0.8042519236248588 0.986087466338053 1.0003563195248846 1.2086448615399163 1.237465706495784 1.5623008255973128
108 1080 -0.5287756245532582 -0.0859911240389069 0.082279117642689 0.6689169278030169 0.4562569573651665 0.5422415397965388 0.6670634465298628 0.8042519236248588 0.986087466338053 1.0003563195248846 1.2086448615399163 1.237465706495784 1.5623008255973128
109 1090 -0.4265931804253748 -0.1584390691040787 0.1086507949272252 0.7035343730788784 0.41424207995119605 0.5322551077558547 0.5617093682092885 0.8052989364550286 0.9591137416771428 1.017998140906183 1.1901066334850072 1.3294511568028882 1.5623926031327422
110 1100 -0.4265931804253748 -0.1584390691040787 0.1086507949272252 0.7035343730788784 0.41424207995119605 0.5322551077558547 0.5617093682092885 0.8052989364550286 0.9591137416771428 1.017998140906183 1.1901066334850072 1.3294511568028882 1.5623926031327422
111 1110 -0.4265931804253748 -0.1584390691040787 0.1086507949272252 0.7035343730788784 0.41424207995119605 0.5322551077558547 0.5617093682092885 0.8052989364550286 0.9591137416771428 1.017998140906183 1.1901066334850072 1.3294511568028882 1.5623926031327422
112 1120 -0.4265931804253748 -0.1584390691040787 0.1086507949272252 0.7035343730788784 0.41424207995119605 0.5322551077558547 0.5617093682092885 0.8052989364550286 0.9591137416771428 1.017998140906183 1.1901066334850072 1.3294511568028882 1.5623926031327422
113 1130 -0.4265931804253748 -0.1584390691040787 0.1086507949272252 0.7035343730788784 0.41424207995119605 0.5322551077558547 0.5617093682092885 0.8052989364550286 0.9591137416771428 1.017998140906183 1.1901066334850072 1.3294511568028882 1.5623926031327422
114 1140 -0.4265931804253748 -0.1584390691040787 0.1086507949272252 0.7035343730788784 0.41424207995119605 0.5322551077558547 0.5617093682092885 0.8052989364550286 0.9591137416771428 1.017998140906183 1.1901066334850072 1.3294511568028882 1.5623926031327422
115 1150 -0.4265931804253748 -0.1584390691040787 0.1086507949272252 0.7035343730788784 0.41424207995119605 0.5322551077558547 0.5617093682092885 0.8052989364550286 0.9591137416771428 1.017998140906183 1.1901066334850072 1.3294511568028882 1.5623926031327422
116 1160 -0.4265931804253748 -0.1584390691040787 0.1086507949272252 0.7035343730788784 0.41424207995119605 0.5322551077558547 0.5617093682092885 0.8052989364550286 0.9591137416771428 1.017998140906183 1.1901066334850072 1.3294511568028882 1.5623926031327422
117 1170 -0.4265931804253748 -0.1584390691040787 0.1086507949272252 0.7035343730788784 0.41424207995119605 0.5322551077558547 0.5617093682092885 0.8052989364550286 0.9591137416771428 1.017998140906183 1.1901066334850072 1.3294511568028882 1.5623926031327422
118 1180 -0.44189835550555645 -0.17220462898281666 0.10959690414109555 0.7892361980938333 0.35964025299077984 0.46500092431955137 0.5919521985975155 0.7601146277023665 0.9555568169164878 0.9816149387711036 1.2020990033816887 1.3064069577183361 1.6425143849168735
119 1190 -0.44189835550555645 -0.17220462898281666 0.10959690414109555 0.7892361980938333 0.35964025299077984 0.46500092431955137 0.5919521985975155 0.7601146277023665 0.9555568169164878 0.9816149387711036 1.2020990033816887 1.3064069577183361 1.6425143849168735
120 1200 -0.44189835550555645 -0.17220462898281666 0.10959690414109555 0.7892361980938333 0.35964025299077984 0.46500092431955137 0.5919521985975155 0.7601146277023665 0.9555568169164878 0.9816149387711036 1.2020990033816887 1.3064069577183361 1.6425143849168735
121 1210 -0.44189835550555645 -0.17220462898281666 0.10959690414109555 0.7892361980938333 0.35964025299077984 0.46500092431955137 0.5919521985975155 0.7601146277023665 0.9555568169164878 0.9816149387711036 1.2020990033816887 1.3064069577183361 1.6425143849168735
122 1220 -0.44189835550555645 -0.17220462898281666 0.10959690414109555 0.7892361980938333 0.35964025299077984 0.46500092431955137 0.5919521985975155 0.7601146277023665 0.9555568169164878 0.9816149387711036 1.2020990033816887 1.3064069577183361 1.6425143849168735
123 1230 -0.44189835550555645 -0.17220462898281666 0.10959690414109555 0.7892361980938333 0.35964025299077984 0.46500092431955137 0.5919521985975155 0.7601146277023665 0.9555568169164878 0.9816149387711036 1.2020990033816887 1.3064069577183361 1.6425143849168735
124 1240 -0.44189835550555645 -0.17220462898281666 0.10959690414109555 0.7892361980938333 0.35964025299077984 0.46500092431955137 0.5919521985975155 0.7601146277023665 0.9555568169164878 0.9816149387711036 1.2020990033816887 1.3064069577183361 1.6425143849168735
125 1250 -0.44189835550555645 -0.17220462898281666 0.10959690414109555 0.7892361980938333 0.35964025299077984 0.46500092431955137 0.5919521985975155 0.7601146277023665 0.9555568169164878 0.9816149387711036 1.2020990033816887 1.3064069577183361 1.6425143849168735
126 1260 -0.44189835550555645 -0.17220462898281666 0.10959690414109555 0.7892361980938333 0.35964025299077984 0.46500092431955137 0.5919521985975155 0.7601146277023665 0.9555568169164878 0.9816149387711036 1.2020990033816887 1.3064069577183361 1.6425143849168735
127 1270 -0.36399711342285945 -0.15518812324320044 0.12732314788247046 0.6946540573152837 0.2885373580263978 0.519572935698348 0.6240878588505712 0.9136728346883368 0.9531708999706924 0.9968008653690987 1.1976424848407434 1.3157206248504807 1.5345655538936307
128 1280 -0.36399711342285945 -0.15518812324320044 0.12732314788247046 0.6946540573152837 0.2885373580263978 0.519572935698348 0.6240878588505712 0.9136728346883368 0.9531708999706924 0.9968008653690987 1.1976424848407434 1.3157206248504807 1.5345655538936307
129 1290 -0.36399711342285945 -0.15518812324320044 0.12732314788247046 0.6946540573152837 0.2885373580263978 0.519572935698348 0.6240878588505712 0.9136728346883368 0.9531708999706924 0.9968008653690987 1.1976424848407434 1.3157206248504807 1.5345655538936307
130 1300 -0.36399711342285945 -0.15518812324320044 0.12732314788247046 0.6946540573152837 0.2885373580263978 0.519572935698348 0.6240878588505712 0.9136728346883368 0.9531708999706924 0.9968008653690987 1.1976424848407434 1.3157206248504807 1.5345655538936307
131 1310 -0.36399711342285945 -0.15518812324320044 0.12732314788247046 0.6946540573152837 0.2885373580263978 0.519572935698348 0.6240878588505712 0.9136728346883368 0.9531708999706924 0.9968008653690987 1.1976424848407434 1.3157206248504807 1.5345655538936307
132 1320 -0.36399711342285945 -0.15518812324320044 0.12732314788247046 0.6946540573152837 0.2885373580263978 0.519572935698348 0.6240878588505712 0.9136728346883368 0.9531708999706924 0.9968008653690987 1.1976424848407434 1.3157206248504807 1.5345655538936307
133 1330 -0.36399711342285945 -0.15518812324320044 0.12732314788247046 0.6946540573152837 0.2885373580263978 0.519572935698348 0.6240878588505712 0.9136728346883368 0.9531708999706924 0.9968008653690987 1.1976424848407434 1.3157206248504807 1.5345655538936307
134 1340 -0.36399711342285945 -0.15518812324320044 0.12732314788247046 0.6946540573152837 0.2885373580263978 0.519572935698348 0.6240878588505712 0.9136728346883368 0.9531708999706924 0.9968008653690987 1.1976424848407434 1.3157206248504807 1.5345655538936307
135 1350 -0.36399711342285945 -0.15518812324320044 0.12732314788247046 0.6946540573152837 0.2885373580263978 0.519572935698348 0.6240878588505712 0.9136728346883368 0.9531708999706924 0.9968008653690987 1.1976424848407434 1.3157206248504807 1.5345655538936307
136 1360 -0.4043247830761191 -0.18110414490427812 0.08403516241154525 0.600758955190239 0.2829687087729416 0.5794472099945137 0.6610958933803279 0.8393165805407855 0.9337884257120121 1.0540393108328978 1.2140905181936017 1.2975375899610324 1.5172640711377954
137 1370 -0.4043247830761191 -0.18110414490427812 0.08403516241154525 0.600758955190239 0.2829687087729416 0.5794472099945137 0.6610958933803279 0.8393165805407855 0.9337884257120121 1.0540393108328978 1.2140905181936017 1.2975375899610324 1.5172640711377954
138 1380 -0.4043247830761191 -0.18110414490427812 0.08403516241154525 0.600758955190239 0.2829687087729416 0.5794472099945137 0.6610958933803279 0.8393165805407855 0.9337884257120121 1.0540393108328978 1.2140905181936017 1.2975375899610324 1.5172640711377954
139 1390 -0.4043247830761191 -0.18110414490427812 0.08403516241154525 0.600758955190239 0.2829687087729416 0.5794472099945137 0.6610958933803279 0.8393165805407855 0.9337884257120121 1.0540393108328978 1.2140905181936017 1.2975375899610324 1.5172640711377954
140 1400 -0.4043247830761191 -0.18110414490427812 0.08403516241154525 0.600758955190239 0.2829687087729416 0.5794472099945137 0.6610958933803279 0.8393165805407855 0.9337884257120121 1.0540393108328978 1.2140905181936017 1.2975375899610324 1.5172640711377954
141 1410 -0.4043247830761191 -0.18110414490427812 0.08403516241154525 0.600758955190239 0.2829687087729416 0.5794472099945137 0.6610958933803279 0.8393165805407855 0.9337884257120121 1.0540393108328978 1.2140905181936017 1.2975375899610324 1.5172640711377954
142 1420 -0.4043247830761191 -0.18110414490427812 0.08403516241154525 0.600758955190239 0.2829687087729416 0.5794472099945137 0.6610958933803279 0.8393165805407855 0.9337884257120121 1.0540393108328978 1.2140905181936017 1.2975375899610324 1.5172640711377954
143 1430 -0.4043247830761191 -0.18110414490427812 0.08403516241154525 0.600758955190239 0.2829687087729416 0.5794472099945137 0.6610958933803279 0.8393165805407855 0.9337884257120121 1.0540393108328978 1.2140905181936017 1.2975375899610324 1.5172640711377954
144 1440 -0.4043247830761191 -0.18110414490427812 0.08403516241154525 0.600758955190239 0.2829687087729416 0.5794472099945137 0.6610958933803279 0.8393165805407855 0.9337884257120121 1.0540393108328978 1.2140905181936017 1.2975375899610324 1.5172640711377954
145 1450 -0.34968483551518165 -0.16443640956686098 0.10736093671236607 0.6551830737156397 0.2858988161049093 0.541956381522537 0.5635196468131303 0.8819753042762075 0.9271962044560147 1.0274654591584833 1.2464930114572286 1.3798729232437232 1.4683113207167702
146 1460 -0.34968483551518165 -0.16443640956686098 0.10736093671236607 0.6551830737156397 0.2858988161049093 0.541956381522537 0.5635196468131303 0.8819753042762075 0.9271962044560147 1.0274654591584833 1.2464930114572286 1.3798729232437232 1.4683113207167702
147 1470 -0.34968483551518165 -0.16443640956686098 0.10736093671236607 0.6551830737156397 0.2858988161049093 0.541956381522537 0.5635196468131303 0.8819753042762075 0.9271962044560147 1.0274654591584833 1.2464930114572286 1.3798729232437232 1.4683113207167702
148 1480 -0.34968483551518165 -0.16443640956686098 0.10736093671236607 0.6551830737156397 0.2858988161049093 0.541956381522537 0.5635196468131303 0.8819753042762075 0.9271962044560147 1.0274654591584833 1.2464930114572286 1.3798729232437232 1.4683113207167702
149 1490 -0.34968483551518165 -0.16443640956686098 0.10736093671236607 0.6551830737156397 0.2858988161049093 0.541956381522537 0.5635196468131303 0.8819753042762075 0.9271962044560147 1.0274654591584833 1.2464930114572286 1.3798729232437232 1.4683113207167702
150 1500 -0.34968483551518165 -0.16443640956686098 0.10736093671236607 0.6551830737156397 0.2858988161049093 0.541956381522537 0.5635196468131303 0.8819753042762075 0.9271962044560147 1.0274654591584833 1.2464930114572286 1.3798729232437232 1.4683113207167702
151 1510 -0.34968483551518165 -0.16443640956686098 0.10736093671236607 0.6551830737156397 0.2858988161049093 0.541956381522537 0.5635196468131303 0.8819753042762075 0.9271962044560147 1.0274654591584833 1.2464930114572286 1.3798729232437232 1.4683113207167702
152 1520 -0.34968483551518165 -0.16443640956686098 0.10736093671236607 0.6551830737156397 0.2858988161049093 0.541956381522537 0.5635196468131303 0.8819753042762075 0.9271962044560147 1.0274654591584833 1.2464930114572286 1.3798729232437232 1.4683113207167702
153 1530 -0.34968483551518165 -0.16443640956686098 0.10736093671236607 0.6551830737156397 0.2858988161049093 0.541956381522537 0.5635196468131303 0.8819753042762075 0.9271962044560147 1.0274654591584833 1.2464930114572286 1.3798729232437232 1.4683113207167702
154 1540 -0.4442299263864804 -0.1174391128355822 0.1967807093300845 0.6810226051527128 0.2848300710574689 0.4647510769848582 0.5217836397196939 0.8265996565045856 0.887234261684209 1.0064260851535511 1.2488946170481179 1.4622418212864026 1.4997953526583605
155 1550 -0.4442299263864804 -0.1174391128355822 0.1967807093300845 0.6810226051527128 0.2848300710574689 0.4647510769848582 0.5217836397196939 0.8265996565045856 0.887234261684209 1.0064260851535511 1.2488946170481179 1.4622418212864026 1.4997953526583605
156 1560 -0.4442299263864804 -0.1174391128355822 0.1967807093300845 0.6810226051527128 0.2848300710574689 0.4647510769848582 0.5217836397196939 0.8265996565045856 0.887234261684209 1.0064260851535511 1.2488946170481179 1.4622418212864026 1.4997953526583605
157 1570 -0.4442299263864804 -0.1174391128355822 0.1967807093300845 0.6810226051527128 0.2848300710574689 0.4647510769848582 0.5217836397196939 0.8265996565045856 0.887234261684209 1.0064260851535511 1.2488946170481179 1.4622418212864026 1.4997953526583605
158 1580 -0.4442299263864804 -0.1174391128355822 0.1967807093300845 0.6810226051527128 0.2848300710574689 0.4647510769848582 0.5217836397196939 0.8265996565045856 0.887234261684209 1.0064260851535511 1.2488946170481179 1.4622418212864026 1.4997953526583605
159 1590 -0.4442299263864804 -0.1174391128355822 0.1967807093300845 0.6810226051527128 0.2848300710574689 0.4647510769848582 0.5217836397196939 0.8265996565045856 0.887234261684209 1.0064260851535511 1.2488946170481179 1.4622418212864026 1.4997953526583605
160 1600 -0.4442299263864804 -0.1174391128355822 0.1967807093300845 0.6810226051527128 0.2848300710574689 0.4647510769848582 0.5217836397196939 0.8265996565045856 0.887234261684209 1.0064260851535511 1.2488946170481179 1.4622418212864026 1.4997953526583605
161 1610 -0.4442299263864804 -0.1174391128355822 0.1967807093300845 0.6810226051527128 0.2848300710574689 0.4647510769848582 0.5217836397196939 0.8265996565045856 0.887234261684209 1.0064260851535511 1.2488946170481179 1.4622418212864026 1.4997953526583605
162 1620 -0.4442299263864804 -0.1174391128355822 0.1967807093300845 0.6810226051527128 0.2848300710574689 0.4647510769848582 0.5217836397196939 0.8265996565045856 0.887234261684209 1.0064260851535511 1.2488946170481179 1.4622418212864026 1.4997953526583605
163 1630 -0.3695437070584222 -0.1654160627814899 0.12190065761965488 0.6703868219573497 0.36318034728334503 0.4086806096331055 0.4763356288581575 0.8030934854492204 0.960604988717605 1.0067612967745496 1.0744780303739119 1.485426661405257 1.5911944443606802
164 1640 -0.3695437070584222 -0.1654160627814899 0.12190065761965488 0.6703868219573497 0.36318034728334503 0.4086806096331055 0.4763356288581575 0.8030934854492204 0.960604988717605 1.0067612967745496 1.0744780303739119 1.485426661405257 1.5911944443606802
165 1650 -0.3695437070584222 -0.1654160627814899 0.12190065761965488 0.6703868219573497 0.36318034728334503 0.4086806096331055 0.4763356288581575 0.8030934854492204 0.960604988717605 1.0067612967745496 1.0744780303739119 1.485426661405257 1.5911944443606802
166 1660 -0.3695437070584222 -0.1654160627814899 0.12190065761965488 0.6703868219573497 0.36318034728334503 0.4086806096331055 0.4763356288581575 0.8030934854492204 0.960604988717605 1.0067612967745496 1.0744780303739119 1.485426661405257 1.5911944443606802
167 1670 -0.3695437070584222 -0.1654160627814899 0.12190065761965488 0.6703868219573497 0.36318034728334503 0.4086806096331055 0.4763356288581575 0.8030934854492204 0.960604988717605 1.0067612967745496 1.0744780303739119 1.485426661405257 1.5911944443606802
168 1680 -0.3695437070584222 -0.1654160627814899 0.12190065761965488 0.6703868219573497 0.36318034728334503 0.4086806096331055 0.4763356288581575 0.8030934854492204 0.960604988717605 1.0067612967745496 1.0744780303739119 1.485426661405257 1.5911944443606802
169 1690 -0.3695437070584222 -0.1654160627814899 0.12190065761965488 0.6703868219573497 0.36318034728334503 0.4086806096331055 0.4763356288581575 0.8030934854492204 0.960604988717605 1.0067612967745496 1.0744780303739119 1.485426661405257 1.5911944443606802
170 1700 -0.3695437070584222 -0.1654160627814899 0.12190065761965488 0.6703868219573497 0.36318034728334503 0.4086806096331055 0.4763356288581575 0.8030934854492204 0.960604988717605 1.0067612967745496 1.0744780303739119 1.485426661405257 1.5911944443606802
171 1710 -0.3695437070584222 -0.1654160627814899 0.12190065761965488 0.6703868219573497 0.36318034728334503 0.4086806096331055 0.4763356288581575 0.8030934854492204 0.960604988717605 1.0067612967745496 1.0744780303739119 1.485426661405257 1.5911944443606802
172 1720 -0.431303941800321 -0.1867011378216923 0.2732376212032857 0.7626190455426228 0.2606924038015455 0.43581400656162456 0.447479786272119 0.8315235667665952 0.8758170113959429 0.9946663046462125 1.1384647775441432 1.425946063939224 1.6627072198835906
173 1730 -0.431303941800321 -0.1867011378216923 0.2732376212032857 0.7626190455426228 0.2606924038015455 0.43581400656162456 0.447479786272119 0.8315235667665952 0.8758170113959429 0.9946663046462125 1.1384647775441432 1.425946063939224 1.6627072198835906
174 1740 -0.431303941800321 -0.1867011378216923 0.2732376212032857 0.7626190455426228 0.2606924038015455 0.43581400656162456 0.447479786272119 0.8315235667665952 0.8758170113959429 0.9946663046462125 1.1384647775441432 1.425946063939224 1.6627072198835906
175 1750 -0.431303941800321 -0.1867011378216923 0.2732376212032857 0.7626190455426228 0.2606924038015455 0.43581400656162456 0.447479786272119 0.8315235667665952 0.8758170113959429 0.9946663046462125 1.1384647775441432 1.425946063939224 1.6627072198835906
176 1760 -0.431303941800321 -0.1867011378216923 0.2732376212032857 0.7626190455426228 0.2606924038015455 0.43581400656162456 0.447479786272119 0.8315235667665952 0.8758170113959429 0.9946663046462125 1.1384647775441432 1.425946063939224 1.6627072198835906
177 1770 -0.431303941800321 -0.1867011378216923 0.2732376212032857 0.7626190455426228 0.2606924038015455 0.43581400656162456 0.447479786272119 0.8315235667665952 0.8758170113959429 0.9946663046462125 1.1384647775441432 1.425946063939224 1.6627072198835906
178 1780 -0.431303941800321 -0.1867011378216923 0.2732376212032857 0.7626190455426228 0.2606924038015455 0.43581400656162456 0.447479786272119 0.8315235667665952 0.8758170113959429 0.9946663046462125 1.1384647775441432 1.425946063939224 1.6627072198835906
179 1790 -0.431303941800321 -0.1867011378216923 0.2732376212032857 0.7626190455426228 0.2606924038015455 0.43581400656162456 0.447479786272119 0.8315235667665952 0.8758170113959429 0.9946663046462125 1.1384647775441432 1.425946063939224 1.6627072198835906
180 1800 -0.431303941800321 -0.1867011378216923 0.2732376212032857 0.7626190455426228 0.2606924038015455 0.43581400656162456 0.447479786272119 0.8315235667665952 0.8758170113959429 0.9946663046462125 1.1384647775441432 1.425946063939224 1.6627072198835906
181 1810 -0.390047931346053 -0.2448082302119432 0.3143063504916873 0.7058152792859211 0.28947417482354 0.466304688698985 0.5020869091684832 0.6886456764836532 0.8017253459516375 0.9579620718147912 1.242374865198477 1.3819456616970276 1.7200920116006748
182 1820 -0.390047931346053 -0.2448082302119432 0.3143063504916873 0.7058152792859211 0.28947417482354 0.466304688698985 0.5020869091684832 0.6886456764836532 0.8017253459516375 0.9579620718147912 1.242374865198477 1.3819456616970276 1.7200920116006748
183 1830 -0.390047931346053 -0.2448082302119432 0.3143063504916873 0.7058152792859211 0.28947417482354 0.466304688698985 0.5020869091684832 0.6886456764836532 0.8017253459516375 0.9579620718147912 1.242374865198477 1.3819456616970276 1.7200920116006748
184 1840 -0.390047931346053 -0.2448082302119432 0.3143063504916873 0.7058152792859211 0.28947417482354 0.466304688698985 0.5020869091684832 0.6886456764836532 0.8017253459516375 0.9579620718147912 1.242374865198477 1.3819456616970276 1.7200920116006748
185 1850 -0.390047931346053 -0.2448082302119432 0.3143063504916873 0.7058152792859211 0.28947417482354 0.466304688698985 0.5020869091684832 0.6886456764836532 0.8017253459516375 0.9579620718147912 1.242374865198477 1.3819456616970276 1.7200920116006748
186 1860 -0.390047931346053 -0.2448082302119432 0.3143063504916873 0.7058152792859211 0.28947417482354 0.466304688698985 0.5020869091684832 0.6886456764836532 0.8017253459516375 0.9579620718147912 1.242374865198477 1.3819456616970276 1.7200920116006748
187 1870 -0.390047931346053 -0.2448082302119432 0.3143063504916873 0.7058152792859211 0.28947417482354 0.466304688698985 0.5020869091684832 0.6886456764836532 0.8017253459516375 0.9579620718147912 1.242374865198477 1.3819456616970276 1.7200920116006748
188 1880 -0.390047931346053 -0.2448082302119432 0.3143063504916873 0.7058152792859211 0.28947417482354 0.466304688698985 0.5020869091684832 0.6886456764836532 0.8017253459516375 0.9579620718147912 1.242374865198477 1.3819456616970276 1.7200920116006748
189 1890 -0.390047931346053 -0.2448082302119432 0.3143063504916873 0.7058152792859211 0.28947417482354 0.466304688698985 0.5020869091684832 0.6886456764836532 0.8017253459516375 0.9579620718147912 1.242374865198477 1.3819456616970276 1.7200920116006748
190 1900 -0.42057028743520286 -0.2751967723104548 0.2818713517808895 0.771162180493608 0.26506303978418483 0.45373582483487246 0.46977818347825484 0.5993503832316812 0.7288524377547887 0.8847255475710811 1.3334099583450687 1.3880606183693296 1.7678499356059612
191 1910 -0.42057028743520286 -0.2751967723104548 0.2818713517808895 0.771162180493608 0.26506303978418483 0.45373582483487246 0.46977818347825484 0.5993503832316812 0.7288524377547887 0.8847255475710811 1.3334099583450687 1.3880606183693296 1.7678499356059612
192 1920 -0.42057028743520286 -0.2751967723104548 0.2818713517808895 0.771162180493608 0.26506303978418483 0.45373582483487246 0.46977818347825484 0.5993503832316812 0.7288524377547887 0.8847255475710811 1.3334099583450687 1.3880606183693296 1.7678499356059612
193 1930 -0.42057028743520286 -0.2751967723104548 0.2818713517808895 0.771162180493608 0.26506303978418483 0.45373582483487246 0.46977818347825484 0.5993503832316812 0.7288524377547887 0.8847255475710811 1.3334099583450687 1.3880606183693296 1.7678499356059612
194 1940 -0.42057028743520286 -0.2751967723104548 0.2818713517808895 0.771162180493608 0.26506303978418483 0.45373582483487246 0.46977818347825484 0.5993503832316812 0.7288524377547887 0.8847255475710811 1.3334099583450687 1.3880606183693296 1.7678499356059612
195 1950 -0.42057028743520286 -0.2751967723104548 0.2818713517808895 0.771162180493608 0.26506303978418483 0.45373582483487246 0.46977818347825484 0.5993503832316812 0.7288524377547887 0.8847255475710811 1.3334099583450687 1.3880606183693296 1.7678499356059612
196 1960 -0.42057028743520286 -0.2751967723104548 0.2818713517808895 0.771162180493608 0.26506303978418483 0.45373582483487246 0.46977818347825484 0.5993503832316812 0.7288524377547887 0.8847255475710811 1.3334099583450687 1.3880606183693296 1.7678499356059612
197 1970 -0.42057028743520286 -0.2751967723104548 0.2818713517808895 0.771162180493608 0.26506303978418483 0.45373582483487246 0.46977818347825484 0.5993503832316812 0.7288524377547887 0.8847255475710811 1.3334099583450687 1.3880606183693296 1.7678499356059612
198 1980 -0.42057028743520286 -0.2751967723104548 0.2818713517808895 0.771162180493608 0.26506303978418483 0.45373582483487246 0.46977818347825484 0.5993503832316812 0.7288524377547887 0.8847255475710811 1.3334099583450687 1.3880606183693296 1.7678499356059612
199 1990 -0.4712273398385455 -0.22232636862928912 0.2711813356144088 0.7083656961623959 0.2610696996346883 0.4399444396828948 0.48216694313527103 0.5380761909836973 0.7049367000389108 1.001162034276349 1.2663766081517034 1.4752000044078954 1.7137953836301016
200 2000 -0.4712273398385455 -0.22232636862928912 0.2711813356144088 0.7083656961623959 0.2610696996346883 0.4399444396828948 0.48216694313527103 0.5380761909836973 0.7049367000389108 1.001162034276349 1.2663766081517034 1.4752000044078954 1.7137953836301016
