% # columns="iteration, evaluation, sigma, max axis length,  min axis length, all principal axes lengths  (sorted square roots of eigenvalues of C)", seed=102338, Tue Feb 21 18:30:04 2023
1 10 0.0939388323910715 1.0000444454321133 1.0 1.0 1.0000055555709877 1.0000111111728396 1.0000166668055563 1.0000222224691375 1.0000277781635838 1.0000333338888951 1.0000388896450716 1.0000444454321133
2 20 0.09370330048561867 1.0856439157057503 0.9187427424186433 0.9187427424186433 0.9558975270113732 0.972592026620313 0.9855020438219458 0.9997424296754202 1.0008839977073072 1.0037972986556218 1.017561561822658 1.0856439157057503
3 30 0.09253833838573755 1.107428738022108 0.880408643689192 0.880408643689192 0.9184469753104978 0.9641007046315611 0.9883301734707015 0.9899929531956764 1.0011825645528758 1.0265077796972457 1.039842581498355 1.107428738022108
4 40 0.0980255075197634 1.1499986287066597 0.8517123040861435 0.8517123040861435 0.8959971857464273 0.9445569288277915 0.9662600178336582 0.9726419383484284 1.00348613318658 1.020410956392618 1.054504893099376 1.1499986287066597
5 50 0.10398447517535797 1.283215050976477 0.8336565250298339 0.8336565250298339 0.8873741782726438 0.9331626715390735 0.9427714024723498 0.9610432091685991 0.9757732641488379 1.0155989045642413 1.0264727548836678 1.283215050976477
6 60 0.11220042045991492 1.2971121187364139 0.8075430323209885 0.8075430323209885 0.8783558157620344 0.9183625444022047 0.9448457801970286 0.9701097856918791 0.9941594722747927 1.0138494390043071 1.0374205091069302 1.2971121187364139
7 70 0.11154964021773332 1.3548827818955123 0.7994139425419118 0.7994139425419118 0.8702770676045046 0.9040660199590793 0.933493812968099 0.9688485399285538 0.9762695584604649 1.003632243660408 1.0843885512162366 1.3548827818955123
8 80 0.11406217904632938 1.3794137362972152 0.7702564528762567 0.7702564528762567 0.8474294728379509 0.8804579599585143 0.9180999133992185 0.9650233936340857 0.9841847799492115 1.0323035181422022 1.094980780449258 1.3794137362972152
9 90 0.11169866281345486 1.3846805549796464 0.7422244496049692 0.7422244496049692 0.8575271814540735 0.8717343075060209 0.8961481051746666 0.9689076545426211 1.0031964029838325 1.0172667031469624 1.085446529986552 1.3846805549796464
10 100 0.11194503791699997 1.3958453019199546 0.7417424493548617 0.7417424493548617 0.8240266537453156 0.8768470207703044 0.8776598644003216 0.9627525957439895 0.991193294497376 1.0127426222379288 1.0636837530382393 1.3958453019199546
11 110 0.11210128488819675 1.414780819606148 0.7408273387658392 0.7408273387658392 0.7950613212484529 0.8688154012324871 0.8861179451347568 0.9527283043173319 0.9894594669367582 1.0291822966040884 1.0714536155899081 1.414780819606148
12 120 0.12380198351788245 1.4104049754954748 0.7411912760087369 0.7411912760087369 0.7849916543857597 0.8627916288980877 0.9119386590671436 0.933268484638168 0.9893847500076703 1.0001243718616168 1.1138102278250182 1.4104049754954748
13 130 0.13045179523717595 1.4619366898188684 0.7107806260271046 0.7107806260271046 0.7568907392340124 0.8669846951686586 0.9129543731453909 0.9404526116716112 0.9951779829149207 1.0109286942452484 1.1520731516784712 1.4619366898188684
14 140 0.13762411424760465 1.4931869714970676 0.6917477353984198 0.6917477353984198 0.7096442037484348 0.8547673521601412 0.9238716622169373 0.944770115937235 1.0078913054447485 1.0579517751518683 1.15417471638049 1.4931869714970676
15 150 0.1414422721799489 1.52924525628848 0.6619278187004689 0.6619278187004689 0.7035973581688362 0.8479916306789916 0.8968182236664373 0.9452909150411392 1.0083600172873035 1.0895645046165385 1.1616962075221056 1.52924525628848
16 160 0.14234196233154606 1.5621515896140967 0.6462758689684193 0.6462758689684193 0.7070060146950998 0.8353566987930025 0.9072868420124734 0.9214834307293294 1.0116200387293608 1.089422221873694 1.150642275876016 1.5621515896140967
17 170 0.14878971479727193 1.5833518469775247 0.6189415020676649 0.6189415020676649 0.7229367747230008 0.7967012257845324 0.8885078899576843 0.9175966847723753 0.9971434196891782 1.0944393710677578 1.1840042375224862 1.5833518469775247
18 180 0.15745443154318267 1.5863568432156376 0.6150080488452697 0.6150080488452697 0.7172407245746147 0.7883160014849006 0.8735503151770356 0.9303686678039987 1.0179197831407771 1.052681596340637 1.1899155853591392 1.5863568432156376
19 190 0.15913720396929817 1.5898429146519524 0.5898414367375421 0.5898414367375421 0.6938434219636217 0.7913627018490118 0.874569440066733 0.9094759670380673 1.0292915292469993 1.0532367244004608 1.2500772660856014 1.5898429146519524
20 200 0.16192439278167867 1.5660673264294083 0.5479263656559357 0.5479263656559357 0.6840296762691096 0.7770120719548173 0.8648935351837822 0.9337876358210875 1.0210173193297172 1.0617000019736254 1.3066268615207026 1.5660673264294083
21 210 0.14662524852174377 1.6174481793643167 0.5339979662074276 0.5339979662074276 0.6641859070674834 0.7760378699507037 0.8380265214567673 0.9386494724571846 1.013403396265378 1.049995184374964 1.336963898394442 1.6174481793643167
22 220 0.13883954798286394 1.620065240473214 0.5250458952472664 0.5250458952472664 0.6574191690886924 0.7701212235889043 0.8393697219389477 0.928754814001884 0.9543800388007844 1.0548171335590717 1.3313421651460609 1.620065240473214
23 230 0.13123583750179824 1.5880333458392284 0.5201067386499154 0.5201067386499154 0.6639486363890182 0.7538345471506714 0.8308848510366896 0.9255872404611736 0.9425966656428602 1.0884595163159099 1.3169936170129941 1.5880333458392284
24 240 0.1306886640544136 1.569489688346949 0.5173638220729386 0.5173638220729386 0.6360451152877764 0.7491209697655807 0.8338499531259319 0.9250291674028046 0.9674319211063359 1.1297269395699194 1.2868629169093462 1.569489688346949
25 250 0.12684301045441834 1.5839522190163073 0.4867704502823526 0.4867704502823526 0.6242106046400704 0.745811260170003 0.8417412410905611 0.9289975353866121 0.9995449281921059 1.1270159423776664 1.263849384700557 1.5839522190163073
26 260 0.12684411323524658 1.566451857549795 0.48145255406028264 0.48145255406028264 0.6231987817284366 0.7180195498188401 0.8259666539917435 0.9326457942680402 0.9874162856466556 1.1222801560546893 1.2453126804427812 1.566451857549795
27 270 0.11868015360104679 1.5913559422265413 0.46605110624864726 0.46605110624864726 0.594348896070235 0.7130378099292568 0.8416165059556606 0.9397787197491282 0.9901815485911863 1.099732381327976 1.2498703701911773 1.5913559422265413
28 280 0.11446585556337098 1.6170193534392834 0.44498793093039274 0.44498793093039274 0.5868726111159213 0.6927746259533129 0.8289811981402289 0.9380917132916522 1.0115105757644818 1.0784364255172159 1.2234496167992457 1.6170193534392834
29 290 0.10665885297200405 1.6496658349967717 0.42744897902655327 0.42744897902655327 0.5834864972897713 0.7092532367989135 0.8224476188899508 0.9331074759441472 0.998378855936458 1.043890287831016 1.2264557038845834 1.6496658349967717
30 300 0.10533004088528426 1.6552418473437127 0.43021436755245207 0.43021436755245207 0.5688272089744673 0.7189567037980292 0.8377748546230662 0.9109003630175226 0.9863135998085539 1.0685277313624675 1.1626278889542274 1.6552418473437127
31 310 0.10533826078571641 1.6433521845103463 0.42346833713286913 0.42346833713286913 0.5790193523629706 0.729638098449841 0.8358758570957723 0.8652943750354031 0.9752172937928857 1.0888564021045162 1.1539125091509146 1.6433521845103463
32 320 0.10306205832521477 1.6473799445807213 0.409514381185317 0.409514381185317 0.5750290784608775 0.7422584099387873 0.816382353949914 0.8551242857396624 0.9752683426463159 1.1061978251983766 1.1791897633036275 1.6473799445807213
33 330 0.10180438723033042 1.6231712304962653 0.410405417707146 0.410405417707146 0.5717673138997302 0.7544034768637463 0.8021842994288811 0.8784187574456296 0.9269730585587258 1.079464279814391 1.2204527795108397 1.6231712304962653
34 340 0.09882890072902262 1.6824517538031185 0.4045164004554501 0.4045164004554501 0.5630597852758565 0.7153392107795976 0.7834283729091219 0.8689323466711174 0.923756416554754 1.0678774263357123 1.2963741823401094 1.6824517538031185
35 350 0.10558240575173873 1.7230264692415753 0.39467729171457555 0.39467729171457555 0.5533975945020375 0.7029555047263686 0.7724789428725493 0.864036194815594 0.9214288685888441 1.0454954359184072 1.3071293463812608 1.7230264692415753
36 360 0.10185764169033802 1.743702555266561 0.38568862745489313 0.38568862745489313 0.561603975164916 0.6695257334471215 0.761796639790515 0.8740876852612801 0.9803031922303684 1.021244401912056 1.3156270838517414 1.743702555266561
37 370 0.1098844310651466 1.660758190080534 0.377736436724077 0.377736436724077 0.5619605160890367 0.6770789067070744 0.7471885283179349 0.877760926111893 0.9819531455590553 1.0164944846328827 1.377948432109375 1.660758190080534
38 380 0.11968150998991473 1.669058385237696 0.35691868340680943 0.35691868340680943 0.5474941868996726 0.6662483117550779 0.741763583304696 0.8722406589584767 0.994855174426069 1.047930506871625 1.4253118264571025 1.669058385237696
39 390 0.11978203436512581 1.672399070947675 0.34351586946578067 0.34351586946578067 0.5342545164888264 0.68096505609087 0.7431171935161583 0.8669590324199826 1.0144392151341461 1.0873717057532728 1.4593584055839557 1.672399070947675
40 400 0.11646710017887581 1.6551989319265916 0.33231409256763034 0.33231409256763034 0.5278842757451265 0.6932822603275803 0.7469966276665423 0.8842518291397993 0.9973874803783619 1.10025193454668 1.447774335550014 1.6551989319265916
41 410 0.10620391782874214 1.6356684204598113 0.32077274808117207 0.32077274808117207 0.5184711649056599 0.6931284171249122 0.7449025758003499 0.9120848026674617 0.9864374902062056 1.0758647880345542 1.4007767543572274 1.6356684204598113
42 420 0.10608186808114274 1.6140166350606686 0.3036553886349684 0.3036553886349684 0.5202362870533714 0.7018247746210741 0.7374754362126622 0.9116337741412338 0.977298499736805 1.0684655146678772 1.3785487943575885 1.6140166350606686
43 430 0.10939355049763512 1.6464416859999988 0.28127334963026224 0.28127334963026224 0.5161906860491139 0.6970408642322505 0.7272849253306294 0.9109993047564466 0.9924068569471088 1.0982653524330788 1.4127259586545027 1.6464416859999988
44 440 0.1057028162567153 1.725332621071738 0.27845320364552384 0.27845320364552384 0.5095655912538122 0.6859336510561784 0.7456176771610245 0.8786508706722024 0.9736450259294275 1.0834718052286663 1.4597595942758015 1.725332621071738
45 450 0.10751634352733169 1.7648926711116655 0.2748176157704755 0.2748176157704755 0.5047389245046812 0.6789976858739729 0.7234491601153358 0.8727270930667858 0.9583194171287684 1.0600313200370157 1.4557220003938527 1.7648926711116655
46 460 0.10238743776954784 1.7917575534520063 0.2750841457569607 0.2750841457569607 0.49584428133461017 0.689136616232592 0.7441526517963534 0.8539484069494659 0.9381589305234932 1.0305112750544352 1.4262768618190376 1.7917575534520063
47 470 0.09192879345030384 1.8215336666332624 0.269445553181779 0.269445553181779 0.4900124202259822 0.668199991594962 0.7453142788942629 0.8492322323275507 0.9133573037854145 1.0718949534147193 1.3999588093648525 1.8215336666332624
48 480 0.08245717133979723 1.797513729710285 0.2653693155878793 0.2653693155878793 0.4939987855094545 0.666319581125582 0.7234643243492728 0.8120131153874997 0.903249987058753 1.0924796803447365 1.3932458179880047 1.797513729710285
49 490 0.07874080992915046 1.69456271896688 0.25946048057214854 0.25946048057214854 0.489764653682515 0.6608777693639318 0.7101739776421572 0.7937429473789532 0.9199219377592599 1.0941434195572 1.4042539924677078 1.69456271896688
50 500 0.07359115110948292 1.6953821058968237 0.25106461406727476 0.25106461406727476 0.5026202472590816 0.6789056701495395 0.7140469156662415 0.7918758588224426 0.9112685378548819 1.0653837719696695 1.391245960652841 1.6953821058968237
51 510 0.07151990114484909 1.737630748086984 0.23796153811736898 0.23796153811736898 0.505711961268224 0.6512874428061737 0.7007014235779183 0.7858321449282673 0.912274442862421 1.052999867833166 1.3818473948809245 1.737630748086984
52 520 0.0661017786680364 1.7564840010278817 0.23148164060623244 0.23148164060623244 0.5091457401856503 0.6486725440993464 0.692483371062302 0.7530998180975111 0.9212924627236735 1.020179358104343 1.3979121824743936 1.7564840010278817
53 530 0.06474318273673454 1.7655858642921216 0.22925391320655295 0.22925391320655295 0.500147482978585 0.654521342355991 0.6860163113683064 0.7400118042877363 0.9270727394199455 0.991484256917823 1.3962757176699632 1.7655858642921216
54 540 0.05857561188745796 1.804400352489161 0.22191287746080773 0.22191287746080773 0.4927318505382529 0.6534580320281513 0.702066702937453 0.7376623078136866 0.9140697748596214 0.9395158188566302 1.4622760591284107 1.804400352489161
55 550 0.05965182839582641 1.788145390286552 0.2172712614604291 0.2172712614604291 0.47330872839948485 0.6446897432832304 0.6899293992749068 0.7449444096843567 0.9125650778233275 0.9204053551485573 1.4718399910636089 1.788145390286552
56 560 0.05903643302238509 1.7887669330942821 0.20900464002371655 0.20900464002371655 0.4723491055042339 0.6205952415442755 0.6720703715741063 0.7501644379617606 0.8938608849653144 0.9980824923284868 1.48957527821087 1.7887669330942821
57 570 0.06498582349531691 1.7946346895658893 0.20270868106623544 0.20270868106623544 0.4680846441269652 0.6179323777637623 0.673971110526668 0.7373367796217836 0.8875604024326326 1.0239171156915208 1.44403166634515 1.7946346895658893
58 580 0.07297235382454459 1.8621042751381065 0.19732878260590295 0.19732878260590295 0.47344777571938623 0.5940536813323475 0.6765233552863619 0.7140956039078185 0.8870220473512853 1.0402475602648935 1.467300079610209 1.8621042751381065
59 590 0.0761208766547373 1.9457223062961972 0.18482821783205997 0.18482821783205997 0.49829412029641806 0.5831435253981078 0.6906081046619155 0.718994852382326 0.873501783510633 1.035510656069129 1.5360556871724047 1.9457223062961972
60 600 0.0761923929135628 1.969614212457372 0.17767400745423761 0.17767400745423761 0.5094709926255075 0.5940851849656381 0.6687561359704312 0.717505167229889 0.8811658521408012 0.9725292769835063 1.558109856208571 1.969614212457372
61 610 0.0748972508868535 1.9870312074960335 0.17142559060611742 0.17142559060611742 0.5064890119894562 0.6065829943362894 0.6603497381352633 0.7085904355939644 0.9071857364118247 0.9532868151426562 1.537513248741255 1.9870312074960335
62 620 0.07161883433567803 1.9939648554459355 0.16038149766217977 0.16038149766217977 0.5085879078319446 0.5981578311354306 0.6551189462649398 0.7111456805993072 0.9339513546955768 0.9489083112940254 1.5353640990539164 1.9939648554459355
63 630 0.06922275653508118 1.9913615843389358 0.15060545829856795 0.15060545829856795 0.5026208058475325 0.5902285734516273 0.6362966013438776 0.7027099182856874 0.9288711722505958 0.9592523888569644 1.5410551421218164 1.9913615843389358
64 640 0.06776534705852465 1.9752289061586321 0.1426844986301911 0.1426844986301911 0.5023382024918749 0.5734571786890921 0.6338974863975172 0.7038084860066015 0.9263359768089299 0.97072950103013 1.610324469949075 1.9752289061586321
65 650 0.06697683642630324 2.039792734374808 0.13710770610143577 0.13710770610143577 0.4876340447546277 0.5627352552985424 0.6381897273590031 0.6997950673158505 0.9122087746568627 0.9735505051008303 1.5817364709818398 2.039792734374808
66 660 0.06999951268629616 2.0508505043007426 0.13748821279660886 0.13748821279660886 0.48011978177876236 0.5335356401931838 0.6277441864962726 0.6769467384097105 0.9164966975542693 1.0175766534618627 1.5657916561857375 2.0508505043007426
67 670 0.07161557762305405 2.04928088136605 0.13583382541434044 0.13583382541434044 0.4981601059094415 0.527032359341728 0.6158816881488592 0.7069636990526182 0.9028909631865905 0.9996781312406157 1.5429099522274121 2.04928088136605
68 680 0.06762066557672607 2.0438459087519716 0.12942205929129788 0.12942205929129788 0.502909244598074 0.5262343252673756 0.6150030250298381 0.7236602637796354 0.8877990799268118 1.0013335812625237 1.5328619006284294 2.0438459087519716
69 690 0.06247768264773297 2.0173624142982725 0.12901972982097284 0.12901972982097284 0.48533852318925036 0.5184792095879945 0.6304060999249905 0.7213344291067484 0.8855899370427723 0.9766431142924912 1.5265782265150825 2.0173624142982725
70 700 0.057625608061486054 1.996149349746782 0.12916915703641715 0.12916915703641715 0.478534384825056 0.5072358189006865 0.606197956993812 0.7464651648923206 0.881834367069344 0.9786476717538648 1.5201387231277832 1.996149349746782
71 710 0.056664768657295146 1.9838348184652934 0.12344930894669501 0.12344930894669501 0.4714361086603977 0.4937400785644954 0.6018683488555863 0.7316790835759319 0.8933253178544502 0.9770329760161778 1.5156534292119992 1.9838348184652934
72 720 0.05474100154725318 1.9985711541527864 0.11658883642864935 0.11658883642864935 0.4751214747372236 0.49440005654811464 0.5955801677758391 0.7045695108304488 0.8725418677790119 0.9914747915175909 1.5454209628079425 1.9985711541527864
73 730 0.050723122765852544 1.995902762705953 0.10978098146785946 0.10978098146785946 0.4727926987652069 0.48813552754742423 0.5742404124568118 0.7043208446557986 0.8704123541268687 0.9960247400520987 1.5741988181007889 1.995902762705953
74 740 0.045365211699230315 1.970979183864783 0.10404903845040132 0.10404903845040132 0.4653619070190613 0.4718914252324213 0.5656881798261687 0.7042341259623439 0.8833853719840099 1.005380869785449 1.5755941713693662 1.970979183864783
75 750 0.04159306566515862 2.0522909756165104 0.0993958801498663 0.0993958801498663 0.4607311459134184 0.46369791321534587 0.5702502161648342 0.6982995827688422 0.8716582784513484 0.9889784137704798 1.5451572928931674 2.0522909756165104
76 760 0.040251140365481566 1.9495790168633735 0.09381177287351694 0.09381177287351694 0.4604723691778648 0.46396556575451975 0.5503493387007088 0.6980973448943116 0.8783740284919777 0.9882068017500458 1.5560685963119985 1.9495790168633735
77 770 0.0390222693075431 1.9060486049431045 0.09186564533141689 0.09186564533141689 0.4389032465638077 0.4578370108739035 0.555009568599282 0.6928876166823871 0.8659434296697508 0.9940043759303395 1.5843752730190046 1.9060486049431045
78 780 0.037060953454901145 1.932456556158951 0.08534129150291063 0.08534129150291063 0.4346993324204475 0.45663972777695033 0.5569023828036728 0.6990906968936481 0.8762897716994458 0.9847659363732547 1.5655090632562536 1.932456556158951
79 790 0.034329052299681244 1.8835195562071332 0.0836211401237145 0.0836211401237145 0.42661122618343855 0.4500859500425404 0.5652894334719683 0.6723998344102594 0.8952741221388001 0.967492528536168 1.5824342113745113 1.8835195562071332
80 800 0.03207211518576906 1.8936584618607886 0.08236299586733431 0.08236299586733431 0.39775593498038975 0.4404702375906236 0.5573614616358128 0.673419092336135 0.8958014093123471 1.0035501910594664 1.5574761137065247 1.8936584618607886
81 810 0.032370791208565425 1.9007100863707491 0.07936960010954494 0.07936960010954494 0.39137746257954403 0.4218038250411244 0.5511097162255326 0.6670525872315579 0.8797164243521585 1.0193437890219927 1.5797549450398636 1.9007100863707491
82 820 0.030096016198655044 1.8851333040328073 0.07661093499129784 0.07661093499129784 0.3756159353723079 0.40312657505144994 0.5528633218301886 0.6603705719125389 0.8912282379762486 1.0914129533578305 1.5781510632044793 1.8851333040328073
83 830 0.028102962556944614 1.862253070693225 0.07400926152183022 0.07400926152183022 0.3673099770062349 0.39848805044392976 0.5370024884547255 0.6609465115056766 0.8755336725002801 1.1081613037306945 1.572877150487168 1.862253070693225
84 840 0.025990690523307082 1.8053566698988437 0.07191353975983843 0.07191353975983843 0.3631304427390816 0.39514009339388895 0.5196077920177209 0.6634474815440083 0.880317868032235 1.099175396666694 1.560594351365673 1.8053566698988437
85 850 0.024615567258698384 1.805022221458617 0.07006151394943984 0.07006151394943984 0.3545044347582226 0.3758308174056854 0.5100997941183502 0.6651576981645834 0.873539351707952 1.0736609608926067 1.5857689680285665 1.805022221458617
86 860 0.022888033843789884 1.8096684759546244 0.06547887967753624 0.06547887967753624 0.3469345848689859 0.37018710064791116 0.5050570820045756 0.6627467843140551 0.8871670846911394 1.0605868424445448 1.5885803033161525 1.8096684759546244
87 870 0.019633662505272733 1.7982809372431983 0.06244562955923545 0.06244562955923545 0.3304088501895966 0.37242645468149804 0.5083472116543323 0.6538262032358219 0.8971778056113575 1.0450358824238715 1.583809654279345 1.7982809372431983
88 880 0.0178139019105496 1.7631197365240479 0.06135096555365353 0.06135096555365353 0.32293730844193014 0.3627877619392268 0.510792760766614 0.6528545950901948 0.8714039154741156 1.0314439170002352 1.5548015088253717 1.7631197365240479
89 890 0.016379439586514655 1.7520315136920752 0.05853343092546897 0.05853343092546897 0.3192334713833485 0.3543145901173941 0.5010171385779533 0.675322219568242 0.890440393306222 1.0163838781966839 1.5467515939678567 1.7520315136920752
90 900 0.015563786941245062 1.840308024982309 0.05720364959911489 0.05720364959911489 0.3192744919837789 0.344626263278784 0.5045921427283925 0.647625979244317 0.8760364067387802 1.0194575774784818 1.5212806722476353 1.840308024982309
91 910 0.014604029332923894 1.8259701767451533 0.05471971636541567 0.05471971636541567 0.32430697087188987 0.3474320304830975 0.49426716061103276 0.6564881220696698 0.8713051188037773 1.0011630721021245 1.545454471928298 1.8259701767451533
92 920 0.014706543857716158 1.8157022497067075 0.05359694809025485 0.05359694809025485 0.3207454864897288 0.33703469462735947 0.4854092869483737 0.6675128199791571 0.8687186520453086 0.9494827485618784 1.5561120729090638 1.8157022497067075
93 930 0.013342410465728052 1.8148876068655984 0.05190557126152815 0.05190557126152815 0.31817651312872003 0.32796617061015004 0.48462058468468816 0.6745657097390484 0.8953141758308646 0.9345457958884926 1.532870986482494 1.8148876068655984
94 940 0.012861057089374643 1.812305205635042 0.04984805404480068 0.04984805404480068 0.3158807975940719 0.3252735784699117 0.48105035082351133 0.6772252344675376 0.8782687558490848 0.9099577904438201 1.5249266418967213 1.812305205635042
95 950 0.012660564809914409 1.8045044446460161 0.04635159818113324 0.04635159818113324 0.3073532914181693 0.31231680320975874 0.4885718368658911 0.6906597866773189 0.8996281752191617 0.9245572213211377 1.5396612636164426 1.8045044446460161
96 960 0.012511842354993941 1.7099175670431073 0.04667117948301597 0.04667117948301597 0.2937422101646892 0.3012488745157169 0.49102777294847477 0.6908940701793572 0.8976097901879811 0.9684777787938461 1.5473173120896946 1.7099175670431073
97 970 0.012738938259930723 1.7524702230952873 0.046445544513274824 0.046445544513274824 0.2839694971679259 0.2885788079573452 0.4828615338469367 0.6714212613905406 0.8919837741235359 0.9966601294752464 1.565860889500092 1.7524702230952873
98 980 0.012283207727408789 1.7834500592166145 0.04573719485395751 0.04573719485395751 0.2685671379788849 0.28400621833994666 0.4812910531019185 0.66256079292879 0.88030861993077 1.0591227705642028 1.5332927113480757 1.7834500592166145
99 990 0.011176797578427536 1.737072732457527 0.04243767853126873 0.04243767853126873 0.26656936618398935 0.278511488439682 0.4828081990932686 0.6554620570321802 0.8936397435080026 1.0927898036563533 1.534925641908481 1.737072732457527
100 1000 0.01106824573894902 1.7362047577620843 0.04185565022275888 0.04185565022275888 0.2611153485524587 0.2733155033511604 0.4887048197131822 0.6512684026868777 0.8953593219244373 1.1013748230276987 1.454429868870399 1.7362047577620843
101 1010 0.010008409737422605 1.7349827559610367 0.03872066304250136 0.03872066304250136 0.25742786036543824 0.2746580204928701 0.49827639518915334 0.644477756831693 0.8564982677571911 1.1649138867727793 1.4760604497576895 1.7349827559610367
102 1020 0.008952898597483912 1.7790312608536785 0.038047163429393564 0.038047163429393564 0.23828388574535983 0.27085965112353655 0.4881626747663889 0.6454579703915446 0.8522114287499003 1.1904938309167672 1.4741603613685217 1.7790312608536785
103 1030 0.008038611573203853 1.7748889806611392 0.03608677710523812 0.03608677710523812 0.23533162084908432 0.258740343460374 0.4940378867959145 0.6330053603185652 0.8620367188684682 1.1845174998564842 1.4624889476597047 1.7748889806611392
104 1040 0.008377699339274656 1.7267681867349514 0.03445233205666871 0.03445233205666871 0.23022188922475398 0.26252086062868146 0.49572534861136736 0.6359060676631837 0.8421298549083966 1.1796879788445254 1.4481993552294556 1.7267681867349514
105 1050 0.008047032567158469 1.7455192505516048 0.03315221507300914 0.03315221507300914 0.23030567240967725 0.25357793030532794 0.5085688548947368 0.6405831608754943 0.839174775150508 1.1982206845542562 1.4954846058552238 1.7455192505516048
106 1060 0.00720948980076241 1.7486757484167177 0.032848368200192185 0.032848368200192185 0.2294077839944772 0.24954485336345295 0.5065862718533615 0.618235736333166 0.8287977750005197 1.1753817018789134 1.5139165653789923 1.7486757484167177
107 1070 0.0065837710332050554 1.720965565345205 0.031207248312092654 0.031207248312092654 0.22547473344617924 0.23854448485311935 0.49968620690658966 0.6213721250866038 0.8297561548068783 1.1742486756034107 1.4890656178863835 1.720965565345205
108 1080 0.006551427218047289 1.7152055870810992 0.03084600467501267 0.03084600467501267 0.21830309879679524 0.23840241468036172 0.4948914369737794 0.6096571438411347 0.8259692587341726 1.1686267607411773 1.4752494807394976 1.7152055870810992
109 1090 0.006760886344703443 1.725560336611759 0.030884578308284442 0.030884578308284442 0.20715163297861564 0.22031028519488863 0.49012925920210215 0.6118795216606736 0.8735591369839899 1.1582664486349692 1.4671994270760975 1.725560336611759
110 1100 0.00688611709763788 1.7656024687117973 0.030130305507045606 0.030130305507045606 0.2025240457831237 0.21601887231904457 0.49451471682618053 0.6277841457151682 0.8670393159192887 1.1407781259735224 1.4457692090156051 1.7656024687117973
111 1110 0.0072105797162088535 1.7564961237583252 0.02872093669320045 0.02872093669320045 0.19803822421322093 0.22347904103016836 0.48351149998908444 0.6276557411344378 0.8650189278051394 1.1233786158013543 1.49987151660571 1.7564961237583252
112 1120 0.007415696426151638 1.785928249457719 0.028194977784548436 0.028194977784548436 0.1964437863097511 0.20875762995684474 0.47193161596967914 0.6246501445052274 0.8729750820875005 1.1273320515215892 1.5641593181772675 1.785928249457719
113 1130 0.008157913416414088 1.7887545536259009 0.027755873419245364 0.027755873419245364 0.19173734408194068 0.20646927242923152 0.4672274108303903 0.616627077895254 0.8744586834131801 1.1105675160696138 1.5982478454983138 1.7887545536259009
114 1140 0.008620768195270734 1.9339531639244576 0.026737678597499943 0.026737678597499943 0.1837335694679069 0.2059459123700138 0.4621817045567245 0.6106899023416303 0.875264795395133 1.1297659168188414 1.621346554051381 1.9339531639244576
115 1150 0.010525259759996939 1.956675653918816 0.026631683427347775 0.026631683427347775 0.1914745896587037 0.20332093182046082 0.4587304275336498 0.6048592394247659 0.8801090704924631 1.107196873126989 1.573687174763362 1.956675653918816
116 1160 0.012418427654947098 2.0105016432586162 0.026809666978733514 0.026809666978733514 0.18808503569377238 0.19608009249613642 0.4673636384546915 0.6027655675640713 0.9162627913955735 1.1692902668791003 1.5544372163373739 2.0105016432586162
117 1170 0.013867612419015386 2.0123643804601703 0.026706170572076787 0.026706170572076787 0.18532813041466056 0.19299352573480053 0.4618423674137352 0.605808008763671 0.8821880510748138 1.184071113135227 1.55955904345573 2.0123643804601703
118 1180 0.014680672884504097 1.9599041670907382 0.026714684330335987 0.026714684330335987 0.18099872073511344 0.19195638987793467 0.46330760825156403 0.5978391375819794 0.8679476347639062 1.159261601007631 1.5717435238120467 1.9599041670907382
119 1190 0.015604970961608143 1.9191777952936588 0.026609652764857314 0.026609652764857314 0.1827994190987564 0.1883858270467952 0.4515305093486322 0.6085559198369811 0.8782168355173454 1.1485012643511467 1.5711059264511016 1.9191777952936588
120 1200 0.017004134721687596 1.9489719876730534 0.026140447614192746 0.026140447614192746 0.1820812233226706 0.1893399059989523 0.4575837172966309 0.6150167993000857 0.8640299378256792 1.1408055387655989 1.5371730928941103 1.9489719876730534
121 1210 0.01800889134670313 1.9138218093404331 0.025872534809179837 0.025872534809179837 0.18052480095850548 0.19156400325442377 0.48500422681332644 0.6128747571935173 0.820673391606913 1.1424577377117162 1.5254351882483148 1.9138218093404331
122 1220 0.019548667682712385 1.9405913756552478 0.02552321925555792 0.02552321925555792 0.17938017532637313 0.18281862112897168 0.49017859627173865 0.6262109662812744 0.8196617201498595 1.1503978797113341 1.535118157512138 1.9405913756552478
123 1230 0.02103850107818084 2.0458209592228513 0.025721994300778393 0.025721994300778393 0.17476517290194601 0.17957195351647248 0.48816827040705374 0.6236327756077454 0.8027858633681657 1.1456237498817015 1.514301394728964 2.0458209592228513
124 1240 0.02316239706763896 2.172376488601551 0.024332980658643776 0.024332980658643776 0.17042124563944297 0.17563157085606895 0.4955400010962266 0.6381259568518862 0.7849099322913176 1.1534893415760636 1.5102805029977304 2.172376488601551
125 1250 0.024633540117521762 2.2971692082937287 0.02384976060096435 0.02384976060096435 0.16194122848268017 0.17243548902507555 0.5027860385485707 0.6441106598494971 0.7658726777676731 1.1713523067444616 1.5074818777116692 2.2971692082937287
126 1260 0.025072060626983923 2.422124819118318 0.023513557064238917 0.023513557064238917 0.15961124346254532 0.16639358853803987 0.508327918501734 0.6533329331283191 0.7591960826713995 1.1820893617923942 1.4400514186461282 2.422124819118318
127 1270 0.024998466740320562 2.487538294807295 0.022011833614652702 0.022011833614652702 0.15585686695044962 0.1654657123237757 0.507889183767775 0.6479640085393977 0.7366389543451889 1.1597812822546827 1.458906208803977 2.487538294807295
128 1280 0.02441076150917801 2.542220812516686 0.021898126839152612 0.021898126839152612 0.1554238697878411 0.1631757992325205 0.5128153686470301 0.6508997540681098 0.7421512262864928 1.127986115734607 1.4319277002560196 2.542220812516686
129 1290 0.023846169064715823 2.5669589031883304 0.02178312324905928 0.02178312324905928 0.15571437291906726 0.15881763798302106 0.5145985664672748 0.6522481244309888 0.7240921942685323 1.1175084243635656 1.4353090263634014 2.5669589031883304
130 1300 0.025035291503969763 2.641949865524051 0.02149065007796814 0.02149065007796814 0.1442221164275906 0.16202920006594085 0.554209684822281 0.637044280953863 0.720865910585177 1.1059271443355094 1.470895959515353 2.641949865524051
131 1310 0.025216280630509433 2.5850005860703167 0.021197370129683195 0.021197370129683195 0.14429506107131768 0.1618568942111677 0.594371615940475 0.6232620029274208 0.7213315793953716 1.071977101398923 1.4433820735636 2.5850005860703167
132 1320 0.025358337396094152 2.6090679882906636 0.020953876524220306 0.020953876524220306 0.1418356057420185 0.16154957265880376 0.5999436618146219 0.6172214094797129 0.6940675958635576 1.0737919643563179 1.4240267000166043 2.6090679882906636
133 1330 0.026626737330779495 2.54668535671924 0.020858106853671374 0.020858106853671374 0.1334599728358567 0.15735119804455863 0.6097181696921444 0.637064768021787 0.7163420278114381 1.0745990399466536 1.4117306258053859 2.54668535671924
134 1340 0.0268270329507763 2.610439762473037 0.01989473211466071 0.01989473211466071 0.13215547412613776 0.15506457000455376 0.5972223882738383 0.6344288115168548 0.7467956531255618 1.1006781566792305 1.3829338376884268 2.610439762473037
135 1350 0.024379324673631738 2.6950589327282035 0.019506083886775716 0.019506083886775716 0.12999873195068087 0.15492559989698443 0.5917038008116107 0.6318666429955068 0.7181155858564201 1.0896711745151983 1.3803819463342022 2.6950589327282035
136 1360 0.023760409150280288 2.7042936483033193 0.01945521905447363 0.01945521905447363 0.12538483025129388 0.14854120354029887 0.5740417061536119 0.6293525000631206 0.7179740658863677 1.0920404887782578 1.3777400073247352 2.7042936483033193
137 1370 0.027499332620699177 2.665952982344886 0.019892148884483693 0.019892148884483693 0.12299667256199558 0.14335032827965477 0.5751439861841889 0.6269841682688768 0.7029650515778672 1.0905399635322726 1.368373413101617 2.665952982344886
138 1380 0.028560263798690838 2.756276364646177 0.019851519535146356 0.019851519535146356 0.12010222798559823 0.142025337653752 0.5723852835694229 0.6296520116981154 0.7250576901775315 1.112319566486862 1.4445945104698217 2.756276364646177
139 1390 0.032212327311595366 2.7817676715720228 0.019439205458551632 0.019439205458551632 0.11854396466025008 0.13048983719487486 0.5773422301537932 0.6305785784975454 0.72167486272975 1.1074109665737257 1.4980010376048583 2.7817676715720228
140 1400 0.031488885443010144 2.806018349681764 0.01937530837893213 0.01937530837893213 0.1179905232451768 0.131451018585486 0.5767897727975559 0.6063911814685569 0.7173552343900196 1.11030091397039 1.5844995958239194 2.806018349681764
141 1410 0.030888990464773964 2.786717336070812 0.0190455396226991 0.0190455396226991 0.11489251638436478 0.12645269823605818 0.5690855247733887 0.6111355476428878 0.6999594341400027 1.116529978233843 1.5816814836902566 2.786717336070812
142 1420 0.030979736751647922 2.768995891748309 0.01794621232123398 0.01794621232123398 0.11536922113576811 0.12424086480315205 0.5681485035969032 0.6087422251313936 0.6828131629891387 1.109675109023892 1.5986932305402082 2.768995891748309
143 1430 0.029600580008577605 2.711271098143415 0.017221642627731563 0.017221642627731563 0.11139878539035293 0.12232989376344945 0.5630944271277707 0.6306845373293376 0.6765707698538008 1.126783802869162 1.6374597438976652 2.711271098143415
144 1440 0.0276257725331689 2.6671770986666514 0.017641689278846143 0.017641689278846143 0.11002706325399327 0.11604197669536666 0.5531102965892922 0.6231822802044074 0.678886320488392 1.1248111207414981 1.6348589428846654 2.6671770986666514
145 1450 0.026537320131186343 2.579519262216161 0.017647518631710088 0.017647518631710088 0.10835643662419933 0.11511791644365858 0.5515637300425186 0.5973072000738586 0.6680091258327856 1.176230418588759 1.6216830392993078 2.579519262216161
146 1460 0.02915717330765885 2.6247488108493027 0.016821461479280316 0.016821461479280316 0.10588682672716376 0.11292242204373557 0.5627519963339047 0.601735701015365 0.6593244755684782 1.1403089430922437 1.6444671207350647 2.6247488108493027
147 1470 0.036668984028187086 2.890807312886845 0.01575687572457773 0.01575687572457773 0.1044399771070343 0.12080911798716797 0.5580556400113832 0.5971693817818909 0.6497796667507127 1.1353085438246544 1.6418453506818116 2.890807312886845
148 1480 0.04358494379871589 3.1678774021697738 0.01595642341022822 0.01595642341022822 0.10460430826424982 0.12234051937798962 0.5369004760558048 0.5968797662367097 0.6664421899444551 1.11307698600044 1.6447190985297089 3.1678774021697738
149 1490 0.053966982176685496 3.1389404722412926 0.01572445452566775 0.01572445452566775 0.10639025647978002 0.12268182337198734 0.5381532365028852 0.5893063259891714 0.6511936381521873 1.0827656697949293 1.6686662366361564 3.1389404722412926
150 1500 0.06428689781208219 3.190886861867899 0.015779335920770247 0.015779335920770247 0.10669157090254824 0.11967463579623974 0.5369233844857417 0.5694589335674393 0.6344221943685522 1.0867333814799633 1.6437528844453206 3.190886861867899
151 1510 0.07602515660817503 3.086392520574712 0.01577435007922401 0.01577435007922401 0.10568093110075773 0.11761995663991891 0.5512278587017367 0.5623718106676993 0.6354898559080415 1.0879810586682992 1.6148897480742217 3.086392520574712
152 1520 0.08105904146018748 2.999386563242324 0.01585347014928091 0.01585347014928091 0.10294111188854747 0.11844026404252868 0.5532585108802263 0.5700063556974831 0.6372027017996473 1.0691895661942636 1.5976102300259634 2.999386563242324
153 1530 0.08715710328099305 2.953800167551533 0.015820459538278146 0.015820459538278146 0.09934756994168284 0.11859013626052282 0.5518686979628818 0.581426829340564 0.6246322389816519 1.057689372857924 1.5384744665742507 2.953800167551533
154 1540 0.09104902362374048 2.7277586592315757 0.015595792502907517 0.015595792502907517 0.09869393106045936 0.11882524773049956 0.5629491811114258 0.5679831106986143 0.6164043875523708 1.0543664079081387 1.6485942478429696 2.7277586592315757
155 1550 0.09381608449762378 2.5522168856169807 0.01564435633645238 0.01564435633645238 0.09712402174432344 0.1204864373494757 0.5569421280261493 0.5663564732169942 0.6561997394615643 1.065715101514949 1.6856717512721464 2.5522168856169807
156 1560 0.0956252331229234 2.4477195386919033 0.015523162925971872 0.015523162925971872 0.09402755707964133 0.12168327561485108 0.5302521213667286 0.5720759560950147 0.6683810181824076 1.067249809776981 1.7181763682411577 2.4477195386919033
157 1570 0.08533178901321134 2.39184796044779 0.015432483268965796 0.015432483268965796 0.09314420198697032 0.11898751121862063 0.5194074221877877 0.5708616226976925 0.6915644377550082 1.0599941394483934 1.720923252531327 2.39184796044779
158 1580 0.08174209109806686 2.3182474582713226 0.015061960488772043 0.015061960488772043 0.09141090043988265 0.11631451899400498 0.5161996469880703 0.5686240109618034 0.6709500260873908 1.0565239240429767 1.7316398118316627 2.3182474582713226
159 1590 0.08150932016693259 2.2531356852415323 0.014701872003140428 0.014701872003140428 0.08962234562251369 0.11347150952081847 0.5298248474035452 0.5652275844154314 0.6825801147048536 1.0439303967837228 1.715146840965499 2.2531356852415323
160 1600 0.07992135823308984 2.155988637107562 0.014394437077054765 0.014394437077054765 0.09075475865527005 0.11109683520971912 0.5272602899999901 0.5583852855640785 0.6792408014934416 1.0344090517161613 1.784700168926756 2.155988637107562
161 1610 0.08320836330096858 2.1229029456813215 0.014105374533207909 0.014105374533207909 0.08865457445888882 0.11001877153737318 0.5185851856821753 0.5628123694149787 0.6543039694288452 1.0278543103031517 1.821703817172795 2.1229029456813215
162 1620 0.08921469760441561 2.0536724207357415 0.013887379614783254 0.013887379614783254 0.09317293913813317 0.11141324314531974 0.48583168781930386 0.5524275038856269 0.6592086959027048 1.0184806812474934 1.892985305503563 2.0536724207357415
163 1630 0.09129536465924462 2.0485350895471033 0.013487963381919573 0.013487963381919573 0.09636402035125968 0.10972926390147628 0.4823080866557181 0.5718453626358077 0.6475933429550896 1.0201174676329872 1.8819466216506082 2.0485350895471033
164 1640 0.0940219839625526 2.0670477816786272 0.013352205631997464 0.013352205631997464 0.0957202285646747 0.1062383142136124 0.4831098262527243 0.565512313473133 0.6514107354344767 1.0201450278591917 1.8552926182145626 2.0670477816786272
165 1650 0.1040142725357829 2.1855481736121076 0.013343666979981685 0.013343666979981685 0.09610802271286673 0.10470211779925459 0.4741554118874921 0.551973528397675 0.6345804233967365 0.9835399971813372 1.8650377834450806 2.1855481736121076
166 1660 0.1124458510579498 2.3816295364490427 0.012905232492300581 0.012905232492300581 0.09378580061011804 0.10412321940272892 0.5043145475016275 0.5492787183758975 0.6325386323669226 0.9372298992747875 1.832480395417059 2.3816295364490427
167 1670 0.1212809698046784 2.5079441699396594 0.012759368867285806 0.012759368867285806 0.08914047750432888 0.10364424021917577 0.5012197749452781 0.540536605212133 0.6385357756899008 0.9448755101118277 1.8415678879051336 2.5079441699396594
168 1680 0.12092399831576603 2.7306473723747913 0.01211642167411579 0.01211642167411579 0.08917191462068814 0.10467504146336247 0.50077552860813 0.5379442903380899 0.6244255863751611 0.9325413515893061 1.7676142503371917 2.7306473723747913
169 1690 0.12247113703633643 2.7551831207388133 0.012201155330176022 0.012201155330176022 0.08611138785545935 0.10718613079650575 0.4997574771797885 0.5321866908419419 0.6285058314812252 0.9130837514788201 1.698938667170718 2.7551831207388133
170 1700 0.11399907584861545 2.7958954049072844 0.0123146936498682 0.0123146936498682 0.08075188938454977 0.10848448587894269 0.5030247326996583 0.5281626922245942 0.6429504625054772 0.8931842243370212 1.6973644245334882 2.7958954049072844
171 1710 0.10481547079043901 2.7476224772556717 0.012063254539913307 0.012063254539913307 0.079059334199291 0.10884655227474638 0.4935355109359594 0.5263698857503722 0.6464999243544958 0.8793845276145489 1.6422022437279349 2.7476224772556717
172 1720 0.10943085908542642 2.740618745005454 0.011800619667041795 0.011800619667041795 0.08016403160303227 0.11019618422623187 0.4779084949779533 0.5328567579607733 0.6259645322760731 0.8860526634939186 1.580916575370685 2.740618745005454
173 1730 0.10189123848847137 2.6743520207002907 0.011957710275006176 0.011957710275006176 0.08176267781567953 0.10958361050342698 0.4841591781912874 0.5352801771119046 0.6099137873790746 0.8783685673423796 1.5266652649741026 2.6743520207002907
174 1740 0.09593805111179374 2.6521491823593633 0.012135479624610099 0.012135479624610099 0.08142719813920225 0.11077441279599677 0.4700461501547343 0.5325570998159054 0.5966776936060878 0.8638740516305123 1.4912665066047581 2.6521491823593633
175 1750 0.0935467192395212 2.597942419107338 0.01203099673320965 0.01203099673320965 0.08204088404777629 0.11041665887093009 0.4598803862523944 0.5449951480797793 0.5792099890000272 0.8506888585505366 1.4756473793252716 2.597942419107338
176 1760 0.09432170082870048 2.537315296007084 0.011938161610264763 0.011938161610264763 0.07889268209028821 0.10988443316247608 0.449333126464196 0.544139681920486 0.584735904308094 0.8698045029549988 1.466385004764591 2.537315296007084
177 1770 0.08482596557576014 2.3969571236316685 0.011911193375726157 0.011911193375726157 0.07805630924138897 0.10935619853801233 0.4448130934066393 0.5453352186164827 0.5737270054563902 0.9223092343006799 1.451373352152173 2.3969571236316685
178 1780 0.08428383462527304 2.328499167622738 0.011754499230650401 0.011754499230650401 0.07705277841024932 0.10840065270717658 0.441319875187683 0.5291114292514149 0.5927510094536247 0.9139712367022059 1.426387147276944 2.328499167622738
179 1790 0.08436420828702273 2.3151962990907906 0.01228280364485224 0.01228280364485224 0.07390463873256074 0.10651669516339378 0.4474036091291303 0.5495328907062194 0.5804494821382222 0.9120111607001171 1.3999897823405725 2.3151962990907906
180 1800 0.08717002284967289 2.2495405980892693 0.01198239646763138 0.01198239646763138 0.07482087694008024 0.11041095060894368 0.44717794169408775 0.5258078038391248 0.5644617477759232 0.9302644926055057 1.4000588453195764 2.2495405980892693
181 1810 0.08016874266506493 2.199417217152036 0.011766842822088832 0.011766842822088832 0.07461788078444812 0.11320408338034825 0.4498164054909828 0.5254831799621713 0.5649025427590324 0.9349023357591808 1.3850231392678036 2.199417217152036
182 1820 0.07642061138563373 2.168811345053283 0.011700302659878932 0.011700302659878932 0.07235103078945518 0.11479657798619693 0.45090976019003076 0.5145512102019935 0.548897158100483 0.9541768428114663 1.3355000035714357 2.168811345053283
183 1830 0.07093023924895002 2.139618140267744 0.011790083035918778 0.011790083035918778 0.07048570299872739 0.11399438707989065 0.44050259802117825 0.5092801030608209 0.5410375524899809 0.963864959828358 1.3171132859514931 2.139618140267744
184 1840 0.0639336681102429 2.132533540470354 0.011870697830733183 0.011870697830733183 0.06952321910165421 0.11207300541919692 0.44077163673912756 0.4998490600192662 0.5323041932431338 0.9790513430619485 1.3052054968078457 2.132533540470354
185 1850 0.059416826017203085 2.1243705620781004 0.011289429913137822 0.011289429913137822 0.06940559346076604 0.11142564084255056 0.4394777251345931 0.49882636788105306 0.5191876785762994 0.9793515536992095 1.3262014047588968 2.1243705620781004
186 1860 0.057240073540035304 2.044629621856604 0.011064839177728747 0.011064839177728747 0.06784444369564885 0.11339685013612025 0.43954163939109536 0.5072097455985022 0.513941428294651 0.947064212451453 1.3162915457297657 2.044629621856604
187 1870 0.05545258831811818 2.0264060649638096 0.011151280393918044 0.011151280393918044 0.06522122766438086 0.11253736686770331 0.4230273063949501 0.4956697452021498 0.5243989876629271 0.9678722422392492 1.3181808040962086 2.0264060649638096
188 1880 0.051102852122985806 2.02005323519866 0.0113660109638687 0.0113660109638687 0.06509291602930012 0.11424880053185534 0.42674362405059013 0.48882039104197206 0.5228640208951153 0.9567910183275712 1.251749714936232 2.02005323519866
189 1890 0.052319293876407144 1.9913554551325674 0.010999101911936602 0.010999101911936602 0.06474150733589454 0.11034199637308655 0.4275642992098316 0.4873929781506122 0.5161822286825783 0.9512903035106569 1.2939424904662284 1.9913554551325674
190 1900 0.05412963769356861 2.0097151469026664 0.01056079783248076 0.01056079783248076 0.06430557312515138 0.10946716189539692 0.4269571875254339 0.4796276858715655 0.5226845071162974 0.9997491340107947 1.3215195114999938 2.0097151469026664
191 1910 0.05633759892185323 2.1064987228908323 0.010267852277704116 0.010267852277704116 0.06546187549893834 0.10660591349957414 0.4238781932051419 0.4794804172599583 0.5185362683298055 0.9989778756806147 1.2930894556760228 2.1064987228908323
192 1920 0.05558816865502976 2.115332644101144 0.010066290510479954 0.010066290510479954 0.06399996711580647 0.11324292395462947 0.3995097517888681 0.4949867218699604 0.520396613104493 0.9941510036632171 1.2927332247588585 2.115332644101144
193 1930 0.058058432645020565 2.1124321976847664 0.010249713344355135 0.010249713344355135 0.06419679400383409 0.11392091080212573 0.40051175092391805 0.48070341030916114 0.496262744957898 0.9803435079973302 1.2860359157859964 2.1124321976847664
194 1940 0.06281796522142075 2.113728032895132 0.0104428983854468 0.0104428983854468 0.06559494174953782 0.11888377394280447 0.37007920189087123 0.48048734777507845 0.4973868815117326 0.978193083324543 1.254661871319594 2.113728032895132
195 1950 0.06163085270237575 2.069510853642882 0.010538326487101925 0.010538326487101925 0.0665206182100799 0.12299211295018428 0.3632369385425538 0.4779698963318423 0.49727277273438353 0.9750108411697456 1.235047021844277 2.069510853642882
196 1960 0.05601408759067258 2.0592849049765634 0.010307333983785413 0.010307333983785413 0.06515899580668774 0.12554447713878322 0.351470325856254 0.47934309677237985 0.49344319133414877 0.9644137745508155 1.2580599743128138 2.0592849049765634
197 1970 0.053228787204668726 2.0389296266981 0.010278210123069354 0.010278210123069354 0.06043719469199687 0.12663177765260739 0.34784492409375 0.4828899944436639 0.4933154855028247 0.9586013956682093 1.249995002466946 2.0389296266981
198 1980 0.052532309329555514 1.9843153772148345 0.010072538375035136 0.010072538375035136 0.06164871026069373 0.12355570719383618 0.34893547088064747 0.4879388225834158 0.4939631420569196 0.9645974949942305 1.2463497430080916 1.9843153772148345
199 1990 0.050599882823200854 2.0404813422161907 0.010118900268934862 0.010118900268934862 0.059232175966110065 0.1226023568426491 0.34972228647387854 0.46800700784720617 0.5001377773534043 0.9607599716162083 1.2362718689096013 2.0404813422161907
200 2000 0.049230483974953554 2.0694119748861355 0.010154031318334374 0.010154031318334374 0.058663498649515124 0.11771259115060731 0.341042742751208 0.4762699758696407 0.5034322235411559 0.9451510768730915 1.2166860325231277 2.0694119748861355
