% # columns="iteration, evaluation, min max(neg(.)) min(pos(.)) max correlation, correlation matrix principal axes lengths  (sorted square roots of eigenvalues of correlation matrix)", seed=102338, Tue Feb 21 18:30:04 2023
1 10 -0.06918442068226814 -0.016377526928603153 0.01799149605810129 0.05594108510745045 0.9310815017466719 0.9624516986053693 0.9797307216652077 0.987528393869979 1.0008965512851957 1.00544154158084 1.0159805778400708 1.0189107202758112 1.0902234444968084
2 20 -0.1196066362949943 -0.01958243630206459 0.035831499115791074 0.07175861339191249 0.9310815017466719 0.9624516986053693 0.9797307216652077 0.987528393869979 1.0008965512851957 1.00544154158084 1.0159805778400708 1.0189107202758112 1.0902234444968084
3 30 -0.1296456990796998 -0.034622699374784016 0.03982458141304103 0.11595845093943473 0.9310815017466719 0.9624516986053693 0.9797307216652077 0.987528393869979 1.0008965512851957 1.00544154158084 1.0159805778400708 1.0189107202758112 1.0902234444968084
4 40 -0.17381329534715012 -0.041248857871152345 0.05568579310093917 0.21038898664222527 0.9310815017466719 0.9624516986053693 0.9797307216652077 0.987528393869979 1.0008965512851957 1.00544154158084 1.0159805778400708 1.0189107202758112 1.0902234444968084
5 50 -0.17216915512836067 -0.026513926929241274 0.03719275797568916 0.24302861500900244 0.9310815017466719 0.9624516986053693 0.9797307216652077 0.987528393869979 1.0008965512851957 1.00544154158084 1.0159805778400708 1.0189107202758112 1.0902234444968084
6 60 -0.22814643576837063 -0.057170932981516154 0.04755290906315275 0.24682580543452376 0.9310815017466719 0.9624516986053693 0.9797307216652077 0.987528393869979 1.0008965512851957 1.00544154158084 1.0159805778400708 1.0189107202758112 1.0902234444968084
7 70 -0.24913294208619402 -0.08070942254458341 0.05084413364526885 0.23760715914047495 0.9310815017466719 0.9624516986053693 0.9797307216652077 0.987528393869979 1.0008965512851957 1.00544154158084 1.0159805778400708 1.0189107202758112 1.0902234444968084
8 80 -0.24865278915111527 -0.08252034497756579 0.06396527764341636 0.25426982846350543 0.9310815017466719 0.9624516986053693 0.9797307216652077 0.987528393869979 1.0008965512851957 1.00544154158084 1.0159805778400708 1.0189107202758112 1.0902234444968084
9 90 -0.26665527080183976 -0.08439692173373144 0.06110126843193148 0.26026841342785456 0.9310815017466719 0.9624516986053693 0.9797307216652077 0.987528393869979 1.0008965512851957 1.00544154158084 1.0159805778400708 1.0189107202758112 1.0902234444968084
10 100 -0.2513300720438759 -0.09605242442342282 0.06124997460249343 0.27525492689755426 0.7595773676562056 0.8374912593202504 0.8762253955876749 0.90597347279594 0.9570237484200771 1.008152801885151 1.032493509514819 1.0996220805154815 1.387664816044428
11 110 -0.2611213014585176 -0.11946588455005643 0.04960966304158926 0.2825642704575868 0.7595773676562056 0.8374912593202504 0.8762253955876749 0.90597347279594 0.9570237484200771 1.008152801885151 1.032493509514819 1.0996220805154815 1.387664816044428
12 120 -0.29933363340414626 -0.1039612468051509 0.04249082777863353 0.3476141989044604 0.7595773676562056 0.8374912593202504 0.8762253955876749 0.90597347279594 0.9570237484200771 1.008152801885151 1.032493509514819 1.0996220805154815 1.387664816044428
13 130 -0.3491484185556945 -0.10309135267828418 0.0400986002410159 0.3180670635007508 0.7595773676562056 0.8374912593202504 0.8762253955876749 0.90597347279594 0.9570237484200771 1.008152801885151 1.032493509514819 1.0996220805154815 1.387664816044428
14 140 -0.3915972723389589 -0.10553891442022117 0.05357500516173777 0.3069850306698844 0.7595773676562056 0.8374912593202504 0.8762253955876749 0.90597347279594 0.9570237484200771 1.008152801885151 1.032493509514819 1.0996220805154815 1.387664816044428
15 150 -0.39914798423563336 -0.1274187442506968 0.07032370917955928 0.2998341261076761 0.7595773676562056 0.8374912593202504 0.8762253955876749 0.90597347279594 0.9570237484200771 1.008152801885151 1.032493509514819 1.0996220805154815 1.387664816044428
16 160 -0.39795623715314615 -0.12696951329312087 0.08359881731510982 0.3152953081651585 0.7595773676562056 0.8374912593202504 0.8762253955876749 0.90597347279594 0.9570237484200771 1.008152801885151 1.032493509514819 1.0996220805154815 1.387664816044428
17 170 -0.39039654526463874 -0.14177516681721172 0.09487827002016042 0.31381633078559 0.7595773676562056 0.8374912593202504 0.8762253955876749 0.90597347279594 0.9570237484200771 1.008152801885151 1.032493509514819 1.0996220805154815 1.387664816044428
18 180 -0.3972133128368208 -0.14843087372365998 0.08589500998567397 0.31998007254025357 0.7595773676562056 0.8374912593202504 0.8762253955876749 0.90597347279594 0.9570237484200771 1.008152801885151 1.032493509514819 1.0996220805154815 1.387664816044428
19 190 -0.3604953928555868 -0.15450851963205917 0.07811508805037076 0.3119213695238069 0.6262515120841905 0.7592604883905018 0.803851780759668 0.8864958309400683 0.9321873620355277 1.0037625286850453 1.0964347812495077 1.2295134903463067 1.4173548836718708
20 200 -0.34819728099433017 -0.14491507574231735 0.06741497632941963 0.33199935137435627 0.6262515120841905 0.7592604883905018 0.803851780759668 0.8864958309400683 0.9321873620355277 1.0037625286850453 1.0964347812495077 1.2295134903463067 1.4173548836718708
21 210 -0.3721373857154004 -0.1403612049248013 0.06362173754281832 0.3389397620825642 0.6262515120841905 0.7592604883905018 0.803851780759668 0.8864958309400683 0.9321873620355277 1.0037625286850453 1.0964347812495077 1.2295134903463067 1.4173548836718708
22 220 -0.3737105428075763 -0.14542345514551736 0.06490007582204678 0.3294861288052125 0.6262515120841905 0.7592604883905018 0.803851780759668 0.8864958309400683 0.9321873620355277 1.0037625286850453 1.0964347812495077 1.2295134903463067 1.4173548836718708
23 230 -0.3646793632329065 -0.14182629568319227 0.04059699855601299 0.32238440369542876 0.6262515120841905 0.7592604883905018 0.803851780759668 0.8864958309400683 0.9321873620355277 1.0037625286850453 1.0964347812495077 1.2295134903463067 1.4173548836718708
24 240 -0.3896629916349118 -0.16784340796992808 0.08102633338904297 0.3283382149497158 0.6262515120841905 0.7592604883905018 0.803851780759668 0.8864958309400683 0.9321873620355277 1.0037625286850453 1.0964347812495077 1.2295134903463067 1.4173548836718708
25 250 -0.40237489991939684 -0.16325273880731545 0.10135362013426924 0.3326521558234389 0.6262515120841905 0.7592604883905018 0.803851780759668 0.8864958309400683 0.9321873620355277 1.0037625286850453 1.0964347812495077 1.2295134903463067 1.4173548836718708
26 260 -0.40521199124460955 -0.18641236899822414 0.12556384245845326 0.34466359702083865 0.6262515120841905 0.7592604883905018 0.803851780759668 0.8864958309400683 0.9321873620355277 1.0037625286850453 1.0964347812495077 1.2295134903463067 1.4173548836718708
27 270 -0.4165783480296448 -0.18816059257165563 0.11815409076683975 0.3322688290475168 0.6262515120841905 0.7592604883905018 0.803851780759668 0.8864958309400683 0.9321873620355277 1.0037625286850453 1.0964347812495077 1.2295134903463067 1.4173548836718708
28 280 -0.4400164572817607 -0.18296984868460076 0.1358161408856683 0.36837794706105953 0.6001764375282066 0.6489463746377078 0.808451994214828 0.8647037687718793 0.9303102483806756 1.0263529158803515 1.0969802009352163 1.2373917951818383 1.471043211396895
29 290 -0.45664273801232697 -0.17841189288656584 0.1313606611663266 0.3680406455261808 0.6001764375282066 0.6489463746377078 0.808451994214828 0.8647037687718793 0.9303102483806756 1.0263529158803515 1.0969802009352163 1.2373917951818383 1.471043211396895
30 300 -0.4567158054872501 -0.17927728429210382 0.12161760646600646 0.3773029306890836 0.6001764375282066 0.6489463746377078 0.808451994214828 0.8647037687718793 0.9303102483806756 1.0263529158803515 1.0969802009352163 1.2373917951818383 1.471043211396895
31 310 -0.4433931203144202 -0.17564018264357437 0.09038155993775492 0.4080469942162857 0.6001764375282066 0.6489463746377078 0.808451994214828 0.8647037687718793 0.9303102483806756 1.0263529158803515 1.0969802009352163 1.2373917951818383 1.471043211396895
32 320 -0.43080287010725005 -0.17295247524586604 0.08297133576308595 0.393758466359919 0.6001764375282066 0.6489463746377078 0.808451994214828 0.8647037687718793 0.9303102483806756 1.0263529158803515 1.0969802009352163 1.2373917951818383 1.471043211396895
33 330 -0.44428199652119243 -0.19017076566892988 0.11183566878923812 0.40552245568101186 0.6001764375282066 0.6489463746377078 0.808451994214828 0.8647037687718793 0.9303102483806756 1.0263529158803515 1.0969802009352163 1.2373917951818383 1.471043211396895
34 340 -0.45433996172320906 -0.19729107977344634 0.13147415085393052 0.43200774151239135 0.6001764375282066 0.6489463746377078 0.808451994214828 0.8647037687718793 0.9303102483806756 1.0263529158803515 1.0969802009352163 1.2373917951818383 1.471043211396895
35 350 -0.45407626702323567 -0.20655516336650087 0.12697653319414026 0.44505555742029435 0.6001764375282066 0.6489463746377078 0.808451994214828 0.8647037687718793 0.9303102483806756 1.0263529158803515 1.0969802009352163 1.2373917951818383 1.471043211396895
36 360 -0.455647273839707 -0.18476217721703758 0.13759976192892565 0.3896645532780002 0.6001764375282066 0.6489463746377078 0.808451994214828 0.8647037687718793 0.9303102483806756 1.0263529158803515 1.0969802009352163 1.2373917951818383 1.471043211396895
37 370 -0.4750742790155917 -0.20521710445832173 0.11476733593165073 0.37459235394572477 0.555037684968861 0.6233349908254522 0.6712245214506725 0.7933476478387068 0.9559083422446997 1.082042959398731 1.12090486967283 1.2928280093661844 1.4869546380215435
38 380 -0.45473916008260745 -0.20704864989154367 0.13013852211905969 0.36835207178004153 0.555037684968861 0.6233349908254522 0.6712245214506725 0.7933476478387068 0.9559083422446997 1.082042959398731 1.12090486967283 1.2928280093661844 1.4869546380215435
39 390 -0.45215488057314446 -0.20290350592064704 0.12529247421361717 0.3511886550787756 0.555037684968861 0.6233349908254522 0.6712245214506725 0.7933476478387068 0.9559083422446997 1.082042959398731 1.12090486967283 1.2928280093661844 1.4869546380215435
40 400 -0.4402121275080879 -0.20127799770794363 0.11295474822772392 0.3232977756666053 0.555037684968861 0.6233349908254522 0.6712245214506725 0.7933476478387068 0.9559083422446997 1.082042959398731 1.12090486967283 1.2928280093661844 1.4869546380215435
41 410 -0.4264964003610438 -0.17651309944702115 0.1128363983229212 0.3338512623983238 0.555037684968861 0.6233349908254522 0.6712245214506725 0.7933476478387068 0.9559083422446997 1.082042959398731 1.12090486967283 1.2928280093661844 1.4869546380215435
42 420 -0.43556177194886997 -0.1538014370416755 0.15874603440393997 0.3561224355825917 0.555037684968861 0.6233349908254522 0.6712245214506725 0.7933476478387068 0.9559083422446997 1.082042959398731 1.12090486967283 1.2928280093661844 1.4869546380215435
43 430 -0.45304808744960995 -0.13013959010559478 0.13256394893817403 0.3849619822734417 0.555037684968861 0.6233349908254522 0.6712245214506725 0.7933476478387068 0.9559083422446997 1.082042959398731 1.12090486967283 1.2928280093661844 1.4869546380215435
44 440 -0.47630196438367883 -0.13521301457604876 0.1290191113015649 0.37233609526702643 0.555037684968861 0.6233349908254522 0.6712245214506725 0.7933476478387068 0.9559083422446997 1.082042959398731 1.12090486967283 1.2928280093661844 1.4869546380215435
45 450 -0.4774922641751732 -0.13602370476195932 0.12321814593934925 0.3663347471043641 0.555037684968861 0.6233349908254522 0.6712245214506725 0.7933476478387068 0.9559083422446997 1.082042959398731 1.12090486967283 1.2928280093661844 1.4869546380215435
46 460 -0.48616836651895773 -0.1396296415534202 0.14137593485680838 0.39756601362073857 0.48351286806052 0.6244575370418349 0.6820100071452 0.8491715470512157 0.9666235973456104 1.0569428219490817 1.0861932166162773 1.2196754503133294 1.571981205023995
47 470 -0.4830596463975749 -0.13985025188582867 0.14481192637577184 0.4417004246500225 0.48351286806052 0.6244575370418349 0.6820100071452 0.8491715470512157 0.9666235973456104 1.0569428219490817 1.0861932166162773 1.2196754503133294 1.571981205023995
48 480 -0.4902713820258808 -0.12520013464809615 0.13474775566049751 0.4322453521009864 0.48351286806052 0.6244575370418349 0.6820100071452 0.8491715470512157 0.9666235973456104 1.0569428219490817 1.0861932166162773 1.2196754503133294 1.571981205023995
49 490 -0.5119571934791226 -0.10089171877100707 0.13198230241374037 0.4438267126207965 0.48351286806052 0.6244575370418349 0.6820100071452 0.8491715470512157 0.9666235973456104 1.0569428219490817 1.0861932166162773 1.2196754503133294 1.571981205023995
50 500 -0.527044068882237 -0.09864606293357345 0.13961284447977032 0.4657104291689914 0.48351286806052 0.6244575370418349 0.6820100071452 0.8491715470512157 0.9666235973456104 1.0569428219490817 1.0861932166162773 1.2196754503133294 1.571981205023995
51 510 -0.5258149170642984 -0.09556974769617262 0.11071944462963139 0.49705967751981206 0.48351286806052 0.6244575370418349 0.6820100071452 0.8491715470512157 0.9666235973456104 1.0569428219490817 1.0861932166162773 1.2196754503133294 1.571981205023995
52 520 -0.5303116142081818 -0.08060714097645846 0.10280032381124474 0.5309014745096067 0.48351286806052 0.6244575370418349 0.6820100071452 0.8491715470512157 0.9666235973456104 1.0569428219490817 1.0861932166162773 1.2196754503133294 1.571981205023995
53 530 -0.5708453091273046 -0.08126067639466182 0.11440366544998223 0.48257325564927367 0.48351286806052 0.6244575370418349 0.6820100071452 0.8491715470512157 0.9666235973456104 1.0569428219490817 1.0861932166162773 1.2196754503133294 1.571981205023995
54 540 -0.5680838433690545 -0.09780929392961649 0.11166804612074072 0.47333013367311355 0.48351286806052 0.6244575370418349 0.6820100071452 0.8491715470512157 0.9666235973456104 1.0569428219490817 1.0861932166162773 1.2196754503133294 1.571981205023995
55 550 -0.5338896270856238 -0.08460641641046864 0.10783289979042293 0.49044369541506816 0.46271336056608187 0.5683227270814096 0.716325153882092 0.8776041411272913 0.9518862767239049 1.002647466963532 1.0788667520893218 1.3286738518583399 1.5293389974197662
56 560 -0.5326693704650908 -0.06910576210995514 0.0900766837966751 0.4916963538122171 0.46271336056608187 0.5683227270814096 0.716325153882092 0.8776041411272913 0.9518862767239049 1.002647466963532 1.0788667520893218 1.3286738518583399 1.5293389974197662
57 570 -0.5329998440092437 -0.08634893147197856 0.1069939014195194 0.508058275487684 0.46271336056608187 0.5683227270814096 0.716325153882092 0.8776041411272913 0.9518862767239049 1.002647466963532 1.0788667520893218 1.3286738518583399 1.5293389974197662
58 580 -0.5724472484726094 -0.10320819193209704 0.11619988357717409 0.500854632210562 0.46271336056608187 0.5683227270814096 0.716325153882092 0.8776041411272913 0.9518862767239049 1.002647466963532 1.0788667520893218 1.3286738518583399 1.5293389974197662
59 590 -0.6050882101582101 -0.12535413158539857 0.11053540591940048 0.5108231822502036 0.46271336056608187 0.5683227270814096 0.716325153882092 0.8776041411272913 0.9518862767239049 1.002647466963532 1.0788667520893218 1.3286738518583399 1.5293389974197662
60 600 -0.5995677405555032 -0.1393922242182599 0.1290297567634115 0.5496340801339447 0.46271336056608187 0.5683227270814096 0.716325153882092 0.8776041411272913 0.9518862767239049 1.002647466963532 1.0788667520893218 1.3286738518583399 1.5293389974197662
61 610 -0.585707164561114 -0.13935656086596016 0.12953634848384676 0.5310249946152 0.46271336056608187 0.5683227270814096 0.716325153882092 0.8776041411272913 0.9518862767239049 1.002647466963532 1.0788667520893218 1.3286738518583399 1.5293389974197662
62 620 -0.5926862065446554 -0.16021051830218408 0.11628036261296901 0.5339907082449211 0.46271336056608187 0.5683227270814096 0.716325153882092 0.8776041411272913 0.9518862767239049 1.002647466963532 1.0788667520893218 1.3286738518583399 1.5293389974197662
63 630 -0.5744012482092306 -0.1804850918655823 0.11025431156434241 0.5601199163210431 0.46271336056608187 0.5683227270814096 0.716325153882092 0.8776041411272913 0.9518862767239049 1.002647466963532 1.0788667520893218 1.3286738518583399 1.5293389974197662
64 640 -0.5595977504629165 -0.18286316536043287 0.1220108914605437 0.5756342915798749 0.46269986191240775 0.5311829672384711 0.740014587230526 0.8370376375647351 0.9546204839914788 1.029134822408313 1.0420430479489518 1.3283883190460526 1.5603242951328429
65 650 -0.5559567296083919 -0.16654565499217672 0.1224721295904965 0.5602611848494152 0.46269986191240775 0.5311829672384711 0.740014587230526 0.8370376375647351 0.9546204839914788 1.029134822408313 1.0420430479489518 1.3283883190460526 1.5603242951328429
66 660 -0.5700976378761439 -0.13706128546247623 0.12114002914642912 0.5554163210607358 0.46269986191240775 0.5311829672384711 0.740014587230526 0.8370376375647351 0.9546204839914788 1.029134822408313 1.0420430479489518 1.3283883190460526 1.5603242951328429
67 670 -0.5730204266040672 -0.14415903403069324 0.13210640173214466 0.5475131876106784 0.46269986191240775 0.5311829672384711 0.740014587230526 0.8370376375647351 0.9546204839914788 1.029134822408313 1.0420430479489518 1.3283883190460526 1.5603242951328429
68 680 -0.5529572104124102 -0.15510037114307118 0.14538117156100192 0.548131051196862 0.46269986191240775 0.5311829672384711 0.740014587230526 0.8370376375647351 0.9546204839914788 1.029134822408313 1.0420430479489518 1.3283883190460526 1.5603242951328429
69 690 -0.5604226082848035 -0.15363627199704694 0.14278242481979087 0.5397684679041481 0.46269986191240775 0.5311829672384711 0.740014587230526 0.8370376375647351 0.9546204839914788 1.029134822408313 1.0420430479489518 1.3283883190460526 1.5603242951328429
70 700 -0.5597530305521933 -0.16794795624148529 0.13257004342671283 0.549616518828058 0.46269986191240775 0.5311829672384711 0.740014587230526 0.8370376375647351 0.9546204839914788 1.029134822408313 1.0420430479489518 1.3283883190460526 1.5603242951328429
71 710 -0.5608223750689574 -0.1531710629076506 0.14633992077095623 0.5166609894848472 0.46269986191240775 0.5311829672384711 0.740014587230526 0.8370376375647351 0.9546204839914788 1.029134822408313 1.0420430479489518 1.3283883190460526 1.5603242951328429
72 720 -0.5560361247460893 -0.179133516488795 0.15729894697561064 0.540719416332283 0.46269986191240775 0.5311829672384711 0.740014587230526 0.8370376375647351 0.9546204839914788 1.029134822408313 1.0420430479489518 1.3283883190460526 1.5603242951328429
73 730 -0.5358112566669921 -0.18109249766188437 0.14866211950082076 0.5693912494007048 0.4743527816385205 0.5511015741711798 0.6767993778522484 0.8088218408331089 0.8900036998491367 0.9648163967059634 1.1149548063039787 1.39527259804111 1.5640138162386659
74 740 -0.5492147051753412 -0.21390223831885424 0.15894167995131042 0.5603319519697004 0.4743527816385205 0.5511015741711798 0.6767993778522484 0.8088218408331089 0.8900036998491367 0.9648163967059634 1.1149548063039787 1.39527259804111 1.5640138162386659
75 750 -0.55145510620683 -0.24567571444343125 0.14686296587171865 0.5614666163574679 0.4743527816385205 0.5511015741711798 0.6767993778522484 0.8088218408331089 0.8900036998491367 0.9648163967059634 1.1149548063039787 1.39527259804111 1.5640138162386659
76 760 -0.5736763356827299 -0.2570039539477461 0.13551174051025588 0.5557571905466353 0.4743527816385205 0.5511015741711798 0.6767993778522484 0.8088218408331089 0.8900036998491367 0.9648163967059634 1.1149548063039787 1.39527259804111 1.5640138162386659
77 770 -0.564626751230286 -0.24965401081859936 0.14143020786778027 0.5782161865878506 0.4743527816385205 0.5511015741711798 0.6767993778522484 0.8088218408331089 0.8900036998491367 0.9648163967059634 1.1149548063039787 1.39527259804111 1.5640138162386659
78 780 -0.564645816343484 -0.24139298831281913 0.14796056346602343 0.5750541992500762 0.4743527816385205 0.5511015741711798 0.6767993778522484 0.8088218408331089 0.8900036998491367 0.9648163967059634 1.1149548063039787 1.39527259804111 1.5640138162386659
79 790 -0.5567057055737704 -0.23724865032232628 0.13872978972668837 0.5792183568970394 0.4743527816385205 0.5511015741711798 0.6767993778522484 0.8088218408331089 0.8900036998491367 0.9648163967059634 1.1149548063039787 1.39527259804111 1.5640138162386659
80 800 -0.5684401314826703 -0.22247301001957873 0.1627586432226472 0.5671012243775878 0.4743527816385205 0.5511015741711798 0.6767993778522484 0.8088218408331089 0.8900036998491367 0.9648163967059634 1.1149548063039787 1.39527259804111 1.5640138162386659
81 810 -0.5471662485151692 -0.2435863497111619 0.14125802444536364 0.5721429462933441 0.4743527816385205 0.5511015741711798 0.6767993778522484 0.8088218408331089 0.8900036998491367 0.9648163967059634 1.1149548063039787 1.39527259804111 1.5640138162386659
82 820 -0.5384687201184521 -0.25913079658318083 0.14128672024849825 0.5598599445419058 0.45379331631784314 0.5486377336424343 0.6633866042266825 0.777545906483398 0.9278476657470064 0.9552766230576981 1.197957753013483 1.3543761994633297 1.5509727447192339
83 830 -0.5320664919971805 -0.265683762993018 0.14566725405163422 0.562070169639344 0.45379331631784314 0.5486377336424343 0.6633866042266825 0.777545906483398 0.9278476657470064 0.9552766230576981 1.197957753013483 1.3543761994633297 1.5509727447192339
84 840 -0.5477091882296722 -0.25687312565437703 0.16664635928093277 0.5616306457733897 0.45379331631784314 0.5486377336424343 0.6633866042266825 0.777545906483398 0.9278476657470064 0.9552766230576981 1.197957753013483 1.3543761994633297 1.5509727447192339
85 850 -0.5681011201108656 -0.2417270017863662 0.15900436447367358 0.5640325485094257 0.45379331631784314 0.5486377336424343 0.6633866042266825 0.777545906483398 0.9278476657470064 0.9552766230576981 1.197957753013483 1.3543761994633297 1.5509727447192339
86 860 -0.5880155377248698 -0.22115638166580448 0.16786865319474648 0.571341312075129 0.45379331631784314 0.5486377336424343 0.6633866042266825 0.777545906483398 0.9278476657470064 0.9552766230576981 1.197957753013483 1.3543761994633297 1.5509727447192339
87 870 -0.5786008896931363 -0.22852239371559996 0.16752940581395975 0.5606362627630161 0.45379331631784314 0.5486377336424343 0.6633866042266825 0.777545906483398 0.9278476657470064 0.9552766230576981 1.197957753013483 1.3543761994633297 1.5509727447192339
88 880 -0.5887071651697031 -0.24359302693955473 0.14441249564360026 0.5469553359012277 0.45379331631784314 0.5486377336424343 0.6633866042266825 0.777545906483398 0.9278476657470064 0.9552766230576981 1.197957753013483 1.3543761994633297 1.5509727447192339
89 890 -0.5986103814180777 -0.2323588740858563 0.16588293202193555 0.5156671181354376 0.45379331631784314 0.5486377336424343 0.6633866042266825 0.777545906483398 0.9278476657470064 0.9552766230576981 1.197957753013483 1.3543761994633297 1.5509727447192339
90 900 -0.6022497314089406 -0.21390683978318736 0.15214657376361906 0.5071750550509267 0.45379331631784314 0.5486377336424343 0.6633866042266825 0.777545906483398 0.9278476657470064 0.9552766230576981 1.197957753013483 1.3543761994633297 1.5509727447192339
91 910 -0.607785763268339 -0.20663659662937023 0.1437115520899152 0.5157169019966805 0.439629055054134 0.6259170053695201 0.7035799599889797 0.8143035319372695 0.8987008977191077 0.9725746477840168 1.124956391478121 1.3071386092699393 1.5903258214821578
92 920 -0.6170191004648958 -0.22593833384046902 0.13878490129525217 0.5155333487239969 0.439629055054134 0.6259170053695201 0.7035799599889797 0.8143035319372695 0.8987008977191077 0.9725746477840168 1.124956391478121 1.3071386092699393 1.5903258214821578
93 930 -0.6282679633316364 -0.23324832766053893 0.1574623138507774 0.5194297276413334 0.439629055054134 0.6259170053695201 0.7035799599889797 0.8143035319372695 0.8987008977191077 0.9725746477840168 1.124956391478121 1.3071386092699393 1.5903258214821578
94 940 -0.5943556046809765 -0.22893575262334886 0.17142756922099253 0.5206823247614255 0.439629055054134 0.6259170053695201 0.7035799599889797 0.8143035319372695 0.8987008977191077 0.9725746477840168 1.124956391478121 1.3071386092699393 1.5903258214821578
95 950 -0.5726966983265737 -0.20265814778147873 0.1494973562479361 0.5145431901766315 0.439629055054134 0.6259170053695201 0.7035799599889797 0.8143035319372695 0.8987008977191077 0.9725746477840168 1.124956391478121 1.3071386092699393 1.5903258214821578
96 960 -0.5743783086631588 -0.19317707716497648 0.1330833024437124 0.5525324257382178 0.439629055054134 0.6259170053695201 0.7035799599889797 0.8143035319372695 0.8987008977191077 0.9725746477840168 1.124956391478121 1.3071386092699393 1.5903258214821578
97 970 -0.5832869875532763 -0.19787672461211542 0.12421082658748941 0.5515052399495309 0.439629055054134 0.6259170053695201 0.7035799599889797 0.8143035319372695 0.8987008977191077 0.9725746477840168 1.124956391478121 1.3071386092699393 1.5903258214821578
98 980 -0.5765449175531518 -0.19119491948074957 0.10369764319801048 0.5704238068855397 0.439629055054134 0.6259170053695201 0.7035799599889797 0.8143035319372695 0.8987008977191077 0.9725746477840168 1.124956391478121 1.3071386092699393 1.5903258214821578
99 990 -0.5741406369043506 -0.19224074072466046 0.1179480195979078 0.5498366239341126 0.439629055054134 0.6259170053695201 0.7035799599889797 0.8143035319372695 0.8987008977191077 0.9725746477840168 1.124956391478121 1.3071386092699393 1.5903258214821578
100 1000 -0.5302138407085994 -0.19540074024204984 0.10844235573756741 0.5531856006025637 0.43131693218556405 0.6044700026421358 0.6530514961813234 0.8331695712609104 0.9668511652253444 0.99880934538085 1.1314000334895702 1.2654176848378922 1.5856117720859912
101 1010 -0.5575977968214835 -0.19200011582103138 0.14633462118415486 0.5473303118807159 0.43131693218556405 0.6044700026421358 0.6530514961813234 0.8331695712609104 0.9668511652253444 0.99880934538085 1.1314000334895702 1.2654176848378922 1.5856117720859912
102 1020 -0.5835535364143549 -0.19965297659277226 0.14320288602774478 0.5291825985919228 0.43131693218556405 0.6044700026421358 0.6530514961813234 0.8331695712609104 0.9668511652253444 0.99880934538085 1.1314000334895702 1.2654176848378922 1.5856117720859912
103 1030 -0.5970593711408778 -0.2051933215717246 0.16256101958529984 0.5262704264560094 0.43131693218556405 0.6044700026421358 0.6530514961813234 0.8331695712609104 0.9668511652253444 0.99880934538085 1.1314000334895702 1.2654176848378922 1.5856117720859912
104 1040 -0.5906762657673981 -0.19826441597776 0.15081136370287193 0.48463476550221773 0.43131693218556405 0.6044700026421358 0.6530514961813234 0.8331695712609104 0.9668511652253444 0.99880934538085 1.1314000334895702 1.2654176848378922 1.5856117720859912
105 1050 -0.6026091009574714 -0.19925816046291095 0.13145621520364922 0.5049652414097876 0.43131693218556405 0.6044700026421358 0.6530514961813234 0.8331695712609104 0.9668511652253444 0.99880934538085 1.1314000334895702 1.2654176848378922 1.5856117720859912
106 1060 -0.6180916247607258 -0.1959892396667472 0.15128182696491999 0.49703799577405067 0.43131693218556405 0.6044700026421358 0.6530514961813234 0.8331695712609104 0.9668511652253444 0.99880934538085 1.1314000334895702 1.2654176848378922 1.5856117720859912
107 1070 -0.6239653213064656 -0.19620419877543344 0.15966696258672977 0.48344047619827474 0.43131693218556405 0.6044700026421358 0.6530514961813234 0.8331695712609104 0.9668511652253444 0.99880934538085 1.1314000334895702 1.2654176848378922 1.5856117720859912
108 1080 -0.6300011706534397 -0.1676998809878622 0.158119612688625 0.45322100501256285 0.43131693218556405 0.6044700026421358 0.6530514961813234 0.8331695712609104 0.9668511652253444 0.99880934538085 1.1314000334895702 1.2654176848378922 1.5856117720859912
109 1090 -0.6498181884268439 -0.15072360899708515 0.18418840672377654 0.45329798762967527 0.40504419281257664 0.5350618332097281 0.6025384921550445 0.8144454228235772 0.882567282220988 1.0005680071366223 1.1935063345926926 1.3089285741708647 1.6141441471188853
110 1100 -0.6348959525830767 -0.16715942411749618 0.1747475078274364 0.471554982918117 0.40504419281257664 0.5350618332097281 0.6025384921550445 0.8144454228235772 0.882567282220988 1.0005680071366223 1.1935063345926926 1.3089285741708647 1.6141441471188853
111 1110 -0.6336942717450781 -0.17116301284637048 0.16942080494662726 0.5056420867048487 0.40504419281257664 0.5350618332097281 0.6025384921550445 0.8144454228235772 0.882567282220988 1.0005680071366223 1.1935063345926926 1.3089285741708647 1.6141441471188853
112 1120 -0.627046181206838 -0.1767963088979001 0.16433881682127055 0.51376260942401 0.40504419281257664 0.5350618332097281 0.6025384921550445 0.8144454228235772 0.882567282220988 1.0005680071366223 1.1935063345926926 1.3089285741708647 1.6141441471188853
113 1130 -0.6463056561997625 -0.16332072565645664 0.16470636348520304 0.5461645009358568 0.40504419281257664 0.5350618332097281 0.6025384921550445 0.8144454228235772 0.882567282220988 1.0005680071366223 1.1935063345926926 1.3089285741708647 1.6141441471188853
114 1140 -0.6232764767135135 -0.17467063406943076 0.1513331069485634 0.5599798982166229 0.40504419281257664 0.5350618332097281 0.6025384921550445 0.8144454228235772 0.882567282220988 1.0005680071366223 1.1935063345926926 1.3089285741708647 1.6141441471188853
115 1150 -0.6248845961870411 -0.1598436587134146 0.14699099347120537 0.5430548201642336 0.40504419281257664 0.5350618332097281 0.6025384921550445 0.8144454228235772 0.882567282220988 1.0005680071366223 1.1935063345926926 1.3089285741708647 1.6141441471188853
116 1160 -0.619310910716267 -0.18333053759981105 0.1570967022823872 0.5535783561204558 0.40504419281257664 0.5350618332097281 0.6025384921550445 0.8144454228235772 0.882567282220988 1.0005680071366223 1.1935063345926926 1.3089285741708647 1.6141441471188853
117 1170 -0.6179897686713672 -0.16646795589837574 0.15414461186551218 0.5602722009879579 0.40504419281257664 0.5350618332097281 0.6025384921550445 0.8144454228235772 0.882567282220988 1.0005680071366223 1.1935063345926926 1.3089285741708647 1.6141441471188853
118 1180 -0.5916378409903017 -0.15815848494829723 0.14609653171492254 0.5751344253531081 0.3350467347124319 0.5261179737937509 0.5949288420713276 0.8304013480072783 0.9162934164538349 0.976207949934253 1.1242711818441955 1.4300291138996946 1.570315985345463
119 1190 -0.580717713286465 -0.2001103374898601 0.1566270006972783 0.5843174255144944 0.3350467347124319 0.5261179737937509 0.5949288420713276 0.8304013480072783 0.9162934164538349 0.976207949934253 1.1242711818441955 1.4300291138996946 1.570315985345463
120 1200 -0.56607470637189 -0.17043140479281105 0.15432936976283826 0.5621716832621431 0.3350467347124319 0.5261179737937509 0.5949288420713276 0.8304013480072783 0.9162934164538349 0.976207949934253 1.1242711818441955 1.4300291138996946 1.570315985345463
121 1210 -0.5793931393685876 -0.1720718688136808 0.15496917444654518 0.5541327710623256 0.3350467347124319 0.5261179737937509 0.5949288420713276 0.8304013480072783 0.9162934164538349 0.976207949934253 1.1242711818441955 1.4300291138996946 1.570315985345463
122 1220 -0.6169547277186699 -0.21200580531139812 0.14247056225829052 0.5917108899302034 0.3350467347124319 0.5261179737937509 0.5949288420713276 0.8304013480072783 0.9162934164538349 0.976207949934253 1.1242711818441955 1.4300291138996946 1.570315985345463
123 1230 -0.6152697033307802 -0.2234184110643198 0.15871593684281365 0.6090872734056217 0.3350467347124319 0.5261179737937509 0.5949288420713276 0.8304013480072783 0.9162934164538349 0.976207949934253 1.1242711818441955 1.4300291138996946 1.570315985345463
124 1240 -0.6393207908253938 -0.23293671652765852 0.18781410313610183 0.6336846413156195 0.3350467347124319 0.5261179737937509 0.5949288420713276 0.8304013480072783 0.9162934164538349 0.976207949934253 1.1242711818441955 1.4300291138996946 1.570315985345463
125 1250 -0.6927328280344753 -0.276294082397715 0.19097878690916675 0.6471545040652623 0.3350467347124319 0.5261179737937509 0.5949288420713276 0.8304013480072783 0.9162934164538349 0.976207949934253 1.1242711818441955 1.4300291138996946 1.570315985345463
126 1260 -0.7126263134901067 -0.2612892268697484 0.20753055622147873 0.6692028549120106 0.3350467347124319 0.5261179737937509 0.5949288420713276 0.8304013480072783 0.9162934164538349 0.976207949934253 1.1242711818441955 1.4300291138996946 1.570315985345463
127 1270 -0.7329552862502263 -0.28373914714253506 0.17357134886184244 0.6972013591357822 0.3481469333674908 0.46642998588510903 0.507634622857132 0.662853575090397 0.8780175510057212 0.9494897830779635 0.9890863093295449 1.3173352585861002 1.891575911735988
128 1280 -0.7348078549346462 -0.29643924534062976 0.16092599597994367 0.7018597900411483 0.3481469333674908 0.46642998588510903 0.507634622857132 0.662853575090397 0.8780175510057212 0.9494897830779635 0.9890863093295449 1.3173352585861002 1.891575911735988
129 1290 -0.6842459448742091 -0.33367748026300825 0.1713226206971123 0.7090197559616356 0.3481469333674908 0.46642998588510903 0.507634622857132 0.662853575090397 0.8780175510057212 0.9494897830779635 0.9890863093295449 1.3173352585861002 1.891575911735988
130 1300 -0.6704491889159494 -0.3362164189122112 0.1258369599904174 0.7004231621081409 0.3481469333674908 0.46642998588510903 0.507634622857132 0.662853575090397 0.8780175510057212 0.9494897830779635 0.9890863093295449 1.3173352585861002 1.891575911735988
131 1310 -0.6679790853989079 -0.3520246076518474 0.12593200530492327 0.7022693375938909 0.3481469333674908 0.46642998588510903 0.507634622857132 0.662853575090397 0.8780175510057212 0.9494897830779635 0.9890863093295449 1.3173352585861002 1.891575911735988
132 1320 -0.6666549773972452 -0.34362221961260275 0.11729736019515821 0.6816972553826703 0.3481469333674908 0.46642998588510903 0.507634622857132 0.662853575090397 0.8780175510057212 0.9494897830779635 0.9890863093295449 1.3173352585861002 1.891575911735988
133 1330 -0.6738476472857121 -0.343908076026203 0.12105861957398888 0.6935263326760642 0.3481469333674908 0.46642998588510903 0.507634622857132 0.662853575090397 0.8780175510057212 0.9494897830779635 0.9890863093295449 1.3173352585861002 1.891575911735988
134 1340 -0.6735279516318985 -0.34741003376769775 0.11588889092111118 0.7177495365772868 0.3481469333674908 0.46642998588510903 0.507634622857132 0.662853575090397 0.8780175510057212 0.9494897830779635 0.9890863093295449 1.3173352585861002 1.891575911735988
135 1350 -0.6845294958483256 -0.35255303722856035 0.11833397758641141 0.7404625891040474 0.3481469333674908 0.46642998588510903 0.507634622857132 0.662853575090397 0.8780175510057212 0.9494897830779635 0.9890863093295449 1.3173352585861002 1.891575911735988
136 1360 -0.6764376656834277 -0.3381660790415333 0.14012274628930138 0.726522842380967 0.37220725332821775 0.43950718338988765 0.5086628052164381 0.6513521479804977 0.8869148342500294 0.9408521775378144 1.0153930875325423 1.2145108813877301 1.9512604079980231
137 1370 -0.7612674568412422 -0.3229229613089779 0.15756173534715306 0.7439260115312287 0.37220725332821775 0.43950718338988765 0.5086628052164381 0.6513521479804977 0.8869148342500294 0.9408521775378144 1.0153930875325423 1.2145108813877301 1.9512604079980231
138 1380 -0.7687026246083273 -0.3016077821200046 0.146391902109541 0.7503007097663656 0.37220725332821775 0.43950718338988765 0.5086628052164381 0.6513521479804977 0.8869148342500294 0.9408521775378144 1.0153930875325423 1.2145108813877301 1.9512604079980231
139 1390 -0.7646771617019288 -0.278569543985189 0.155094040509693 0.767534523959231 0.37220725332821775 0.43950718338988765 0.5086628052164381 0.6513521479804977 0.8869148342500294 0.9408521775378144 1.0153930875325423 1.2145108813877301 1.9512604079980231
140 1400 -0.7729197016868299 -0.26017735979144974 0.17462907117669463 0.7688027581320729 0.37220725332821775 0.43950718338988765 0.5086628052164381 0.6513521479804977 0.8869148342500294 0.9408521775378144 1.0153930875325423 1.2145108813877301 1.9512604079980231
141 1410 -0.7811056804751363 -0.2706516033896053 0.19162533354755804 0.7744218016052828 0.37220725332821775 0.43950718338988765 0.5086628052164381 0.6513521479804977 0.8869148342500294 0.9408521775378144 1.0153930875325423 1.2145108813877301 1.9512604079980231
142 1420 -0.7759942499547807 -0.28685250733736345 0.1701219170523402 0.7624809724711922 0.37220725332821775 0.43950718338988765 0.5086628052164381 0.6513521479804977 0.8869148342500294 0.9408521775378144 1.0153930875325423 1.2145108813877301 1.9512604079980231
143 1430 -0.7740776411114416 -0.2978757863426982 0.16226692737987558 0.7641983263781995 0.37220725332821775 0.43950718338988765 0.5086628052164381 0.6513521479804977 0.8869148342500294 0.9408521775378144 1.0153930875325423 1.2145108813877301 1.9512604079980231
144 1440 -0.7728042093748766 -0.2858987196048206 0.1859414824005806 0.7495965463785923 0.37220725332821775 0.43950718338988765 0.5086628052164381 0.6513521479804977 0.8869148342500294 0.9408521775378144 1.0153930875325423 1.2145108813877301 1.9512604079980231
145 1450 -0.7641913890228417 -0.2881697649119437 0.17429492873110475 0.7417860166125341 0.3482826923448699 0.43301085814792584 0.5094169421155211 0.6504516444150779 0.9221954537492308 0.9583601652283575 1.0952501397421222 1.2545483714809857 1.8617853404996487
146 1460 -0.8046184719076509 -0.3302967690461662 0.2479862747794215 0.7796752093352031 0.3482826923448699 0.43301085814792584 0.5094169421155211 0.6504516444150779 0.9221954537492308 0.9583601652283575 1.0952501397421222 1.2545483714809857 1.8617853404996487
147 1470 -0.8176986769933423 -0.3486099561499779 0.2531617640866489 0.8089973069320472 0.3482826923448699 0.43301085814792584 0.5094169421155211 0.6504516444150779 0.9221954537492308 0.9583601652283575 1.0952501397421222 1.2545483714809857 1.8617853404996487
148 1480 -0.8096987080239493 -0.33523984190416994 0.24989160716125366 0.8044405718858244 0.3482826923448699 0.43301085814792584 0.5094169421155211 0.6504516444150779 0.9221954537492308 0.9583601652283575 1.0952501397421222 1.2545483714809857 1.8617853404996487
149 1490 -0.810460906137316 -0.32571228567534904 0.2507172534866478 0.8001582353869768 0.3482826923448699 0.43301085814792584 0.5094169421155211 0.6504516444150779 0.9221954537492308 0.9583601652283575 1.0952501397421222 1.2545483714809857 1.8617853404996487
150 1500 -0.7945072915938309 -0.32089710589927367 0.258133403827032 0.7824687753966422 0.3482826923448699 0.43301085814792584 0.5094169421155211 0.6504516444150779 0.9221954537492308 0.9583601652283575 1.0952501397421222 1.2545483714809857 1.8617853404996487
151 1510 -0.7893852892100351 -0.2971149384030931 0.25921499158868627 0.7744048356104387 0.3482826923448699 0.43301085814792584 0.5094169421155211 0.6504516444150779 0.9221954537492308 0.9583601652283575 1.0952501397421222 1.2545483714809857 1.8617853404996487
152 1520 -0.7912611305760324 -0.2878474260389249 0.25595791043927696 0.7668025845918203 0.3482826923448699 0.43301085814792584 0.5094169421155211 0.6504516444150779 0.9221954537492308 0.9583601652283575 1.0952501397421222 1.2545483714809857 1.8617853404996487
153 1530 -0.7662583192106536 -0.24940971224767436 0.26156117756466013 0.7391144606745617 0.3482826923448699 0.43301085814792584 0.5094169421155211 0.6504516444150779 0.9221954537492308 0.9583601652283575 1.0952501397421222 1.2545483714809857 1.8617853404996487
154 1540 -0.7388816885483417 -0.20097730150508394 0.2160276715975002 0.7019782331812648 0.35619652194775786 0.37111492153153647 0.4781250514856517 0.6616049291062687 0.8809478833380036 0.9089923311366029 1.1701940555510255 1.3184352650174735 1.8327878215389743
155 1550 -0.7227058869056563 -0.18486211619884935 0.23434241796192362 0.6835369085354666 0.35619652194775786 0.37111492153153647 0.4781250514856517 0.6616049291062687 0.8809478833380036 0.9089923311366029 1.1701940555510255 1.3184352650174735 1.8327878215389743
156 1560 -0.7064690641136205 -0.1900923139097927 0.2325962677562667 0.6742556178568062 0.35619652194775786 0.37111492153153647 0.4781250514856517 0.6616049291062687 0.8809478833380036 0.9089923311366029 1.1701940555510255 1.3184352650174735 1.8327878215389743
157 1570 -0.6971894706072759 -0.2160562264843272 0.22386334319974574 0.6680276140559666 0.35619652194775786 0.37111492153153647 0.4781250514856517 0.6616049291062687 0.8809478833380036 0.9089923311366029 1.1701940555510255 1.3184352650174735 1.8327878215389743
158 1580 -0.6783833363118433 -0.2393905017093903 0.2422393188603753 0.6405179301574053 0.35619652194775786 0.37111492153153647 0.4781250514856517 0.6616049291062687 0.8809478833380036 0.9089923311366029 1.1701940555510255 1.3184352650174735 1.8327878215389743
159 1590 -0.6516242956962764 -0.23609155347572006 0.2426522361256217 0.6243007136518999 0.35619652194775786 0.37111492153153647 0.4781250514856517 0.6616049291062687 0.8809478833380036 0.9089923311366029 1.1701940555510255 1.3184352650174735 1.8327878215389743
160 1600 -0.627281198432899 -0.24494991317133286 0.2446152179443195 0.6295901311127367 0.35619652194775786 0.37111492153153647 0.4781250514856517 0.6616049291062687 0.8809478833380036 0.9089923311366029 1.1701940555510255 1.3184352650174735 1.8327878215389743
161 1610 -0.6371501516997136 -0.2349581189508005 0.25839341938275073 0.6234073776815545 0.35619652194775786 0.37111492153153647 0.4781250514856517 0.6616049291062687 0.8809478833380036 0.9089923311366029 1.1701940555510255 1.3184352650174735 1.8327878215389743
162 1620 -0.604395639879396 -0.19747818679062168 0.23234913839778265 0.5999754245492185 0.35619652194775786 0.37111492153153647 0.4781250514856517 0.6616049291062687 0.8809478833380036 0.9089923311366029 1.1701940555510255 1.3184352650174735 1.8327878215389743
163 1630 -0.6007217016102777 -0.1904622099361108 0.22484911605912763 0.5780659481798118 0.35492419725397495 0.40105788232623113 0.5776097843007237 0.7495725126830898 0.7943579974172218 0.8563359922602359 1.3512968270378716 1.4074832329393723 1.62676404222264
164 1640 -0.614385400009915 -0.18719833239314065 0.2288632695087274 0.5662618018256438 0.35492419725397495 0.40105788232623113 0.5776097843007237 0.7495725126830898 0.7943579974172218 0.8563359922602359 1.3512968270378716 1.4074832329393723 1.62676404222264
165 1650 -0.6139525056170265 -0.19928980473454433 0.24047273866113922 0.5763780221822982 0.35492419725397495 0.40105788232623113 0.5776097843007237 0.7495725126830898 0.7943579974172218 0.8563359922602359 1.3512968270378716 1.4074832329393723 1.62676404222264
166 1660 -0.6009857436691195 -0.2155273957223055 0.25311526793421696 0.5925368938082957 0.35492419725397495 0.40105788232623113 0.5776097843007237 0.7495725126830898 0.7943579974172218 0.8563359922602359 1.3512968270378716 1.4074832329393723 1.62676404222264
167 1670 -0.6619611065162987 -0.20139654616593228 0.273885676798859 0.6153674078435781 0.35492419725397495 0.40105788232623113 0.5776097843007237 0.7495725126830898 0.7943579974172218 0.8563359922602359 1.3512968270378716 1.4074832329393723 1.62676404222264
168 1680 -0.6999981772306068 -0.1956581972624019 0.28794237380190646 0.614137640010161 0.35492419725397495 0.40105788232623113 0.5776097843007237 0.7495725126830898 0.7943579974172218 0.8563359922602359 1.3512968270378716 1.4074832329393723 1.62676404222264
169 1690 -0.7067216993708245 -0.21168677073213998 0.2916441625046837 0.653425355277932 0.35492419725397495 0.40105788232623113 0.5776097843007237 0.7495725126830898 0.7943579974172218 0.8563359922602359 1.3512968270378716 1.4074832329393723 1.62676404222264
170 1700 -0.7048339055101849 -0.23557143727482754 0.2990002410049816 0.652873844118807 0.35492419725397495 0.40105788232623113 0.5776097843007237 0.7495725126830898 0.7943579974172218 0.8563359922602359 1.3512968270378716 1.4074832329393723 1.62676404222264
171 1710 -0.6905262412784515 -0.23127194515178423 0.3068873836487004 0.6713657850727648 0.35492419725397495 0.40105788232623113 0.5776097843007237 0.7495725126830898 0.7943579974172218 0.8563359922602359 1.3512968270378716 1.4074832329393723 1.62676404222264
172 1720 -0.7119487821071865 -0.21884923550937746 0.31341498644782984 0.6707771699984809 0.2885202892854422 0.35606613232398876 0.5408104366118428 0.6529620958410637 0.7371618092251981 0.8506361620474171 1.2686646803001207 1.340539862819643 1.8432555213850823
173 1730 -0.7183806874688454 -0.22436283208502972 0.3128946471325853 0.6773281709791994 0.2885202892854422 0.35606613232398876 0.5408104366118428 0.6529620958410637 0.7371618092251981 0.8506361620474171 1.2686646803001207 1.340539862819643 1.8432555213850823
174 1740 -0.7089895562883347 -0.22320071108321415 0.29070510710382336 0.6527891907299879 0.2885202892854422 0.35606613232398876 0.5408104366118428 0.6529620958410637 0.7371618092251981 0.8506361620474171 1.2686646803001207 1.340539862819643 1.8432555213850823
175 1750 -0.7110778491237555 -0.21944299577400742 0.2911703158250576 0.6491578930757129 0.2885202892854422 0.35606613232398876 0.5408104366118428 0.6529620958410637 0.7371618092251981 0.8506361620474171 1.2686646803001207 1.340539862819643 1.8432555213850823
176 1760 -0.7104723453733442 -0.21689182645948454 0.2842822329729573 0.6336904039612657 0.2885202892854422 0.35606613232398876 0.5408104366118428 0.6529620958410637 0.7371618092251981 0.8506361620474171 1.2686646803001207 1.340539862819643 1.8432555213850823
177 1770 -0.7147242611829037 -0.2187874484056695 0.2549430300616521 0.6379037073595419 0.2885202892854422 0.35606613232398876 0.5408104366118428 0.6529620958410637 0.7371618092251981 0.8506361620474171 1.2686646803001207 1.340539862819643 1.8432555213850823
178 1780 -0.7147636947290481 -0.2171925195112932 0.26114039711671816 0.6315889451955109 0.2885202892854422 0.35606613232398876 0.5408104366118428 0.6529620958410637 0.7371618092251981 0.8506361620474171 1.2686646803001207 1.340539862819643 1.8432555213850823
179 1790 -0.7367351687804424 -0.21925217556582563 0.25842586731799866 0.622533972469881 0.2885202892854422 0.35606613232398876 0.5408104366118428 0.6529620958410637 0.7371618092251981 0.8506361620474171 1.2686646803001207 1.340539862819643 1.8432555213850823
180 1800 -0.7356231284410696 -0.23263384326438255 0.24780848340577727 0.6219838676327442 0.2885202892854422 0.35606613232398876 0.5408104366118428 0.6529620958410637 0.7371618092251981 0.8506361620474171 1.2686646803001207 1.340539862819643 1.8432555213850823
181 1810 -0.7441143287347087 -0.24922270081591993 0.2389184598345899 0.5955257337111902 0.3074781884471418 0.40858260532132984 0.5084575926365662 0.7165423102658282 0.7547931777715831 0.9552126105344286 1.2565199357753567 1.3111432697805259 1.7850693311244352
182 1820 -0.7523105859514212 -0.25519879622233654 0.2658631820576236 0.6089256515453707 0.3074781884471418 0.40858260532132984 0.5084575926365662 0.7165423102658282 0.7547931777715831 0.9552126105344286 1.2565199357753567 1.3111432697805259 1.7850693311244352
183 1830 -0.7545149371123604 -0.27299317217446994 0.24992531003252638 0.6013208543698406 0.3074781884471418 0.40858260532132984 0.5084575926365662 0.7165423102658282 0.7547931777715831 0.9552126105344286 1.2565199357753567 1.3111432697805259 1.7850693311244352
184 1840 -0.7471037173519536 -0.2637268440851255 0.2520906207689715 0.5808560211697036 0.3074781884471418 0.40858260532132984 0.5084575926365662 0.7165423102658282 0.7547931777715831 0.9552126105344286 1.2565199357753567 1.3111432697805259 1.7850693311244352
185 1850 -0.7464382587592375 -0.31281928044915597 0.24278867952519367 0.5654377880817871 0.3074781884471418 0.40858260532132984 0.5084575926365662 0.7165423102658282 0.7547931777715831 0.9552126105344286 1.2565199357753567 1.3111432697805259 1.7850693311244352
186 1860 -0.7474998819094231 -0.29713522485109845 0.23405187609717626 0.5576250113612152 0.3074781884471418 0.40858260532132984 0.5084575926365662 0.7165423102658282 0.7547931777715831 0.9552126105344286 1.2565199357753567 1.3111432697805259 1.7850693311244352
187 1870 -0.7586470977757471 -0.2621973849492091 0.23752711493381953 0.5811691516294465 0.3074781884471418 0.40858260532132984 0.5084575926365662 0.7165423102658282 0.7547931777715831 0.9552126105344286 1.2565199357753567 1.3111432697805259 1.7850693311244352
188 1880 -0.752596590674126 -0.24056933134486763 0.23381131842340436 0.5824316286784245 0.3074781884471418 0.40858260532132984 0.5084575926365662 0.7165423102658282 0.7547931777715831 0.9552126105344286 1.2565199357753567 1.3111432697805259 1.7850693311244352
189 1890 -0.7645197265404116 -0.261951839429938 0.2373199343268969 0.5887329552977486 0.3074781884471418 0.40858260532132984 0.5084575926365662 0.7165423102658282 0.7547931777715831 0.9552126105344286 1.2565199357753567 1.3111432697805259 1.7850693311244352
190 1900 -0.7767156452774993 -0.22053524855685191 0.2594665314108114 0.589892915621397 0.26949516429456344 0.3960743382536143 0.45666136935455404 0.6891211690214208 0.8312252353966979 1.0713786247388155 1.2254818054113406 1.2713655796140793 1.7692106265833258
191 1910 -0.7773137630936071 -0.24665452945266175 0.24402454421236036 0.5847171737455091 0.26949516429456344 0.3960743382536143 0.45666136935455404 0.6891211690214208 0.8312252353966979 1.0713786247388155 1.2254818054113406 1.2713655796140793 1.7692106265833258
192 1920 -0.7629219297739248 -0.22491002329648419 0.2551001113284873 0.5856725209455445 0.26949516429456344 0.3960743382536143 0.45666136935455404 0.6891211690214208 0.8312252353966979 1.0713786247388155 1.2254818054113406 1.2713655796140793 1.7692106265833258
193 1930 -0.7663245736067325 -0.22610406557806645 0.24162683715486874 0.5975840474446942 0.26949516429456344 0.3960743382536143 0.45666136935455404 0.6891211690214208 0.8312252353966979 1.0713786247388155 1.2254818054113406 1.2713655796140793 1.7692106265833258
194 1940 -0.7691973169809208 -0.19239803439392716 0.23505546512530356 0.5813379534918285 0.26949516429456344 0.3960743382536143 0.45666136935455404 0.6891211690214208 0.8312252353966979 1.0713786247388155 1.2254818054113406 1.2713655796140793 1.7692106265833258
195 1950 -0.777503321086595 -0.20023942852169613 0.2416639679718518 0.5878910445640483 0.26949516429456344 0.3960743382536143 0.45666136935455404 0.6891211690214208 0.8312252353966979 1.0713786247388155 1.2254818054113406 1.2713655796140793 1.7692106265833258
196 1960 -0.776307531301535 -0.18166869088012 0.25062011940092416 0.5940151906658833 0.26949516429456344 0.3960743382536143 0.45666136935455404 0.6891211690214208 0.8312252353966979 1.0713786247388155 1.2254818054113406 1.2713655796140793 1.7692106265833258
197 1970 -0.760655383988693 -0.20298343766421373 0.25608786880316936 0.5711858072052377 0.26949516429456344 0.3960743382536143 0.45666136935455404 0.6891211690214208 0.8312252353966979 1.0713786247388155 1.2254818054113406 1.2713655796140793 1.7692106265833258
198 1980 -0.7597058049323092 -0.24447920836906872 0.2372401551180589 0.5804802305017108 0.26949516429456344 0.3960743382536143 0.45666136935455404 0.6891211690214208 0.8312252353966979 1.0713786247388155 1.2254818054113406 1.2713655796140793 1.7692106265833258
199 1990 -0.7630488289679744 -0.21108657561883976 0.22544765085540586 0.6004296010704396 0.2712117416459007 0.3772799008442968 0.47424840554763287 0.5637813959361124 0.8410039358843879 1.0921009249941527 1.2489523411601025 1.290922388331895 1.7649386508636027
200 2000 -0.7631293616719851 -0.22360942894286917 0.23105738661842223 0.6203375082584435 0.2712117416459007 0.3772799008442968 0.47424840554763287 0.5637813959361124 0.8410039358843879 1.0921009249941527 1.2489523411601025 1.290922388331895 1.7649386508636027
