% # columns="iteration, evaluation, sigma, void, void,  stds==sigma*sqrt(diag(C))", seed=102338, Tue Feb 21 18:30:04 2023, <python>{}</python>
1 10 0.0939388323910715 0 0 0.09160511260121465 0.09463798849619257 0.09449119875239283 0.09294054262309707 0.0917460985489633 0.09226260581852605 0.094627290177789 0.0944751015772114 0.09378448589015785
2 20 0.09370330048561867 0 0 0.08910362013759947 0.09517735608929591 0.0939333411245845 0.09620156147644082 0.09308314306737007 0.09057473635345271 0.094928992328747 0.09387433868814274 0.0900121085669269
3 30 0.09253833838573755 0 0 0.08825003443568864 0.09241026532659984 0.09334110946376824 0.09475262832422217 0.09093634739297014 0.08943399170942944 0.09662266101622806 0.08945684561974532 0.08709475939631192
4 40 0.0980255075197634 0 0 0.09463728687901447 0.09856969014227801 0.10089059890471931 0.09799311937965136 0.09506806736157764 0.0946819938939539 0.10603388697858962 0.0950076974910553 0.09115231565688807
5 50 0.10398447517535797 0 0 0.10210912633870074 0.10615867150327275 0.10968905400452866 0.1014099788057809 0.09908855313072439 0.09742894757979308 0.11151224865167707 0.10323089987782792 0.09776730988196176
6 60 0.11220042045991492 0 0 0.1097828232890354 0.1179133666346653 0.1221207723549604 0.10784771104928223 0.10712282135100577 0.10688761173684308 0.12068489924330433 0.11176415881274657 0.10388126606160243
7 70 0.11154964021773332 0 0 0.10691436120201775 0.1193683992609127 0.12062415863402015 0.10152376563827689 0.10476425157804407 0.1097350829026027 0.12279185400482445 0.11361585375897988 0.10203047973045334
8 80 0.11406217904632938 0 0 0.1081807514636995 0.12075784343260079 0.1225433225721132 0.1015165354113318 0.11397269161004842 0.10804311790589896 0.12861499916002886 0.11288759323749746 0.10274619462725072
9 90 0.11169866281345486 0 0 0.10492265121923933 0.11637453769101858 0.11877432145498487 0.0988348958133159 0.112353667278839 0.10714512273261247 0.12250554839850723 0.11091897328904297 0.09870351918405124
10 100 0.11194503791699997 0 0 0.10576222899683559 0.1138355035928976 0.11875079394142023 0.09810840495324949 0.11322626775895515 0.10455302702347341 0.12396691208869147 0.11507828541136486 0.10125585232920835
11 110 0.11210128488819675 0 0 0.10465894565531322 0.11345802374278219 0.11653127483015865 0.09669748085401048 0.1137993159386621 0.10442054370737529 0.12090494848346899 0.1174369958417249 0.10880377881499366
12 120 0.12380198351788245 0 0 0.11173654972692056 0.12529321520319386 0.13049645696308979 0.10331569915804432 0.12577325198061048 0.11662716336344464 0.13313323088360704 0.14053323198745873 0.12464890454141611
13 130 0.13045179523717595 0 0 0.1210006313585042 0.13374512147360784 0.1372518622114143 0.10284227436947985 0.13353422269994253 0.1185563853724117 0.14417016898558657 0.15450279712162676 0.13161312045973614
14 140 0.13762411424760465 0 0 0.12793466447583746 0.14431155721423372 0.14226876775351543 0.10299501224627954 0.14311897303173823 0.12675181944398325 0.15113912544771904 0.16693157949996174 0.1405400045004409
15 150 0.1414422721799489 0 0 0.13340529723967154 0.1491448125414229 0.14480338615536179 0.10368942357229044 0.1471265913798594 0.13092787680020165 0.15311780162219124 0.17489406321525455 0.1439307351641161
16 160 0.14234196233154606 0 0 0.13618103243861648 0.14929302165279004 0.1439208281726772 0.09945924196599563 0.1471953308426913 0.1279301831923158 0.15449883965084868 0.1833433428690891 0.14464820239202236
17 170 0.14878971479727193 0 0 0.13805828581988167 0.1556756380923711 0.1517209086617935 0.10184943182182365 0.15531693841342922 0.13665461049909775 0.16117887139622608 0.1909450948443187 0.148933079762029
18 180 0.15745443154318267 0 0 0.1423971709005798 0.16187917683583214 0.16163149276494113 0.10244244425887838 0.17801485206547543 0.1458641732025717 0.17202475454031368 0.2019657895493946 0.15582069407336602
19 190 0.15913720396929817 0 0 0.1456425729825111 0.165075904385157 0.1606028274929166 0.0959824961762475 0.1874449263198432 0.1451522201515634 0.1741472119811198 0.20201397508585853 0.15890750122610764
20 200 0.16192439278167867 0 0 0.15142181030525098 0.16462975762545495 0.1630626091840762 0.09551057671738264 0.19217395250195426 0.14683147879264122 0.193061595902244 0.20416761649694765 0.15637061171106975
21 210 0.14662524852174377 0 0 0.1373430854970412 0.14926854883673207 0.1426572742153503 0.0852806918605937 0.1743902979675598 0.128939900359797 0.1743166458574156 0.184466082250009 0.1395590999060554
22 220 0.13883954798286394 0 0 0.13239828487450303 0.14102187349051518 0.13132307670394897 0.08042001764337622 0.16893884241302007 0.12233162960844157 0.1611048814000117 0.17147148884675936 0.1284808813122983
23 230 0.13123583750179824 0 0 0.12335923865646245 0.13780619125210508 0.12006530137080601 0.07585826530878306 0.1598365771024607 0.11560987437546966 0.15696543915415692 0.15591693101630166 0.12149914684039895
24 240 0.1306886640544136 0 0 0.12017006163971584 0.1372256351695799 0.11790490758386685 0.07184875023826501 0.15490173514052305 0.11441554131676748 0.15676264650411784 0.1653956168350454 0.12075774405215532
25 250 0.12684301045441834 0 0 0.11743140360783914 0.13258457581792835 0.11444852132230081 0.06904212171570882 0.14454150442445127 0.10982863457850754 0.14795172831848497 0.16304916498029604 0.11385109411806534
26 260 0.12684411323524658 0 0 0.11610783461636497 0.1307019374775027 0.11427690995571753 0.0668260503283329 0.14342858699162367 0.10999447090897432 0.14762035631956455 0.1676886690440502 0.1157907686473951
27 270 0.11868015360104679 0 0 0.10745826418100554 0.1200952598310494 0.10739899268804745 0.05882683296343012 0.13256182888365567 0.10113362673236052 0.1373236327840443 0.15939681295574365 0.11021412356662094
28 280 0.11446585556337098 0 0 0.1045852628515941 0.11146140067424576 0.10454839869563497 0.0550520863081078 0.12711671162292376 0.0994730069729647 0.13421662913042348 0.1543667586134731 0.10583238013014082
29 290 0.10665885297200405 0 0 0.097949255012822 0.10260405583884324 0.09714413119355138 0.05103327999868878 0.11404341516404516 0.09116189307984787 0.12443288488127885 0.14373468347491092 0.10034476419791304
30 300 0.10533004088528426 0 0 0.09661133457478423 0.10222783576567532 0.09189517173419304 0.049701830973057554 0.11101203637208013 0.0892522031327441 0.12221281638637373 0.14217029202786233 0.09987720873964592
31 310 0.10533826078571641 0 0 0.09495653003731859 0.1048794035148748 0.09175566771950648 0.04595761164879284 0.11167127515587955 0.09396055706058631 0.12324259578030336 0.14201565152093437 0.09809843509993302
32 320 0.10306205832521477 0 0 0.08996247371140863 0.10035086909818187 0.08986084831440824 0.04509992945309709 0.11407135720810879 0.09318491909521003 0.11911130304492999 0.13616451914277097 0.09461256191552944
33 330 0.10180438723033042 0 0 0.0866032415520308 0.09754634252896072 0.08867798007183533 0.04413907042283025 0.11302045752609505 0.09647043979780842 0.12459406912106802 0.1368470423832812 0.09344003833233346
34 340 0.09882890072902262 0 0 0.08369359757411277 0.09365434921850234 0.0863566296255749 0.04190164871400353 0.10956395620336455 0.09542390103027841 0.11972115073293922 0.13413845037752947 0.09320663685945609
35 350 0.10558240575173873 0 0 0.08529717269341348 0.10384795470775644 0.09112651681112777 0.04456280427517127 0.11825751532279129 0.10624723616099342 0.1282938036764239 0.14352735111946796 0.10001963339147339
36 360 0.10185764169033802 0 0 0.0820515959287098 0.10354314617549086 0.08539385050770854 0.04268515070822494 0.11504750342299387 0.10685681402514517 0.12149829264455837 0.13010188381215074 0.09709367958456792
37 370 0.1098844310651466 0 0 0.08727025961457839 0.12232078373911236 0.09068213395528192 0.0438044132048514 0.12124503236708628 0.11943843236650535 0.13312609709854303 0.13946957152578807 0.10422834476726908
38 380 0.11968150998991473 0 0 0.09985509757898989 0.1424715101755614 0.09462896514419485 0.0455448203234302 0.130522103892624 0.13682226408177842 0.14372841350368482 0.15109454926394675 0.11313017936224186
39 390 0.11978203436512581 0 0 0.09958889057622107 0.142906745959163 0.09464206845454251 0.043532964064528556 0.13052335301537746 0.13413913646855452 0.14057858383844712 0.15282220196803425 0.11570480681591079
40 400 0.11646710017887581 0 0 0.09417268372097011 0.13294615754267014 0.09313613923829256 0.04090071586075979 0.1255675716570326 0.12623693799846375 0.13432721723323174 0.14913604230277766 0.11531734305672663
41 410 0.10620391782874214 0 0 0.08466024529859606 0.11956553003511616 0.08248960983628624 0.035358718445621266 0.11507709879296911 0.11238531542907415 0.12245469295826714 0.13555991458177505 0.10421931898393326
42 420 0.10608186808114274 0 0 0.08725528925187111 0.12046714763529213 0.08320553957244059 0.03223089415860987 0.11681104423221092 0.1183386512839909 0.12404628118731774 0.1330988078208862 0.1069121848333012
43 430 0.10939355049763512 0 0 0.09053828305593231 0.1300194401484846 0.08289106299810674 0.032189922013319196 0.12009496387800049 0.12841660621094533 0.13171162333217604 0.13870535763376143 0.10753238866159867
44 440 0.1057028162567153 0 0 0.08718351864504714 0.12463742166457094 0.07865966481924672 0.03022756237616157 0.1148059127478728 0.12636803112179176 0.1280973283160889 0.1344150242041657 0.10311513306073497
45 450 0.10751634352733169 0 0 0.086410665856607 0.1259874403617656 0.07997639887793508 0.030920267551464143 0.11168048397848919 0.1287048726364477 0.13892646502900233 0.13185336732610017 0.10343932114070108
46 460 0.10238743776954784 0 0 0.08210244917437533 0.12004716619376686 0.07491221205932913 0.02894422374225617 0.10391692747193183 0.1213607613071303 0.1347689759681311 0.12648431377140207 0.10085501038357007
47 470 0.09192879345030384 0 0 0.0732185807452461 0.1069026197875992 0.06672650614833786 0.02552753132719646 0.09445388431325845 0.10808053345897038 0.11707013063624148 0.11407095402654796 0.08877982326244933
48 480 0.08245717133979723 0 0 0.06486842469931578 0.095927922086407 0.05816344456758294 0.021974157870616063 0.08122612381538359 0.09529293311524337 0.1000914915545447 0.10217208472066701 0.07864116631108155
49 490 0.07874080992915046 0 0 0.06105995311591249 0.09092512667454732 0.05825838001487754 0.020282788742261262 0.0764800417656989 0.0910908274611795 0.09334664746545862 0.09737199916272644 0.07569054838817607
50 500 0.07359115110948292 0 0 0.05615257273740205 0.0824970961353492 0.05330105720539072 0.018178209351524137 0.07219585274893611 0.08601249201235737 0.08898326274995313 0.09184456700404958 0.07143640639717508
51 510 0.07151990114484909 0 0 0.055584484483580075 0.07981427977237603 0.04998526164682787 0.017284064524959016 0.07042616865146055 0.0838149226603513 0.088102098065058 0.08952188230474704 0.06730791818686824
52 520 0.0661017786680364 0 0 0.05035304641745752 0.07178639156916847 0.04616433462220576 0.015787639160289003 0.06469741693315925 0.07750244024435049 0.08249171310361042 0.08281266329656699 0.06252600341252924
53 530 0.06474318273673454 0 0 0.04896148468959825 0.07654687801375819 0.043969423510718246 0.014813475323516038 0.06401673284006842 0.07843464256976111 0.08100602275175826 0.07991178885246143 0.059716936277669094
54 540 0.05857561188745796 0 0 0.04402787740749959 0.06867486646175332 0.038862234134327885 0.01313282909343365 0.058263097045307924 0.07082835201932992 0.07329290567212368 0.0718960870982889 0.052649885460042595
55 550 0.05965182839582641 0 0 0.04473806245950422 0.06910398594903001 0.03740428117810269 0.012890075128760572 0.061717974915239664 0.07501678725803726 0.07437768256931115 0.07334663980464846 0.05392322647460543
56 560 0.05903643302238509 0 0 0.0438964980182999 0.06689109833827266 0.036414262056533406 0.012389168164775524 0.0602719795216394 0.07329513128010193 0.07630389906227603 0.07146857149815418 0.05284254178005446
57 570 0.06498582349531691 0 0 0.047173878948763605 0.07433295294284047 0.03878311020515892 0.013213530868753157 0.06427754121148004 0.0805752361888202 0.092515091411542 0.07944166171035817 0.0582489521549464
58 580 0.07297235382454459 0 0 0.05246628294443061 0.08655587778690339 0.043015151759947946 0.013932309574079487 0.0722084327455702 0.1003334265876014 0.10739134384715163 0.08787337927707799 0.0654151678994864
59 590 0.0761208766547373 0 0 0.05493799557756782 0.08936946948098208 0.04479448439443858 0.014230422476305805 0.0716431095419017 0.10712867477145331 0.11301035724553671 0.093299652339688 0.06732046174235752
60 600 0.0761923929135628 0 0 0.054592200749940506 0.0897480441462053 0.045138160753637545 0.013806711829254853 0.06964056408320171 0.10649878000551666 0.1151031444293595 0.09332478327609736 0.06727976212871015
61 610 0.0748972508868535 0 0 0.05167368839853698 0.08875319147333968 0.0443095047362717 0.012685543248434026 0.06851110410072847 0.10587073962710054 0.1127300526556665 0.09330240511537816 0.06580645449926321
62 620 0.07161883433567803 0 0 0.04859528953340029 0.08542485350373799 0.04150229717057198 0.011626078284571753 0.06482006862515799 0.1015491251523965 0.10735664647974483 0.08977804387720292 0.0621233795277574
63 630 0.06922275653508118 0 0 0.04681870498010175 0.08669463555121623 0.03973501691742029 0.01074209070968652 0.061240141173287056 0.09782685759255 0.10516875265653997 0.08649839633172059 0.060537659288180855
64 640 0.06776534705852465 0 0 0.04565536552902839 0.08255601599100294 0.037692379594377066 0.01006159365201182 0.05992193190724435 0.09532680561353246 0.10727702496804307 0.08557413958098806 0.05991757495572732
65 650 0.06697683642630324 0 0 0.043274703106230605 0.08085276167526259 0.03656865168502637 0.00993654418968524 0.06007140818203558 0.09277398867996228 0.10782234038025802 0.08556651179609742 0.05906935383798705
66 660 0.06999951268629616 0 0 0.0445684491861931 0.08360998950622023 0.03917032273501904 0.010276460696481325 0.06250301149125305 0.09794253413450563 0.11280869824081644 0.08671663735134257 0.06120912434482176
67 670 0.07161557762305405 0 0 0.04562810307248191 0.087986731697012 0.04037969622551489 0.010083971909580535 0.06292253258827121 0.09944029722680608 0.11497062002147242 0.0869072248391177 0.06256954921304451
68 680 0.06762066557672607 0 0 0.040824079060598976 0.08013731416513693 0.03758486938600571 0.009432562854794612 0.05999532631528302 0.09330176234655926 0.10791646715760213 0.08196058936451506 0.05944095575965379
69 690 0.06247768264773297 0 0 0.03652595107756789 0.07274698311230504 0.034409832042798294 0.008534201126814826 0.057622891475473954 0.08610449405840846 0.0991732160390491 0.07411967848950986 0.054536220648845765
70 700 0.057625608061486054 0 0 0.033519436875936476 0.06725906122548453 0.03092530173056651 0.007545164328329908 0.052850517163317234 0.07752543499919498 0.09074145835951604 0.06976881337247158 0.05030332517152728
71 710 0.056664768657295146 0 0 0.03269549530851982 0.06845394877532222 0.030707246651177914 0.007028890721143103 0.05153279175507928 0.07727592098229061 0.08859176640788434 0.06847376656421622 0.04969330565203248
72 720 0.05474100154725318 0 0 0.03065147836393799 0.06681850099686278 0.029827313130681193 0.00650070132532022 0.049759487674671754 0.0738017312885941 0.08702029811025987 0.06631267472684295 0.04766517408919373
73 730 0.050723122765852544 0 0 0.028108743363804457 0.06201241634678344 0.027168638380191654 0.005797042007109133 0.045412787076117005 0.06826216377497156 0.08009313695921327 0.06040107667222121 0.045330896389300865
74 740 0.045365211699230315 0 0 0.024959820551767896 0.05534798089599329 0.02331435994254123 0.0050594319467424705 0.04042112614863652 0.06216297821783818 0.07479736925017642 0.052174946783829806 0.040743882748130913
75 750 0.04159306566515862 0 0 0.02230226668343048 0.05043959011516552 0.021440340019395446 0.004506802070686934 0.03631102793396158 0.05429748733306169 0.0668773461046147 0.04740899862921621 0.037437455633090325
76 760 0.040251140365481566 0 0 0.02084183637680868 0.05062135921617748 0.02026485299722139 0.0042861161686120084 0.03394021977078561 0.051505050602438096 0.06428996073897714 0.04564111314833705 0.035553105768547595
77 770 0.0390222693075431 0 0 0.019770016190883505 0.049214764266896735 0.01963496992590184 0.0039175668958828826 0.034175105544124666 0.04809937581490497 0.06371797592958273 0.043130601750368654 0.0358008997930664
78 780 0.037060953454901145 0 0 0.018287838019610432 0.04640869413452797 0.017988645461950982 0.0036343479849003948 0.032489239852202395 0.04626941078322132 0.05931232232538728 0.04017904474817528 0.03380408822626957
79 790 0.034329052299681244 0 0 0.01537845234029537 0.04235412347231023 0.01633853415008127 0.0033207992508882877 0.03083195516982321 0.04240312397419243 0.05509225389186499 0.038127632000973084 0.031543296677382975
80 800 0.03207211518576906 0 0 0.01391716238228753 0.04065534404582227 0.014760310782404463 0.0029620625115928645 0.02926356012012155 0.03986698327575315 0.0513688350951515 0.03535972072020494 0.029277536820452733
81 810 0.032370791208565425 0 0 0.013445560813928734 0.04148484744528181 0.014393253556920293 0.0029513149275059948 0.0310250622666214 0.04064285727273094 0.0509075433546054 0.03606146576963928 0.02985978812680347
82 820 0.030096016198655044 0 0 0.011989209175723596 0.03894352736525932 0.013275390597788275 0.0027028349646200335 0.028862293592305997 0.037520788791904985 0.04677788407331427 0.03264236066048763 0.02789473542430567
83 830 0.028102962556944614 0 0 0.011052607731399603 0.03565814497720884 0.012396027756028487 0.0025018524744999 0.026784211352368695 0.03454522563183345 0.04318006826765445 0.029973734599755494 0.025078775562326617
84 840 0.025990690523307082 0 0 0.009979450525884531 0.033127191963711444 0.010867914799527065 0.0022938015054865552 0.023980089273719814 0.03264954252212555 0.039903083728263254 0.027552067638268948 0.02322173077563194
85 850 0.024615567258698384 0 0 0.009084305556996337 0.0317509577040627 0.010143719184565064 0.0020824515336720344 0.022716182308320287 0.031196670107259288 0.03753211966608183 0.026095934564516074 0.021780852942935868
86 860 0.022888033843789884 0 0 0.00800538543258284 0.02935952975490417 0.009335772649800267 0.001858760804088708 0.021035924790266395 0.029307983045451406 0.03460725074146945 0.023824078299800114 0.02024238386796252
87 870 0.019633662505272733 0 0 0.0067421198212257675 0.024137612104981422 0.00782915489516658 0.0015936439688858724 0.018014217535289964 0.025115676715464094 0.029134535062352834 0.020009455669266533 0.017141176222636945
88 880 0.0178139019105496 0 0 0.006099043857302547 0.022416408926205587 0.0068531182119084535 0.0013980070071756853 0.016010890023811144 0.022604497120301992 0.02621064225697393 0.018075546027090578 0.015515393853588641
89 890 0.016379439586514655 0 0 0.00562011404346772 0.020540942691948973 0.006117550909128794 0.0012249712147345227 0.014712174944532409 0.020999801882099677 0.025546270899025808 0.016200426015051967 0.013791459063221231
90 900 0.015563786941245062 0 0 0.0053365138874488 0.019612320949126398 0.00565833325093045 0.0010738797813407916 0.01393153245605407 0.020123399960846312 0.02430081787112077 0.015126072211811604 0.01293214537594153
91 910 0.014604029332923894 0 0 0.005009419417499773 0.01853375329961303 0.0050141264012482315 0.0009718485355903163 0.012548143224265845 0.01847941988570809 0.022945517573066163 0.014077233209841505 0.012107008187735028
92 920 0.014706543857716158 0 0 0.004959610190039785 0.018148012101400754 0.004989219415662689 0.0009968117949995807 0.01227865333661388 0.018536029893770723 0.022989685756269636 0.014921825721229687 0.012346719475859321
93 930 0.013342410465728052 0 0 0.004516531129779189 0.016680696103987293 0.004476138341487073 0.0008552363143446132 0.010800963605473184 0.01679244543596459 0.02059584770861647 0.01329308389173195 0.011149639211725385
94 940 0.012861057089374643 0 0 0.00422038531433528 0.016016473888654834 0.004174863815021687 0.0007931055587951654 0.010604956133935002 0.01699128378323382 0.019396603184286675 0.013026202885459108 0.01081625440420484
95 950 0.012660564809914409 0 0 0.004016275577180113 0.01570160453941308 0.003925511642745295 0.0007554501787060165 0.01056684425715019 0.016545118464827566 0.018690093865291413 0.012237908873532544 0.01061423210031993
96 960 0.012511842354993941 0 0 0.0037944881516711305 0.01548851630351673 0.003728017563318226 0.0007402173699285794 0.010930903160314885 0.016785187631041067 0.018561535021960986 0.012275311384584311 0.010609539747008229
97 970 0.012738938259930723 0 0 0.003763495209173165 0.015773836691454893 0.0035857893264755534 0.0007491324824785928 0.011921474174598481 0.017648354170312856 0.018491725912524598 0.012318706306482193 0.010759444967903499
98 980 0.012283207727408789 0 0 0.003591748829975909 0.015260797653838039 0.003385686589845373 0.0006791919712165654 0.012001426297302793 0.01669008053392567 0.017517769434090714 0.011691690134344398 0.010497698034788335
99 990 0.011176797578427536 0 0 0.0031451640121234518 0.013654513756988482 0.00301368665849857 0.000612045873241367 0.011004908935297299 0.014920955094047748 0.015511956702411393 0.010730791399868933 0.009384699831233604
100 1000 0.01106824573894902 0 0 0.003115384615290473 0.013752012546059102 0.002978118672332495 0.0005591169769431878 0.011625506163324119 0.014796647354440426 0.015401771881221394 0.01020732372465163 0.009334175850434237
101 1010 0.010008409737422605 0 0 0.00276275659578166 0.01302990695691458 0.00260150217470196 0.0005047940648699995 0.010580330758092702 0.013320963062946318 0.014113314979257757 0.009195450863820955 0.00840470248121559
102 1020 0.008952898597483912 0 0 0.0023817233537649606 0.01171070380897379 0.002311338370828985 0.00045112596589033893 0.009437343787287892 0.011891967374113837 0.012509662707981642 0.008229483655152426 0.0073827247530603305
103 1030 0.008038611573203853 0 0 0.0021045150096278458 0.010255224047144018 0.002065755093964797 0.0004013075572722942 0.00851357309261651 0.010487550747599581 0.01090828743590794 0.007314530992368641 0.006703185660648362
104 1040 0.008377699339274656 0 0 0.0021441092261192418 0.011298133518016208 0.002121020995237267 0.000405416963718288 0.009003687036121836 0.010890924621522588 0.011301152307916775 0.007525999006388461 0.007438463536170791
105 1050 0.008047032567158469 0 0 0.0019909784956442995 0.010847661101106276 0.002046742366181302 0.00039157087068934467 0.008511662407995294 0.010383494818412936 0.011116458672898883 0.0071667433508766825 0.006932751695086414
106 1060 0.00720948980076241 0 0 0.0017202652489417627 0.009645860051286367 0.0017981189614680907 0.0003388331876825877 0.007642087147053579 0.009066949082304258 0.00979828063666417 0.00644624045459947 0.006149764689319139
107 1070 0.0065837710332050554 0 0 0.0015586961708065814 0.008596793800027322 0.0016143426112452495 0.0003026612999605576 0.0070222747750296865 0.008330348558728419 0.008858855099288314 0.00588033418194851 0.005579203670386694
108 1080 0.006551427218047289 0 0 0.0014808748942321515 0.008457274104479485 0.0014949732103330402 0.00030328004681132897 0.007060909791977724 0.008333896279792492 0.008884207295248072 0.006017114562036642 0.005512468860919862
109 1090 0.006760886344703443 0 0 0.00151166848886999 0.008702306910551018 0.0015123576848918956 0.0003072746175725686 0.007356291690958473 0.00864711839559198 0.009112431691480438 0.006211446988727176 0.005850133939782242
110 1100 0.00688611709763788 0 0 0.0015540406949485644 0.009054585126538247 0.0015543337333232584 0.00029660877721742547 0.007680556725217641 0.008713503574634867 0.009222723124070043 0.006262314200641117 0.006019423947157092
111 1110 0.0072105797162088535 0 0 0.0015458652657916556 0.009559762508400363 0.0015913848444606363 0.00031051482637858315 0.00832563884224657 0.009086421254215781 0.009884058461308869 0.006647386905005375 0.006689242592377914
112 1120 0.007415696426151638 0 0 0.0015743796933197108 0.00999465951241388 0.001603991682508467 0.0003128045429441438 0.008792689816650842 0.009134053221234124 0.01011405845408145 0.006749135437433842 0.0070710506564452685
113 1130 0.008157913416414088 0 0 0.0017309755370911708 0.011368702270805803 0.0016774914710824258 0.0003384951517528612 0.010571496344094714 0.010641521595993426 0.011277429429300193 0.007447195895535938 0.007818745310045656
114 1140 0.008620768195270734 0 0 0.0018336231633804348 0.011832353868249063 0.0017760073541359953 0.00035287120200032124 0.011401977788008189 0.011044119186202472 0.011701022653329063 0.007972562537810219 0.008174834803872962
115 1150 0.010525259759996939 0 0 0.0021742627697786503 0.014686576152151652 0.0021131133568338977 0.00042851165353237396 0.014845472462348346 0.013720561945164545 0.014275453654327773 0.00987326023624513 0.009882242141911357
116 1160 0.012418427654947098 0 0 0.0024871795525167706 0.01742676124443271 0.0025067683473915976 0.00048458435370116073 0.017423648425598886 0.016227653123325848 0.016974227281760203 0.01123699258534948 0.011780510110350728
117 1170 0.013867612419015386 0 0 0.002664288259311173 0.019703041670975134 0.002763155466678025 0.0005267558687624982 0.018933720651501354 0.017932195427998593 0.018215953751828037 0.012199667094510723 0.013293652156425487
118 1180 0.014680672884504097 0 0 0.002854405295848564 0.020881434855633842 0.0029037687630673694 0.0005490157527255145 0.01949559693699061 0.018410075276687917 0.019001040605276995 0.01320510354749962 0.014413245438286669
119 1190 0.015604970961608143 0 0 0.0030578889991592427 0.022537213206047617 0.0030479086322970812 0.000572189283767764 0.02029649122338658 0.01910267979243121 0.019972797036855 0.014372282488026678 0.01580964638238157
120 1200 0.017004134721687596 0 0 0.0032846125087704226 0.025135682570766305 0.0033387247505020415 0.0006054727823008525 0.02102647261860332 0.02030264058124495 0.021359603647589317 0.015349291897370016 0.017337278592866424
121 1210 0.01800889134670313 0 0 0.003430238560175725 0.026446066282444548 0.0033473056105349282 0.0006236558324657573 0.022294627358081638 0.0220070575782724 0.02259698330225005 0.01722114410336475 0.018655634539018164
122 1220 0.019548667682712385 0 0 0.0037095505551871114 0.028280272779051898 0.0034962563912893617 0.0006745980514504877 0.02538946855774446 0.024201523070866374 0.024440927508534722 0.019893467624391613 0.020925506711070394
123 1230 0.02103850107818084 0 0 0.00393354632001379 0.03253073801709434 0.003686854571868639 0.0007025125455328209 0.02805475225664271 0.025873765405132258 0.027002718110420643 0.021806398621385215 0.022950283663992984
124 1240 0.02316239706763896 0 0 0.004077923627572161 0.037065252072524625 0.004078257039322481 0.0007872910137346644 0.03175918204780605 0.02906682067365045 0.0300802565912317 0.025766160455328674 0.025683570566033938
125 1250 0.024633540117521762 0 0 0.004346665138753679 0.03884115612021784 0.004104521714186623 0.0008290536635830423 0.034791148116716394 0.031454198600337595 0.03340329571329728 0.02828117072759157 0.028354315081604596
126 1260 0.025072060626983923 0 0 0.004422162265547155 0.03979658964103837 0.0040615859378233645 0.0008114479589878071 0.03624533254598161 0.03325927827510562 0.033762577471405264 0.028806510233455842 0.02937787883347449
127 1270 0.024998466740320562 0 0 0.0043371566785596165 0.03890706693203803 0.004009989432163896 0.0007846401842247323 0.03708768417690108 0.03403687863692146 0.03356908037380483 0.028087167680401173 0.030357540885089764
128 1280 0.02441076150917801 0 0 0.004142075345824977 0.03869192411133158 0.003931133790223765 0.0007389551562873338 0.03677251093770494 0.03323435975220717 0.03220121051874354 0.027048991573734162 0.029936028753030062
129 1290 0.023846169064715823 0 0 0.0042062286571554934 0.039323559425878715 0.003632366661342271 0.0007078021087316539 0.037552233263133034 0.03254272524735542 0.030865167871898948 0.027054505318455466 0.02985317761872736
130 1300 0.025035291503969763 0 0 0.004352739805082399 0.040527188896161116 0.003801613827658838 0.0007213973187806797 0.03943998887836459 0.03315536856831688 0.03163150864694733 0.0276661360340906 0.030624113060735952
131 1310 0.025216280630509433 0 0 0.0043490437775693825 0.04097874950840193 0.00373154824844146 0.0007239663192336313 0.03945607048913308 0.03355370472583126 0.03190941799653251 0.027758248375851318 0.03121141525826386
132 1320 0.025358337396094152 0 0 0.004186738595737962 0.040623379198600845 0.0035747772748840833 0.0007273633239236781 0.03923062037060838 0.03353859914479933 0.03205324744945181 0.027194848583119526 0.03066601331132542
133 1330 0.026626737330779495 0 0 0.004350165544288347 0.04291743832115233 0.0036987267058511946 0.0007553704554306854 0.04166433327325948 0.033748602844561944 0.03557074296800109 0.029360856598097496 0.033648251322432494
134 1340 0.0268270329507763 0 0 0.004406355602437846 0.04404353803985026 0.0036599850859836435 0.0007562049992133359 0.043522216788777206 0.034046055002651586 0.03568201520469506 0.029756003460790326 0.0347596981114312
135 1350 0.024379324673631738 0 0 0.0038393607897216396 0.040197941381238854 0.003209247950284065 0.0006874765728767579 0.03917588656601331 0.031435294172609714 0.03231525096391309 0.0271120434258982 0.0316269531514372
136 1360 0.023760409150280288 0 0 0.0036277239932910213 0.039663971834407945 0.0030731383674276126 0.0006585472636854848 0.0379498498654812 0.02957115467415726 0.031195570054303626 0.025308456126173957 0.030404464085973745
137 1370 0.027499332620699177 0 0 0.004269895958085609 0.04447459707830435 0.003469051985217908 0.0007500962790698677 0.04806630847303665 0.03891652560275857 0.036873585819411935 0.029067057993605042 0.03452627509207083
138 1380 0.028560263798690838 0 0 0.004081405525548855 0.04600766801011482 0.0035885505800840344 0.0007629745876884753 0.05077235191903738 0.041841887220083765 0.038900295789411614 0.03057498762100778 0.035580580255357486
139 1390 0.032212327311595366 0 0 0.004518902132763665 0.051955152735982904 0.003979849069302145 0.0008536575604434226 0.057887102604236594 0.05085911314379992 0.04386741729960488 0.033599677289980506 0.040257302973705854
140 1400 0.031488885443010144 0 0 0.004236531786291675 0.050544028335294575 0.0037991642764266626 0.0008186176681348938 0.05600174091863102 0.04973288344540585 0.04287110860130384 0.03297285077696634 0.038742304510650846
141 1410 0.030888990464773964 0 0 0.004109499840229413 0.04893178417570928 0.0037337128194455576 0.0007895767558816809 0.055353389799497686 0.04997590780309879 0.0413862242470119 0.03171928038451987 0.03683692191006574
142 1420 0.030979736751647922 0 0 0.003926152572296205 0.04898025444117639 0.0036404547490624596 0.0007768360272754129 0.05487785407278041 0.050814790250738595 0.041322147009523635 0.030838330264319678 0.0363083696079542
143 1430 0.029600580008577605 0 0 0.0034981068837317223 0.046677524293226955 0.0034876779002154987 0.0007535956458161234 0.05150536991934936 0.048270745848381695 0.039272026081314845 0.0286475297863625 0.034187084154945306
144 1440 0.0276257725331689 0 0 0.0032531747336374812 0.042163901341560256 0.003224742822769063 0.0006993640871089317 0.047059004929008434 0.044251313968755285 0.03718988323288575 0.02535547047400592 0.03174040984433554
145 1450 0.026537320131186343 0 0 0.003121563813737774 0.041257001188034007 0.0029748231754439585 0.0006343047623856433 0.04612561146833256 0.042000741751890856 0.036394945368803305 0.024143234052063364 0.030866767234843055
146 1460 0.02915717330765885 0 0 0.0034630340807796653 0.04501809418837515 0.0035728792883656033 0.000694969274273103 0.057157500675607 0.04976826821547847 0.04053578816657252 0.027998060269557527 0.03489799782341268
147 1470 0.036668984028187086 0 0 0.004462031442322654 0.058037048338950896 0.004570174586465664 0.0008895438216510238 0.0788340979548206 0.06585039120013725 0.0551277462862488 0.0359482659365916 0.04476298778333533
148 1480 0.04358494379871589 0 0 0.005321838691986438 0.06839564775560804 0.005459318232407959 0.0010349488722465508 0.09204549242152578 0.07950586879717791 0.06573458837747452 0.04223907218569658 0.05161194548469223
149 1490 0.053966982176685496 0 0 0.006634133787930628 0.08486554208064816 0.006556712293575187 0.0012830535885886883 0.11466076492928934 0.09770706656351803 0.0847761430682761 0.05167769770890516 0.06443746457951217
150 1500 0.06428689781208219 0 0 0.007958613611094593 0.10008087767957212 0.0077305160792659425 0.0015283220650819712 0.13009960189598294 0.11246013654010559 0.10097283438939708 0.06122230878972254 0.0756034647682236
151 1510 0.07602515660817503 0 0 0.009367767863798853 0.11368584779557514 0.008925912624618199 0.0017949119223470815 0.1495032969134612 0.13164074797974634 0.11740920065149625 0.07174452753294369 0.08824070314647511
152 1520 0.08105904146018748 0 0 0.009920334723665257 0.11853413925094897 0.009143713130758565 0.0019039572871954807 0.1570217570424389 0.13529363032456404 0.12540149607966808 0.07572522774233345 0.09229873779004097
153 1530 0.08715710328099305 0 0 0.010610489865228525 0.12968422633556412 0.009819937581713456 0.0021324570988261768 0.156052583289664 0.1413538227983373 0.12820023954683246 0.07945257730932614 0.09709339399847677
154 1540 0.09104902362374048 0 0 0.010874106017316991 0.13452261612713057 0.010250925998751362 0.0023307944269135308 0.1535259552266101 0.14672508656701413 0.12952884906791245 0.0797905553261182 0.09696836976746322
155 1550 0.09381608449762378 0 0 0.011068734551478701 0.137502072022448 0.01037568142649232 0.0023638567102406945 0.15060605984187583 0.15424767285379537 0.13031164877039422 0.07868130859113816 0.09720529725515495
156 1560 0.0956252331229234 0 0 0.011344069038792448 0.13643854754526274 0.010372095566097627 0.002421298312443811 0.15021185870624187 0.1573779455103978 0.13239276124974056 0.07956088138792178 0.09825056947573574
157 1570 0.08533178901321134 0 0 0.009946042625372997 0.12186888308192731 0.009147893652340542 0.0021362196237366938 0.12749394484317114 0.13885872532763377 0.11779210841019638 0.06849377539588232 0.08767257905310338
158 1580 0.08174209109806686 0 0 0.009326231345954766 0.11699494030409857 0.00867260447103367 0.0020377339002348536 0.117185650523472 0.13155879797215372 0.1113541720751272 0.06336927366602017 0.08254320611764951
159 1590 0.08150932016693259 0 0 0.009113840670192332 0.11819946379222783 0.008692931289451391 0.0019977106063572866 0.10846415797490877 0.13424184054414848 0.10884575620989684 0.06398582721953883 0.08008472379852417
160 1600 0.07992135823308984 0 0 0.00885520384264755 0.11956193894042037 0.00827446422434352 0.001881234182172823 0.10440718786871571 0.12947415207047253 0.10549160635596057 0.06271236712265897 0.0785176024094419
161 1610 0.08320836330096858 0 0 0.009139405809135763 0.12509856493553098 0.009117829705888758 0.001948547485164864 0.10641612828040295 0.13632980447835313 0.10915457860627586 0.06118379212673722 0.08190008678531921
162 1620 0.08921469760441561 0 0 0.009877847930121305 0.13824490343571985 0.009911073796895424 0.002067650293639314 0.10827661025725416 0.14927279523950654 0.11368389465668706 0.06394248207603763 0.0866371778159416
163 1630 0.09129536465924462 0 0 0.010045554689270547 0.1466620381472426 0.010131514959285168 0.002082145917403548 0.10829061457682473 0.15297490935645525 0.11290282420338695 0.06263426024753778 0.08820014623039733
164 1640 0.0940219839625526 0 0 0.01076132764845844 0.15788322346298114 0.010155676604867426 0.00214674873597637 0.11061750340476967 0.16433533516750365 0.11508563486954027 0.06333844543938606 0.0910936942064395
165 1650 0.1040142725357829 0 0 0.012013946750856985 0.17639825022498337 0.01085431117782159 0.002354288232791715 0.12072075960945387 0.19917713554108316 0.1278254521600789 0.07428645708124479 0.10135135233022444
166 1660 0.1124458510579498 0 0 0.012739285014904712 0.19117868224905876 0.01135775420380838 0.0025991992698193474 0.1312556773533094 0.2308330492588585 0.1419353078063155 0.08231038857168667 0.10808463175081245
167 1670 0.1212809698046784 0 0 0.013901228822493717 0.2133500128079085 0.012283754161992117 0.0028414281711479318 0.14074386103790185 0.270235332846476 0.14993778090152032 0.09335473484534085 0.11173421442127646
168 1680 0.12092399831576603 0 0 0.013962290515468703 0.21075999664938433 0.012459965938802789 0.0028343948610565187 0.13459751746728224 0.27072154813052 0.14933722782087588 0.0944810956463999 0.10878418040759434
169 1690 0.12247113703633643 0 0 0.013688691501623685 0.20869187099786024 0.012457501665001421 0.0028111723501560238 0.14082917257886765 0.27807086972936707 0.15375103145928867 0.1005061299024901 0.10993158647911389
170 1700 0.11399907584861545 0 0 0.012643284878868843 0.18305324949136578 0.011495514362955995 0.002628417326488258 0.13031075861972374 0.25414193302440075 0.14629901577164772 0.0928718927866275 0.10118330280951487
171 1710 0.10481547079043901 0 0 0.011755069397689916 0.1647920693858534 0.010703276371217794 0.002412091912728222 0.11625899476371457 0.23230124097773364 0.13354655934347404 0.08556104204312232 0.09321822174811066
172 1720 0.10943085908542642 0 0 0.012477084662742399 0.15945280357089717 0.011130567807881358 0.0024850496474277603 0.12074268295093409 0.23713370492713082 0.14090718188335805 0.0887110662715814 0.0973111076440956
173 1730 0.10189123848847137 0 0 0.011971921392064114 0.1458897438804333 0.010131571836386423 0.0022802780959142303 0.11192544684800385 0.2194392978671633 0.12898457426846371 0.08110671172179765 0.08695551559736395
174 1740 0.09593805111179374 0 0 0.011461064881403993 0.13675317036333443 0.009441137198246886 0.0020154704992346047 0.10244401265013853 0.20293086776885347 0.1192418048218424 0.07569439178568244 0.0788551299986332
175 1750 0.0935467192395212 0 0 0.011137245925679272 0.1288540573417512 0.009221756918046177 0.001953297077095846 0.09896158425319322 0.19379855126794351 0.117192794861802 0.0732146806764857 0.07762508883248202
176 1760 0.09432170082870048 0 0 0.011091518518442329 0.12282929082850165 0.009340280996154537 0.0019684760856892346 0.09890965858539288 0.18498647175066377 0.11964943084012478 0.07149540117423178 0.07865961380578561
177 1770 0.08482596557576014 0 0 0.009829888851334392 0.10539904759537273 0.008421243585653557 0.0017808126762209175 0.08710269466922818 0.1618466311661621 0.10761492086883007 0.06288141821519795 0.07169195420935852
178 1780 0.08428383462527304 0 0 0.009593556785827108 0.1015847730174057 0.008328267413700774 0.0017720514784939437 0.0851898629342187 0.16146438959740095 0.10600823413924274 0.062090445766854636 0.07130927851094948
179 1790 0.08436420828702273 0 0 0.009795655293501503 0.10013827836234357 0.008289453431834399 0.0017560580023785622 0.08458941700237614 0.1552881925219496 0.10770067451303943 0.0610769655977325 0.07154283301395269
180 1800 0.08717002284967289 0 0 0.010072681045460618 0.09697434086594553 0.008552634782624122 0.0018216640591455638 0.08673271629883747 0.15373525202317964 0.11826946678986927 0.06418384559874668 0.07301119066326713
181 1810 0.08016874266506493 0 0 0.009116729296082758 0.08712603767739845 0.007817661663963112 0.0016586402079076896 0.07894050011303705 0.13679579670014258 0.10912389166372635 0.058849371905351736 0.0674957442168579
182 1820 0.07642061138563373 0 0 0.008585954049830778 0.08224176089510425 0.007580720865082012 0.0015736269998512895 0.07537450461334354 0.12824533493291676 0.10274493787121701 0.055185043306776975 0.0642540323797579
183 1830 0.07093023924895002 0 0 0.007751181603728403 0.07572078712681342 0.007082080222797864 0.0014321623268716284 0.0704535784453898 0.11832086327395315 0.09622464999058764 0.05067579221101604 0.05817881696584995
184 1840 0.0639336681102429 0 0 0.006922591031705789 0.06876775759563955 0.00639362406072828 0.001274115052814116 0.06288949122733005 0.10631440937710299 0.08781100339131122 0.045320378706145505 0.0519009582411275
185 1850 0.059416826017203085 0 0 0.006430502678391793 0.06038356849624076 0.006004168468529869 0.0012136387709282448 0.05688305947647989 0.09468861577091081 0.08129141717720605 0.04135157803452228 0.0488048459605371
186 1860 0.057240073540035304 0 0 0.006207324405319391 0.056638892770858124 0.0056248535116451255 0.0011330631866191265 0.056338293002290055 0.0912196229973159 0.07771355223562891 0.039995488703302155 0.046380206924788184
187 1870 0.05545258831811818 0 0 0.005964648385783574 0.050924133160092866 0.005504605436889624 0.0010802794237657338 0.05470965326986914 0.08745969411056911 0.07472863213390975 0.04000558556788925 0.04338745213799343
188 1880 0.051102852122985806 0 0 0.005389848250036264 0.047375213446539485 0.0049318143198331865 0.000973041329116326 0.05038185083887409 0.08043736133200996 0.06767929538296442 0.036801619050253434 0.04106299184959041
189 1890 0.052319293876407144 0 0 0.005510141590148834 0.048242845597454814 0.00511173974355768 0.0010032600361140833 0.05502928499545975 0.08408582886312534 0.0698025175762143 0.03693869814951143 0.04210512196379513
190 1900 0.05412963769356861 0 0 0.0058316911382394416 0.04965778892493088 0.0050899967764120035 0.0010175408544313238 0.05868948394042422 0.0899029034970585 0.07324695517476619 0.03989271803741766 0.042992984357784224
191 1910 0.05633759892185323 0 0 0.0065097997828970555 0.050162855079618165 0.005462129610133876 0.0010411563716578723 0.0618663673626911 0.09491658543640083 0.07581298208901566 0.04171506406389281 0.043897767959884204
192 1920 0.05558816865502976 0 0 0.006470844839815605 0.04927772201275553 0.005316573158056706 0.001002133296899668 0.06015534698137461 0.09396738871119789 0.07445023569599493 0.03938321637272192 0.043026707616435324
193 1930 0.058058432645020565 0 0 0.007084108755011322 0.051739051100531286 0.0055385307863510145 0.0010451012555319414 0.06323342501842161 0.09809774799335762 0.07590350550792302 0.041673469361452956 0.0430053446847821
194 1940 0.06281796522142075 0 0 0.008177883850160004 0.0552601478558521 0.0059375554287597315 0.001135117221506911 0.06831898665428043 0.10488388511662419 0.07968277655486805 0.0438706602066518 0.045248980684032734
195 1950 0.06163085270237575 0 0 0.008128793590890988 0.05276632386489597 0.0059311036368251725 0.001134086394147137 0.06836581441710235 0.10257159395961452 0.07799212338291985 0.043057076781224966 0.044463289455107434
196 1960 0.05601408759067258 0 0 0.0074624261498747015 0.04748538026558123 0.005326928166940966 0.0010232597020716793 0.06281694104829898 0.09010368675759428 0.07195156917794385 0.03897374404441036 0.040811510923181714
197 1970 0.053228787204668726 0 0 0.007011921858905191 0.04555316123484471 0.0049854503674470925 0.0009535474327615467 0.05756871451657801 0.08520094773598522 0.0669152981769891 0.03687950921311589 0.03738518787319962
198 1980 0.052532309329555514 0 0 0.006952212005221751 0.04507181264392145 0.004782061288273747 0.0009388413286102904 0.057369335648001764 0.08693449477980311 0.06604239361911257 0.035410332211093146 0.037024795408881234
199 1990 0.050599882823200854 0 0 0.006642414322145019 0.042687705524304106 0.004390967046772272 0.0009204854911880477 0.05522859698753145 0.08472516044633657 0.06380707239232349 0.03407017166205878 0.03559213799588066
200 2000 0.049230483974953554 0 0 0.006348076455234001 0.041303976984026186 0.0042550407221505614 0.0008982993153950084 0.05368002527932732 0.08304784292959623 0.06214011562255757 0.03328907623707184 0.03524831946993954
