% # columns="iter, evals, sigma, 0, fitness, xbest" seed=102338, Tue Feb 21 18:30:04 2023, <python>{}</python>
1 10 0.0939388323910715 0 -2302.7987392124846 0.6025494049530705 0.6103490118747129 0.3522343556752455 0.014025449715058397 0.7218224243553163 0.9025513579432344 0.6067525833396045 0.8488970079065044 0.5033204558586265
2 20 0.09370330048561867 0 -522.5621155871605 0.573233329061806 0.6862015881057861 0.522722941612946 -0.031593457710918094 0.5683600323238799 0.9062602770213124 0.5764465398328862 0.8844261168357592 0.4945628232466366
3 30 0.09253833838573755 0 -1119.0764947088676 0.5861595766475282 0.7054178628606336 0.3687657773741494 0.03356326535923556 0.640498568363219 0.9266639022987704 0.7141694517267445 0.7912594029624052 0.3976497858051644
4 40 0.0980255075197634 0 -12.609432141681369 0.6441530182424439 0.7022599654794667 0.37542421987589586 -0.05355830436325315 0.7170066361743223 0.9215447324438893 0.8154908404345587 0.7863045012292804 0.5164070500957284
5 50 0.10398447517535797 0 -447.73386201282807 0.7294705422678162 0.828092437213025 0.1815322835081071 0.023833997645387905 0.6404230306660166 0.8601534903573521 0.7196599007947192 0.7818434175867056 0.36104394053957023
6 60 0.11220042045991492 0 -597.8997840730668 0.6446927740660642 0.9466253126149269 0.25578638891837874 -0.05438389181123573 0.7594002450307912 0.7474490205916072 0.8143626701625343 0.7078782345305036 0.5039248669460987
7 70 0.11154964021773332 0 -460.2884955591443 0.5602698284565591 0.8393855533826451 0.27765003698055957 0.0446883030998831 0.6724887001124505 0.8397342587359091 0.9051211129585477 0.7513681014576304 0.5305484847862706
8 80 0.11406217904632938 0 -479.49807680324193 0.7583501028143823 0.7181254473221428 0.2124690837864831 0.05566673957367012 0.9562225852175769 0.8115700977354731 0.8132325041891082 0.7377962357226259 0.5061941844379794
9 90 0.11169866281345486 0 -214.88955047902317 0.6956223167640128 0.77507665497225 0.11421191772456343 0.03254013664964281 0.7483714386411925 0.7751132655169712 0.9403507113162838 0.7022241747951317 0.5728900726707107
10 100 0.11194503791699997 0 -403.1385352688834 0.5488694362067211 0.7752880785766763 0.19110347326315386 -0.03003090739786378 0.9817382123553632 0.697891472220099 0.781781716541444 0.4527716886156468 0.7333916710659886
11 110 0.11210128488819675 0 -376.96855997193717 0.6121282719599431 0.6286171982292392 0.048481458810767264 -0.0795581128493493 0.8420209057179586 0.8714733904908079 0.6942576800464169 0.49816634798465553 0.7975123315603407
12 120 0.12380198351788245 0 -140.7646354595545 0.5570483839024156 0.7047956011400485 -0.0082813059595441 -0.05205333520974496 0.7694534763583345 0.8741148479805644 0.8917887841132381 0.3067972323974535 0.8572855029074615
13 130 0.13045179523717595 0 -18.807088952840825 0.8303671412556379 0.5423887582911212 0.09117861323366497 -0.04354631144453346 0.5849273720296899 0.7877110070293694 1.1119109951706627 0.17732392222659676 0.7641566798877678
14 140 0.13762411424760465 0 -69.96434473730919 0.5970940312136649 0.5941289594727565 0.17127437361696485 -0.014233803293681575 0.850626944558243 0.6519810481858033 1.0183840242550948 0.030544498784820184 0.8369937593936447
15 150 0.1414422721799489 0 -256.8648803563265 0.8073299763158932 0.6812183884549611 -0.041902441234229204 -0.06828862096105406 0.8698370493543841 0.738792609590787 1.0174637056777318 0.18878650680386858 0.8793149390750201
16 160 0.14234196233154606 0 -223.3477978363331 0.613695577023096 0.4273406876583598 -0.01617511762990473 -0.06291915044205071 0.7897002905507243 0.9785319067468966 0.8816391225790523 -0.11744019206965424 0.8099669356016399
17 170 0.14878971479727193 0 -243.61568408466533 0.7482676646902157 0.6184931674527882 0.0014894731179821846 0.05533802279071928 0.6507708354161246 1.0546705558423008 0.7474167781307421 0.2563579503056556 0.7143500055698688
18 180 0.15745443154318267 0 -158.80170135078103 0.7501568989351179 0.6720161525503767 -0.05217733640186606 -0.054736000323036306 0.27356393503960313 1.1194579586330806 0.6535063713964787 0.2007561081196337 0.7438718812938471
19 190 0.15913720396929817 0 -0.054092016913436416 0.6156201582525946 0.41094460001945554 -0.021110250583469554 0.04034856395403674 0.5584425803184899 1.0575608964871621 0.7332179922474972 0.02240486289050185 0.7807926643376645
20 200 0.16192439278167867 0 -0.4142898673428278 0.49149460417721663 0.7235425559858502 0.08678037007346538 0.07189742060101206 0.3154107568307863 1.017729888290022 0.16715986029469376 0.3638482729204478 0.6083531604729762
21 210 0.14662524852174377 0 -0.07394223863558787 0.46827628534809795 0.3359883848266569 0.15798271617705104 0.05019380067588956 0.29608856777657966 1.1356773629508257 0.7467495720486328 0.01285887884603601 0.52683719675062
22 220 0.13883954798286394 0 0.028800834679889066 0.3952596919514812 0.6729153323547629 0.01811882658354569 -0.07112701710489253 0.31886356918029235 1.103481412630771 0.6616363074942373 0.10706237199790737 0.7783488323125531
23 230 0.13123583750179824 0 -50.37038465838155 0.6499195454600336 0.966933599276568 0.02805071139438812 0.0419102895440448 0.27715500997343623 0.9263231275797782 1.0042759279927225 0.12390516263960849 0.6938507405042208
24 240 0.1306886640544136 0 -0.854055688603268 0.5189988359385869 0.7745260996123414 -0.06507201829005106 -0.04476604366652161 0.34475042590363336 0.9332423177173271 0.9794501396316537 -0.17576399223403905 0.7115397471200687
25 250 0.12684301045441834 0 -0.5098862307488845 0.5137747895869993 0.7739424378810015 -0.11668941242954789 -0.05383938341649917 0.33270909185222386 0.9248114806066582 0.8204146406247345 0.054487683470160794 0.7085265281619685
26 260 0.12684411323524658 0 -122.70260921276002 0.462703084147053 0.6403758018285121 -0.20068817159638108 -0.06386428509849343 0.5327596769426712 1.0227939800517798 0.8699620493900314 -0.2676101485365745 0.5425918938466274
27 270 0.11868015360104679 0 -411.064062637994 0.47205357871111925 0.7472637719635702 -0.04978648552295538 0.04865562277050915 0.4458574787329582 0.8334442412386297 0.7663731229821276 0.054340974212381446 0.4685751932586679
28 280 0.11446585556337098 0 -3.380695240821181 0.6875783520544836 0.7276064429117306 0.07135052304360688 0.055158655171194906 0.3295746306807426 0.8554406391205867 0.6135640810014861 0.161588949293121 0.4545338465812967
29 290 0.10665885297200405 0 -50.40638724584008 0.7486881270121593 0.5659502428420329 -0.05807248000837943 -0.0430770013623756 0.3162197431531287 0.8004670952281252 0.938276757920087 -0.07287243613282497 0.5784277826849972
30 300 0.10533004088528426 0 -51.474629648245354 0.6846593304620808 0.5239689183658158 -0.009417558152195452 -0.05529747975014004 0.29606017117718786 0.8024386205548405 0.8723922051095736 -0.05580962271024855 0.6187165383639643
31 310 0.10533826078571641 0 -0.3430331753299941 0.49850864659403715 0.8271076869154654 -0.07401740154412666 -0.03871858263265298 0.3453293548816075 0.8666069909897787 0.5891621260377569 -0.07965112578772872 0.553109782199025
32 320 0.10306205832521477 0 -58.62352644432152 0.4777242391404255 0.696359004470007 0.005855096852799767 -0.051124190703191665 0.1132236537224886 0.9058880862591914 0.6950805672949304 0.11210221491841207 0.5836394031836836
33 330 0.10180438723033042 0 -0.11293798084587033 0.5180753931892664 0.6372867736611363 -0.08029818768581197 -0.06573313086050155 0.15688595171516956 1.0618041056566443 0.5782683466999673 -0.01572988294730799 0.5226478618858128
34 340 0.09882890072902262 0 -0.6614585642331737 0.5492850156007885 0.8701059779492815 0.056414517990150514 -0.044085397430253054 0.28384102260878985 0.7200286862710266 0.5155390215096662 0.24372742113474177 0.4108363881096311
35 350 0.10558240575173873 0 0.000768910662046679 0.5566228966532242 0.939691708234685 -0.013508431721415231 -0.06601226714642773 0.16937615006735943 0.7616846222393426 0.7007643181002221 0.17321887145806916 0.5119419681900724
36 360 0.10185764169033802 0 -0.36964454220842385 0.5117092194784106 1.0468080249197909 0.036498650186458786 -0.05305328377654152 0.4232532504263783 0.5941659457793628 0.7867357502690813 0.04869725017279489 0.3794204075317609
37 370 0.1098844310651466 0 0.01066992136471702 0.45322972769233305 1.1974966840726047 0.00036738677702427905 -0.06258386448092688 0.23785262601904497 0.600849231152804 0.7328222103033922 0.16705179820622545 0.403985686621099
38 380 0.11968150998991473 0 -343.980203538337 0.739231873141881 1.1170764723131055 0.04453053776838088 -0.054107955602156754 0.23342841557925392 0.36102437498608164 0.8009193644709609 0.2539949974384781 0.633836114621811
39 390 0.11978203436512581 0 -59.81196574056493 0.7154207968775086 1.0300524911749795 -0.07538488683539671 -0.04508710106120625 0.22906777023968408 0.5903327218062394 0.7578248287649744 0.2022243081133286 0.649976196647662
40 400 0.11646710017887581 0 -39.619416606862515 0.5336370142893868 1.1220560816171878 0.07025922204469982 -0.03873706633158734 0.39148003194030034 0.550311021477052 0.7970244406596215 -0.06778523893041632 0.7543414680254471
41 410 0.10620391782874214 0 -0.5734199890879313 0.5156686796566138 0.9436906221117763 -0.055406697514114284 -0.05348513770124859 0.2419471572031239 0.7313386226381127 0.660628352431798 0.1886337452264596 0.537204614885614
42 420 0.10608186808114274 0 0.015448378058881322 0.3611509727768289 1.2066350677412072 -0.04593184421910311 -0.04020986003441235 0.25371977484497465 0.8407343570592597 0.5486712102489002 0.21591332116530826 0.4062194728045685
43 430 0.10939355049763512 0 -5.048633983635065 0.38412128497678666 0.9278209248339409 0.011343709068389121 -0.07363868753040287 0.14696098036854216 0.8928540774380553 0.5101860470768321 0.3691499097060188 0.5465584494211858
44 440 0.1057028162567153 0 0.007034149491282567 0.3726445997135063 0.8258681603382149 -0.04599238822938596 -0.059507938727215645 0.33132258474871296 1.0208575047467998 0.4414336814890624 0.2583281614655424 0.4947609272847975
45 450 0.10751634352733169 0 -0.49217061144225527 0.5066099266698678 0.8396279167809607 -0.11462361164604343 -0.058273694339503676 0.3257992202103465 0.8405615688458893 0.45481576255286726 0.17075428941852425 0.5749781441196716
46 460 0.10238743776954784 0 -0.43748620835968316 0.46959438988548696 0.8730121593076908 0.06699211884282773 -0.04263087058960992 0.3351132339121093 0.8612442091111127 0.6281142569169005 0.23752273227875056 0.7486246120607476
47 470 0.09192879345030384 0 -1.440255628042244 0.6394812970537186 0.9443486034882175 -0.010903552831029416 -0.04958013380777552 0.3795832779657966 0.7670272738944418 0.6386260355064266 0.38278378826815795 0.7044063046793793
48 480 0.08245717133979723 0 -13.381671876722015 0.5547009131834988 0.8831956957647183 -0.0019446763706942732 -0.05312801413097116 0.28291082493022046 0.8753271901957421 0.4107859933809202 0.26425632443813274 0.5369423042392152
49 490 0.07874080992915046 0 -0.7759436292595416 0.4803076754454295 1.0409845947274738 -0.1544709013139614 -0.04931932512964225 0.38020246689078424 0.7989231181530051 0.5773131878743536 0.3106159446447636 0.5803378517956641
50 500 0.07359115110948292 0 -0.721344207381089 0.4829641627815122 0.8733825289345364 -0.04617820587239832 -0.05334242410133261 0.3274099148245985 0.8457130003786139 0.5013836550664877 0.4210110422860033 0.5956692729801627
51 510 0.07151990114484909 0 -2.228842995508657 0.38968889507456683 0.8975205367845527 -0.042359107126606906 -0.05180660439424676 0.440710832681527 0.8108190878200138 0.7051137427104395 0.17299841170568575 0.6885273256858359
52 520 0.0661017786680364 0 -0.6949513268067495 0.49896501273001537 0.932454714475567 -0.12396358237291716 -0.04360115899777284 0.39944070069898413 0.8298787494401382 0.4700372258773464 0.2590197168440038 0.5394250615888475
53 530 0.06474318273673454 0 -0.8538286931624656 0.5158887294196405 1.0763649230393715 -0.08922704189592003 -0.053690285631295916 0.33233487392818634 0.7436892698293216 0.6125349914726459 0.20655629431464156 0.603454478716558
54 540 0.05857561188745796 0 -0.7571971418472851 0.47389932980193455 1.0136755375327597 -0.1029829082580806 -0.05075828891747205 0.3272932537081056 0.7372208514422087 0.6838921700690849 0.21936806896104216 0.6507474569641917
55 550 0.05965182839582641 0 -0.5734364503832567 0.46410057060919524 0.9738682493686169 -0.10799550070991276 -0.04423782246914512 0.27153623497887136 0.9455757409774121 0.6634506067546951 0.16557984447520158 0.67355677082547
56 560 0.05903643302238509 0 -0.8574563091635025 0.4870232924602283 0.9997349021688431 -0.0795333950709773 -0.04762514815716346 0.3182289948148452 0.7963088190216963 0.7335404699197862 0.1996638987540849 0.6495477813980299
57 570 0.06498582349531691 0 -0.7762276663084816 0.5042561694615043 1.000044099298406 -0.1163978012281703 -0.0483110676892101 0.3465184241106035 0.8310177930118346 0.8626331681994538 0.1518695562284778 0.6993108387549538
58 580 0.07297235382454459 0 -0.6671902619705616 0.46465508282772044 0.8980927087015136 -0.07000024206266636 -0.054830124349301096 0.21417927596120356 1.1162910682570273 0.6710080710806634 0.23118517594969173 0.7067487973740187
59 590 0.0761208766547373 0 -1.028655005130657 0.5102936620764325 0.9290623873781677 -0.1023576181123739 -0.04733783915859411 0.3137786927512588 1.0352737934059153 0.7840264955460579 0.12051697713909953 0.7477483051599658
60 600 0.0761923929135628 0 -0.46753076694419843 0.5170291995267997 0.9602565441254678 -0.11517574478482612 -0.05546714412861575 0.32660711598411596 0.9292181299491329 0.9442624038520464 0.26015461781047405 0.7572536393959589
61 610 0.0748972508868535 0 -1.0545103985865112 0.48759993646533434 0.9406771731183158 -0.08301574142132842 -0.05462052022250495 0.35276947408810316 0.9200665284634388 0.733263952262547 0.38353709052191454 0.7332096668198506
62 620 0.07161883433567803 0 -0.8442163154914305 0.4858650616195639 0.8506693463684756 -0.10647686463964195 -0.057621446835384685 0.3244797886321795 1.0620455145262009 0.71054863723395 0.40709214754461454 0.7214932099425405
63 630 0.06922275653508118 0 -0.8055484936989542 0.4942484739343964 1.146829419869953 -0.13014305529163395 -0.05253141922446727 0.23663341400008772 1.0004639558795079 0.6738123502316186 0.386752765651039 0.6769657903651412
64 640 0.06776534705852465 0 -0.5283852178716157 0.515436678686857 0.915869924363243 -0.08006160654553526 -0.046347786529666805 0.25310848408788805 1.1255700782259142 0.4670508896143232 0.45309191206671495 0.6302908664098298
65 650 0.06697683642630324 0 -0.8045657223655203 0.5064182848846728 0.9560363818079567 -0.07546322844698157 -0.051242216505475245 0.33524186088305996 1.0476512468178383 0.4673992131987408 0.4762862611503729 0.6542810624353783
66 660 0.06999951268629616 0 -0.2483976550337086 0.528427769104303 0.9976577885913213 -0.0650610385612181 -0.05972246977009042 0.3023508496150663 1.1712335555335027 0.49373886308935844 0.519498403126478 0.7241254627638175
67 670 0.07161557762305405 0 -0.5285643038446205 0.5217246561448562 1.172783683545649 -0.05302488994554385 -0.05021403585800437 0.3549152603800073 1.0476494255741184 0.5477189330018023 0.385864807366768 0.7127952910993841
68 680 0.06762066557672607 0 -0.6423188306894554 0.5115347284303803 1.061954594899049 -0.06379843834023818 -0.05091287300049576 0.4300455670241811 1.0207397744552533 0.558541071305164 0.48450141691659737 0.6100480450188164
69 690 0.06247768264773297 0 -0.7602819954732298 0.516355375375807 1.0325060518903817 -0.08452637259732175 -0.04897548866967693 0.19812261332192688 1.075273378476722 0.6178868792590175 0.44073078387934256 0.6301253796929934
70 700 0.057625608061486054 0 -1.0963241452586538 0.49428543959345556 1.0792657630190454 -0.10882587065839963 -0.04995480658216792 0.28474463786372967 1.065018138158689 0.6028119167961196 0.33746137521990505 0.6469173775986018
71 710 0.056664768657295146 0 -0.784144293656832 0.48657859873304443 1.1900001283976709 -0.12442670940760919 -0.053743927451026435 0.29409890768179153 0.9698456765007387 0.5829779896322256 0.38685907470717656 0.5914105955695351
72 720 0.05474100154725318 0 -0.9582801922418778 0.49539235638962015 1.1541363278731247 -0.07795912346087172 -0.05712320404793806 0.32008928880009757 0.9922267396841737 0.5395414404802557 0.33880976022264453 0.6018574016434669
73 730 0.050723122765852544 0 -1.036883085399694 0.48426307266458624 1.1734035353532617 -0.08289820905371276 -0.0523309680837189 0.3257697946469463 0.9878745163040171 0.5708713618751645 0.3314057898492747 0.6372931778374658
74 740 0.045365211699230315 0 -0.9820923381669843 0.48895390092588464 1.1018690107374272 -0.08677417951664519 -0.053523761509471676 0.25916583883144695 1.0879784813328617 0.376479672129712 0.3682503323777328 0.5595857190025106
75 750 0.04159306566515862 0 -1.0661195352074524 0.5125630677753725 1.1709768866402677 -0.1027286189724256 -0.050933995375126134 0.31256697787403437 0.9570852469546812 0.47408013911955255 0.3133382418327348 0.5453289247959758
76 760 0.040251140365481566 0 -1.0649911219336838 0.5000183190939517 1.0332055823132387 -0.09787843323996655 -0.052615065077532566 0.33701300963217573 1.0508700674080016 0.5336854935716401 0.35530128538124783 0.608240744202634
77 770 0.0390222693075431 0 -1.087527666752747 0.48951746425448867 1.0755583339675683 -0.10001098359485446 -0.05052348981552859 0.3616916820056208 1.033349841551208 0.6645236475223391 0.3081053891156777 0.6542533064271309
78 780 0.037060953454901145 0 -1.1083579805671067 0.5028087363148525 1.102308182118782 -0.09095068436800215 -0.05063887590944818 0.3246097859810934 0.970862713537606 0.5083717048722429 0.32165708839888607 0.5923481205607237
79 790 0.034329052299681244 0 -1.120689903589342 0.49491221421248927 1.1016843419299738 -0.09843540264360032 -0.050290407635390603 0.2849319999639336 0.9922284672753406 0.5547332528459912 0.28804370239329913 0.5842466042422717
80 800 0.03207211518576906 0 -1.0820961391548383 0.5065632645322676 1.1615111680843717 -0.09787764376063161 -0.05082622762643665 0.29291335815509345 0.9813127445780729 0.6006342889364343 0.25521053164144364 0.617211709756682
81 810 0.032370791208565425 0 -1.097911663392043 0.50114040094796 1.1806711355370711 -0.08691817420464751 -0.05177572235576155 0.2518664499024178 1.0031228357946145 0.5705321061110922 0.2780660994171238 0.6395985665388491
82 820 0.030096016198655044 0 -1.0902236455351242 0.5013901902788662 1.1178893516958186 -0.0864990012060898 -0.05169721026345178 0.3111690337306604 0.9924703709309548 0.568706291952302 0.2794365630328683 0.6637078138907193
83 830 0.028102962556944614 0 -1.0774790016031262 0.500159496355444 1.1919683162367274 -0.08317978157671031 -0.052386066575509885 0.29600096633395717 0.9595465836523611 0.5327765394370454 0.30394032416617744 0.636893100499185
84 840 0.025990690523307082 0 -1.107412861600892 0.49738082431883973 1.1826971933052566 -0.08750856770954019 -0.05185082253369227 0.3003388308463235 0.9366071943321216 0.5349887467950302 0.30360839901157266 0.6027514022817819
85 850 0.024615567258698384 0 -1.114319839732847 0.5005383004821875 1.2090016447097618 -0.08355121468229154 -0.05071904631957272 0.32898674293576435 0.9128349839158245 0.5746075019272419 0.3204337556088087 0.6265894079747467
86 860 0.022888033843789884 0 -1.1353983969092558 0.49981544143437356 1.2151442684225409 -0.09206877435515815 -0.050737670819452636 0.2987980064424685 0.9181382479617854 0.5615213679417884 0.32487704928580147 0.6221047046664767
87 870 0.019633662505272733 0 -1.0839866543775405 0.4991932209966622 1.216650444037291 -0.08653128584543227 -0.050532248259486164 0.29313659687621807 0.9486306898317688 0.5882545759778927 0.3066224621509226 0.6497805017347438
88 880 0.0178139019105496 0 -1.0780749487920485 0.4961229363758738 1.1673640291973861 -0.09189019645332452 -0.05202649651127088 0.28726037210458955 0.9867149071587753 0.5920613343066352 0.3282282271601058 0.6234236053041885
89 890 0.016379439586514655 0 -1.0725833808877356 0.49397375283451256 1.1568931443677368 -0.09235869904171269 -0.05111395752359919 0.2823793649063377 0.9913684777754127 0.5186918036192353 0.3143540604092808 0.6313866367589466
90 900 0.015563786941245062 0 -1.0754261253291508 0.5005025549416471 1.2083109153047806 -0.09674647443140966 -0.05101894510156288 0.31427213726666176 0.9431599752347992 0.535049984539291 0.30176049065819804 0.6295547616560014
91 910 0.014604029332923894 0 -1.0603878364107142 0.4963366912699611 1.186231767604827 -0.08950793918428226 -0.0511307845559535 0.30585234405481027 0.9742436444607149 0.5380793152738663 0.30327892701856796 0.630486459511827
92 920 0.014706543857716158 0 -1.0432668264017158 0.5016293676872127 1.2098047481321799 -0.09103372258779222 -0.04939497870836369 0.30690941693999496 0.9411303233903623 0.5654291953799049 0.27466169121103107 0.6480508184819802
93 930 0.013342410465728052 0 -1.0536080718014222 0.49830569262100016 1.2075882344327533 -0.09164911453065563 -0.04982954198980167 0.3053460428891829 0.9505739572659141 0.5828124159203784 0.29296486434538976 0.6531722696249977
94 940 0.012861057089374643 0 -1.0979149083224224 0.5017845022684766 1.1901904181798082 -0.09432552772203884 -0.04988216967481173 0.3206149264658895 0.9227410425782109 0.5697618705861826 0.2779341727138738 0.6420918731070078
95 950 0.012660564809914409 0 -1.0377247376588776 0.5018288670225424 1.1933503184463077 -0.08975953659821038 -0.050198359916296745 0.3176180722708829 0.9352257294532517 0.5376339242115689 0.2818567087218809 0.6369085285527167
96 960 0.012511842354993941 0 -1.0500407132976064 0.5021812006938386 1.1931325926603553 -0.0921268737255 -0.05001414359658361 0.33278089958894114 0.9154925884015425 0.5816541307002621 0.2735753975803418 0.6541117278466234
97 970 0.012738938259930723 0 -1.051017916332622 0.5034749895343539 1.1855646579693107 -0.09458041509015805 -0.05064185620664952 0.33298132395313873 0.9261042723102825 0.5447346778656296 0.28803493768378075 0.6316785927917115
98 980 0.012283207727408789 0 -1.0380441318256677 0.497708215445397 1.17859669721204 -0.09724047873027497 -0.05056833617123598 0.35266419235490126 0.9278663025204757 0.5664931998035999 0.29826192635917215 0.6506882557844734
99 990 0.011176797578427536 0 -1.0533869737989998 0.4975904681512103 1.187129803062602 -0.09005709197357815 -0.050318541864652594 0.3226919409345925 0.930307182174357 0.564535409739507 0.28812568177954323 0.6493897382345767
100 1000 0.01106824573894902 0 -1.0573576886285037 0.4993862066635284 1.175023933081892 -0.09028708551611214 -0.050253447763563934 0.3425262611932992 0.9363089085370524 0.5704926796743389 0.28183730791134487 0.6568302192844434
101 1010 0.010008409737422605 0 -1.0411270334947658 0.49708143453731923 1.1519782149793412 -0.09368549475833658 -0.050790798335061935 0.3412016322053466 0.94528507032682 0.5407118438629942 0.28537586551076943 0.6439029585783166
102 1020 0.008952898597483912 0 -1.0420391104629654 0.4985049552504809 1.1789425987231041 -0.09337960529714696 -0.05013291622781035 0.33249205814384564 0.9370444432651016 0.5476517598747283 0.27891644607613847 0.6464963277985489
103 1030 0.008038611573203853 0 -1.043526497758364 0.5014648917712801 1.175214205565026 -0.09341512057070395 -0.05043191116112379 0.3409858794289078 0.9410470350974345 0.5509600111661661 0.29330232023880826 0.6554262323619015
104 1040 0.008377699339274656 0 -1.0446714580361485 0.49896246946648537 1.1576227387354385 -0.09353545866842612 -0.050276398772138374 0.3386312863072321 0.9484225149472557 0.5513108825628822 0.2866017170241607 0.6589978335750928
105 1050 0.008047032567158469 0 -1.045768066018238 0.49849909909037 1.161994005931025 -0.09039523027067485 -0.0511451378547966 0.33774173308221717 0.9438972206636925 0.5336224632711876 0.2981895656252809 0.6495398417062659
106 1060 0.00720948980076241 0 -1.0422036649729522 0.4984968499255853 1.1654751812410218 -0.09017181559792953 -0.050663783740036265 0.3388294048323923 0.9388834098092473 0.5474626462621803 0.29710599259069376 0.6511171127844133
107 1070 0.0065837710332050554 0 -1.0481110125065192 0.5005515290707817 1.1694697459240626 -0.09197842038480394 -0.050857396328223316 0.34392165235657696 0.9310077528164045 0.5494867153846121 0.299924684110852 0.645669391408797
108 1080 0.006551427218047289 0 -1.0492801215127832 0.4997150183570362 1.162843516739025 -0.09137053883246103 -0.050907996789702877 0.3465687144266751 0.936971786149889 0.5604803931653339 0.3052709206876665 0.6574750679518527
109 1090 0.006760886344703443 0 -1.0571902107188618 0.499394132969029 1.1588894631052944 -0.09067991700097129 -0.05079263617696385 0.34825556435920824 0.9408816083062638 0.5619147212089195 0.30675165882093663 0.6634619151150166
110 1100 0.00688611709763788 0 -1.0458588744864254 0.4983249501117627 1.147774171275031 -0.09237996941742622 -0.05070089350101241 0.35737703187302655 0.9345678390862174 0.564716478612386 0.30272353615388187 0.6644275046822605
111 1110 0.0072105797162088535 0 -1.0462250969382698 0.49820619813205913 1.149810688038796 -0.09028758561670464 -0.05081728014215217 0.36480716548393355 0.9339523280479172 0.5680897782129701 0.31045707127456307 0.668085689325207
112 1120 0.007415696426151638 0 -1.0463526313208393 0.49817064728381955 1.1470479804579554 -0.09148202195373613 -0.050547534022063544 0.3714708370277354 0.9278071640794582 0.5651336978405793 0.30160324916894665 0.6758537792771696
113 1130 0.008157913416414088 0 -1.0458846479387252 0.4969834498850095 1.1557164294716344 -0.09263925757436456 -0.050730077616498476 0.3822675576053113 0.9091894549091365 0.5750238840507078 0.3096166138892075 0.671580351010348
114 1140 0.008620768195270734 0 -1.0448532966128035 0.4999431114547794 1.1433989103288213 -0.09315763015499356 -0.0504027255024306 0.3843537361984364 0.9182432311936494 0.5691383513513449 0.3053712053640702 0.6739619434218742
115 1150 0.010525259759996939 0 -1.0494671802351518 0.49899382623111505 1.1277709281794797 -0.091232049782759 -0.05056899003521729 0.4114217750168434 0.900958594312353 0.5581599281974363 0.30377698153765864 0.6749401236027815
116 1160 0.012418427654947098 0 -1.0508644245875118 0.4974784342891416 1.1379561607875608 -0.09038056766541111 -0.05049883226881708 0.40770310111913644 0.8953873523917363 0.5379870208731317 0.29734523882354164 0.6687176224334834
117 1170 0.013867612419015386 0 -1.0538740917893885 0.497704805978823 1.10275172292613 -0.09018471294878128 -0.050207367398129275 0.42782906411897925 0.8943336620493113 0.5652155705549253 0.303308111524875 0.6956903498452864
118 1180 0.014680672884504097 0 -1.0491637229947033 0.49531145942210897 1.1635919231232437 -0.09012176916640591 -0.05106727003079889 0.3888274865981566 0.8977716372658868 0.5350612804508825 0.3110389208508759 0.6630251205368248
119 1190 0.015604970961608143 0 -1.0582586620889598 0.4977557275261744 1.1109682138242634 -0.09123396631815173 -0.051085694600185104 0.4322858063440907 0.8868689168644284 0.5571595519773787 0.33682980041828675 0.7114187059570465
120 1200 0.017004134721687596 0 -1.0548418447601322 0.4958554479798402 1.0883134293451613 -0.09437327141691478 -0.050763683637627316 0.42439851846102056 0.8853865459013337 0.5433300503518095 0.3225418923338111 0.7126729354575995
121 1210 0.01800889134670313 0 -1.061637577911053 0.4975279791460919 1.1118826509923507 -0.09036276622322897 -0.05135823858660523 0.4506368127020899 0.8508887248060838 0.5582300366956156 0.3578732143877204 0.6990212077335155
122 1220 0.019548667682712385 0 -1.0581208710111565 0.5001144326027256 1.0926554923272467 -0.09414998922583491 -0.05087128976391205 0.4681162258248831 0.8458118699154358 0.567189004929704 0.36574323851281904 0.7164501681415049
123 1230 0.02103850107818084 0 -1.061238944361465 0.49927381445044383 1.0527829301659204 -0.09412261367951495 -0.05069151553553827 0.4797369647080758 0.8650075487266904 0.5940100927572829 0.35973308512438734 0.7278108926039646
124 1240 0.02316239706763896 0 -1.0603035551917175 0.49487527920222785 1.0429995279955444 -0.09127212276589156 -0.05166759948737674 0.4949749454454874 0.8215621532664971 0.5753753990683115 0.3835062773270591 0.7391220566250172
125 1250 0.024633540117521762 0 -1.0633275242962563 0.5002336112974999 1.0099646092491052 -0.09021334208236478 -0.0511637874574523 0.4927393169056527 0.8483181360172837 0.6070467901236546 0.3737336115756302 0.7699670329214058
126 1260 0.025072060626983923 0 -1.0632859574408158 0.49417203484198163 1.0281888692741803 -0.09089177274294855 -0.051203517608665164 0.5101523672427926 0.8105999460741755 0.6208668489461487 0.4003206538357409 0.7667498594984751
127 1270 0.024998466740320562 0 -1.0739516513883007 0.49811584630298456 1.0190050748320596 -0.09195543392488453 -0.05119376075560877 0.5688887443956092 0.7762146686535715 0.6023268140375894 0.38408999278392947 0.8114938955733653
128 1280 0.02441076150917801 0 -1.0498665908441167 0.4928378401649956 0.9873371493978158 -0.09387472239271231 -0.051179792460964504 0.5074191179367935 0.8273400092751404 0.6446881203490746 0.36715245424746357 0.798711133105118
129 1290 0.023846169064715823 0 -1.0475390290600584 0.49889373768959144 1.1161312739166172 -0.09259321789369306 -0.05082285343153012 0.4276627833903489 0.7910050332203895 0.5859207349202482 0.339799879746279 0.7243104645871123
130 1300 0.025035291503969763 0 -1.051717490287417 0.49860040282666346 1.0592197132725678 -0.09343970796065434 -0.05044216832320238 0.42174024215228584 0.8342412463803028 0.5754806861146599 0.35329705144950246 0.7360619909328324
131 1310 0.025216280630509433 0 -1.0584515376160457 0.49627601955228257 1.051707802316589 -0.09167392602642312 -0.05016437225007264 0.45630335731364646 0.7942508997513417 0.62131640622767 0.3776659477558744 0.7746539098315655
132 1320 0.025358337396094152 0 -1.0514854925318189 0.492773500287837 1.0484401715525071 -0.0935402179174886 -0.05071949669760633 0.45044537011915803 0.8031271069835856 0.6144519043351521 0.3774255516414091 0.7798181468793459
133 1330 0.026626737330779495 0 -1.0615703905049896 0.4987698357433474 1.0382051162274717 -0.0919985376404206 -0.05088700202528305 0.5071621841802777 0.7789995108941227 0.6852718973865656 0.4266537777245508 0.829374165230642
134 1340 0.0268270329507763 0 -1.0688398370963141 0.49991270795420983 1.0412520990582488 -0.08920803748406884 -0.05058867108986047 0.525670092832585 0.7794703395764602 0.6599523562682074 0.4006955011426781 0.8373485114237199
135 1350 0.024379324673631738 0 -1.070884993521362 0.4969116334520278 1.0110164662399905 -0.09186881725442587 -0.05025007725187894 0.5211495902002804 0.7589189305487263 0.6311564779723077 0.38847237387832506 0.8137803812220594
136 1360 0.023760409150280288 0 -1.0714117992440269 0.49890867209678513 0.9844665076232442 -0.0893872045435063 -0.05035009799546511 0.564571479072395 0.7698180052359198 0.6396562481323254 0.4025344656862983 0.8115311860601514
137 1370 0.027499332620699177 0 -1.0709720255334718 0.5039760647135649 1.020151540484232 -0.09098511068280314 -0.05125338708174348 0.6474912677062922 0.65558352644318 0.6723530455423676 0.44971961332013427 0.8093862803251739
138 1380 0.028560263798690838 0 -1.0791693892575576 0.5024799847484855 1.0532165480426834 -0.09268238030693403 -0.05062200003860576 0.6177085077779494 0.6610471243340357 0.7088112865025853 0.4474656705755756 0.8102456803419928
139 1390 0.032212327311595366 0 -1.0824407922718005 0.49615064617261023 1.0555162589021576 -0.08965198318305542 -0.05056591262138988 0.6121331901869742 0.6337050224250519 0.69183349957414 0.44754748994133325 0.7884713006499062
140 1400 0.031488885443010144 0 -1.0809447020790457 0.49919841837615275 1.0865681678317252 -0.09200490819449576 -0.05054335034566063 0.598430048380589 0.6578599041958809 0.7011743049143273 0.45317487089657893 0.8076042574390021
141 1410 0.030888990464773964 0 -1.0777812973974907 0.4970211462115291 1.048327856691826 -0.08804056995779325 -0.05129085896682354 0.6428389385668691 0.6368679049840953 0.6830299125536714 0.4636794787372251 0.804689984565185
142 1420 0.030979736751647922 0 -1.0811141135785685 0.49675753617638907 1.0584145208115152 -0.0880525362625747 -0.050285180218972124 0.6762835131682833 0.5984548509656236 0.6396314751954445 0.43360527995818443 0.8161051821990338
143 1430 0.029600580008577605 0 -1.079117594311847 0.4950613859940221 1.0478111520049493 -0.09292741478978489 -0.04974057975051381 0.6634313433920797 0.5968804719588471 0.6969519730310729 0.4633752676269234 0.8285836859022979
144 1440 0.0276257725331689 0 -1.0750959855847704 0.5033030311073247 1.0577177068020713 -0.09285257866745748 -0.049376782709923295 0.6646930218232571 0.5813160865732114 0.7598637594818511 0.4530077877945087 0.8398137972346846
145 1450 0.026537320131186343 0 -1.0862912581119601 0.5000179951896717 0.9593010881165459 -0.0902555871594416 -0.049544897005866034 0.7208932191909523 0.6248843449897045 0.7732021993010338 0.4609814919259323 0.8670541015412309
146 1460 0.02915717330765885 0 -5.581397696506713 0.4960699835644634 0.9797912021379227 -0.0818209288588662 -0.05049805409124411 0.8119232949279572 0.5004679012958202 0.7597265195794797 0.5021340619969008 0.8965984429311502
147 1470 0.036668984028187086 0 -18.305440103676027 0.5058103550749556 0.9243055834632649 -0.0831649031046448 -0.049845050040557344 0.943899804007187 0.455148395324954 0.8847355302158111 0.5411666887596591 0.9244497456616796
148 1480 0.04358494379871589 0 -23.16958298124989 0.5057074494369167 0.9934088606201783 -0.07725337696757581 -0.050956066439628675 0.9477292463730597 0.3612568550077446 0.8577081515654256 0.5785075397105532 0.9191223708772106
149 1490 0.053966982176685496 0 -26.58323088680626 0.5105862898468093 0.8654534583153508 -0.07674393329469371 -0.05101326974305429 1.0595812019033555 0.34218302462890116 0.99086590470221 0.6125046531601601 1.022011867376741
150 1500 0.06428689781208219 0 -28.314409588269076 0.5210833317696006 0.7983260345963189 -0.07541517370790762 -0.05084599714781361 1.0450962617056423 0.42268839925475576 0.8966224930137247 0.5273439310506519 1.004106333293339
151 1510 0.07602515660817503 0 -26.504152399602006 0.5225982648563535 0.8756258271967257 -0.08319541049447693 -0.05072582500397577 1.1150960532182934 0.35583184401172174 0.9664348671475051 0.5434940937741949 1.0283131561913124
152 1520 0.08105904146018748 0 -23.534646030543303 0.5204713828050771 0.859726848546706 -0.07144828087053494 -0.05191616134217248 1.146748980221867 0.27766372914755255 1.0240383509608029 0.6058324435986233 0.9857820124445356
153 1530 0.08715710328099305 0 -27.324608043177978 0.5170078487162895 0.5994028656101155 -0.07213112556677252 -0.049903902331785696 1.0476278134935786 0.540249334227108 1.0277961489379028 0.44296248074591893 1.1181938062454408
154 1540 0.09104902362374048 0 -29.761866463328577 0.5114207358658976 0.7537355911205817 -0.06357701728182272 -0.053256556384132105 0.9836146729730586 0.6555383288184016 1.0579646963932956 0.5450347217655808 1.0859908273415095
155 1550 0.09381608449762378 0 -26.665538504262603 0.5157569192993842 0.7301130125813918 -0.07684189971640942 -0.05068893573405053 0.9379257167426845 0.7615400098586791 1.0814905803751471 0.41944870783378124 1.1135192123085729
156 1560 0.0956252331229234 0 -25.90272026237785 0.5238364765023062 0.770141498917251 -0.08092368485752913 -0.050987964914509645 1.0015764913864131 0.6601606548003475 1.032096931660628 0.378888327408346 0.9710159102162386
157 1570 0.08533178901321134 0 -27.17179009440063 0.5123738971330356 0.7322248030462944 -0.06519918959056682 -0.053996939163123404 1.0632725622954127 0.695787692380441 1.0932781219848267 0.5606632300960495 1.088327299652679
158 1580 0.08174209109806686 0 -29.64868217545095 0.5215171190789891 0.8125590799404282 -0.06960712736306075 -0.05471047155783227 1.016578101607893 0.7069984889763278 1.1267474171982603 0.5456792507428052 1.0070394406848118
159 1590 0.08150932016693259 0 -38.66590975986031 0.5037030344116825 0.6018055503821143 -0.07747036863084765 -0.05413677378985066 0.9595529632501971 0.8401229849685892 1.0363176434428911 0.4908249409116656 1.0407747613527356
160 1600 0.07992135823308984 0 -41.61679211316561 0.5102685482719177 0.4781085421221062 -0.07669548592641295 -0.052295719432681374 1.050230308291561 0.7629904573808572 1.074381780003753 0.5132219914731838 1.1785331203968301
161 1610 0.08320836330096858 0 -48.012793672554864 0.5045066813137546 0.5153527563915316 -0.09358604799150108 -0.051474000343033226 1.014401829164735 0.8592553858420224 1.1277838595893226 0.4837236510635187 1.1635606885319145
162 1620 0.08921469760441561 0 -30.74980449259537 0.5018938534322074 0.4916702517010943 -0.08199662637300996 -0.050979277926125596 1.138507282778858 0.7601737142547366 1.197729291914094 0.46895058164834086 1.1575188735733757
163 1630 0.09129536465924462 0 -40.20929636934058 0.49440214925509585 0.30450895524692057 -0.07793969487633065 -0.0539380064739584 1.0429377650966443 1.0195087989422604 1.0687788583269187 0.47411207362985774 1.1155487621121802
164 1640 0.0940219839625526 0 -48.404119122078335 0.48888375006883916 0.2024753107752861 -0.0876697482305366 -0.05124105616259742 0.9694175336792668 1.1339182285867753 1.0231443258927038 0.37188245803296643 1.2068993343014338
165 1650 0.1040142725357829 0 -51.61993863160023 0.4859367633317962 0.1594329236014188 -0.0917643904900265 -0.05050568499409499 0.9924571699671741 1.2390270854252152 1.0709840198681446 0.3724249707582672 1.307220877368642
166 1660 0.1124458510579498 0 -71.44640233570226 0.4764432537326423 0.09131357607357955 -0.08241649497589998 -0.05681472136301845 0.8086765826514233 1.649922880612313 0.8999359854595732 0.3059555419056228 1.167158517439827
167 1670 0.1212809698046784 0 -58.3562136794713 0.47918550745766875 -0.11019759534826373 -0.09615741494300208 -0.05586083975772352 0.761284582023767 1.8615078732513441 0.6741210617954817 0.20446372044075048 1.1195018514275972
168 1680 0.12092399831576603 0 -63.15895121485165 0.4673977479620544 -0.08533713031223819 -0.08002409844790398 -0.057616219501885606 0.8497395614628233 1.7093870583820152 0.8281354892353019 0.38768856214181857 1.165905522381212
169 1690 0.12247113703633643 0 -62.91760798989658 0.46093850920515045 -0.06881092114613516 -0.07606777452984458 -0.056389397999729085 0.6298715099274068 2.0478708864317903 0.6945492903631209 0.16456241029043528 1.1458963366595183
170 1700 0.11399907584861545 0 -55.5772488172872 0.47254127872180063 0.09185319696416018 -0.07784686701738103 -0.05800443679832445 0.6514632995430073 1.8139320099061287 0.5479787815918359 0.19530892521145732 1.0460794546535062
171 1710 0.10481547079043901 0 -77.59358908169338 0.47877054764448745 0.02979794036541178 -0.09719397274347805 -0.05361600191445082 0.6933369225789214 1.791995271906107 0.7382786453374536 0.20692623041876035 1.2420690392671436
172 1720 0.10943085908542642 0 -75.82053426071293 0.4636018652607373 0.0683480579439554 -0.08964088116150314 -0.054644187486765625 0.6673786060870645 1.5890870020978112 0.6007371738129312 0.30254633895747973 1.1767502899629547
173 1730 0.10189123848847137 0 -96.67499729409697 0.4500304927479555 -0.027887632436654035 -0.08793424953504239 -0.05491576165229487 0.5619506351030654 1.8497570591475807 0.6057171457566151 0.18309696273032958 1.2376901007641707
174 1740 0.09593805111179374 0 -71.61055946498422 0.4813801065182242 -0.08561710144082255 -0.08128234823439871 -0.05458422641162969 0.8251736989571243 1.5939626694839917 0.8716587922975632 0.23704036661988565 1.2481342469783083
175 1750 0.0935467192395212 0 -66.19460145595885 0.47120480204308146 -0.030736511106040733 -0.0822818967172191 -0.05515817574601236 0.7184873514408255 1.7883392436235386 0.5754682416959482 0.17521102635196345 1.1519155302975632
176 1760 0.09432170082870048 0 -67.0895892848075 0.47367261321130805 -0.08648942112482771 -0.0843121314857173 -0.05473350733698293 0.8481270759337396 1.6171029980888867 0.5465303826665786 0.22621185769205499 1.1202763192816654
177 1770 0.08482596557576014 0 -63.14460643425648 0.4772720244868107 0.09647571682206743 -0.07028712013690598 -0.05585259782285196 0.8111482626801997 1.6240116739445651 0.6893815088613684 0.23839369034835028 1.0626521984114923
178 1780 0.08428383462527304 0 -68.80346471758038 0.48354256355977276 0.09838112751405742 -0.07078302273319327 -0.055170098994441745 0.7694954703551732 1.4210653552939656 0.694157643645043 0.18616443916019976 1.0617799791271683
179 1790 0.08436420828702273 0 -74.07759923365725 0.48395855641784075 -0.047063597921061746 -0.08796378303605618 -0.054380762989259805 0.8112148728013099 1.582537222583516 0.5618832957373507 0.20510413750974735 1.1356152588541217
180 1800 0.08717002284967289 0 -74.53378483472527 0.47332733894177126 -0.07095144448564702 -0.09046156435400568 -0.05748865534288409 0.6671809506555334 1.8489952104152259 0.3371618183095893 0.10402736134514906 1.0893482215459214
181 1810 0.08016874266506493 0 -85.82315172962 0.49102160328993155 0.042927081547290594 -0.08760083438822493 -0.05558544364343895 0.7222910764751302 1.6472601882002167 0.6980443033597779 0.20932069103332773 1.1875644407453123
182 1820 0.07642061138563373 0 -94.70792443718226 0.4835543497516045 0.03954713932530722 -0.092483366394803 -0.05655711904970432 0.6957241155902452 1.6620154603886335 0.5708675432671098 0.19051290954951028 1.101261051109417
183 1830 0.07093023924895002 0 -79.26607901611173 0.4760582149431684 -0.05874685517338818 -0.09092476245267733 -0.053899168492757554 0.7686568506006339 1.688627634741801 0.43250948558033003 0.13854113808058052 1.0789306366143503
184 1840 0.0639336681102429 0 -80.80763016239614 0.4784158400058381 -0.06506712468830451 -0.09500814893178065 -0.05589726882928337 0.7378400979599917 1.7940694310004723 0.6088297121554778 0.1641598396113979 1.1307216014423926
185 1850 0.059416826017203085 0 -90.63755324795115 0.4836814417374247 -0.04995571072572594 -0.10460663257511249 -0.05374191842556018 0.6738186477048946 1.7828363968754415 0.5274994832500335 0.10779149411846231 1.1257588681374058
186 1860 0.057240073540035304 0 -96.98948166553288 0.47591223238702557 -0.03888486421160558 -0.0949270555319959 -0.05493088383255626 0.5966057870115634 1.8878630724739671 0.6159683265773546 0.14432847883035682 1.1909534294776125
187 1870 0.05545258831811818 0 -76.75563674411013 0.47313180440513103 -0.07438496187309267 -0.08654649458459883 -0.0546056997688969 0.7263692783874636 1.629968463929585 0.6134000792263044 0.2287786845297068 1.1844763322218579
188 1880 0.051102852122985806 0 -99.26045836581382 0.4825636042610408 0.03697245208579541 -0.09516248311317275 -0.05548319220208783 0.6767581005256335 1.6840359855369877 0.503773648199995 0.17421970205978077 1.062263189269495
189 1890 0.052319293876407144 0 -103.19675134356079 0.4691785229663249 0.03105682236648697 -0.09435317116449228 -0.054232740226447945 0.5283429534477493 1.8798312613611332 0.575980400597464 0.13858548560942965 1.1271635135404072
190 1900 0.05412963769356861 0 -107.84846534888746 0.4615725521210845 -0.02520753138831844 -0.0946453947384401 -0.05520399479282012 0.5022004640754281 1.945196445521466 0.42592746722332087 0.08596346599192227 1.0961166930147945
191 1910 0.05633759892185323 0 -85.58716559301834 0.4563815495362877 0.021382511438547223 -0.08866464180876789 -0.056152211814133435 0.5511871403461929 1.9635977328489957 0.5508681221824536 0.16261190684747995 1.1494028628973294
192 1920 0.05558816865502976 0 -92.52570627253517 0.4553387070695742 -0.03489049833777861 -0.08533599195941455 -0.05480817641431151 0.5838984808787447 1.8515506745355985 0.5023705121764489 0.146829228070963 1.1243881815965115
193 1930 0.058058432645020565 0 -88.02750694470431 0.4516312537509718 -0.03304112175600905 -0.08758159846290112 -0.054114619096785006 0.5973370170171239 1.8964056783677679 0.5615442569170459 0.137353820559848 1.1286094355158134
194 1940 0.06281796522142075 0 -89.83524048744829 0.44363906897876143 0.01623509418532336 -0.08731309158688631 -0.05395909425048612 0.43884947728043644 1.9535508406389075 0.4664389572416891 0.10554379968679639 1.064939049109937
195 1950 0.06163085270237575 0 -86.33746813754098 0.4470142919148999 -0.03678615226592925 -0.08557185479132992 -0.05438790237814951 0.4744623180024782 1.9966828095694331 0.5969881725233216 0.1141697210863474 1.1663732922793197
196 1960 0.05601408759067258 0 -91.8642518216371 0.4406641201886971 -0.015973208260720736 -0.08851186620956189 -0.054665886519247475 0.4247730350849038 2.0533506808907873 0.39890128454344786 0.06576312805194787 1.0802193029039826
197 1970 0.053228787204668726 0 -82.1321554151115 0.45519829494205416 0.03792518488039411 -0.07641063326691805 -0.05428238813328818 0.5198327754626931 1.8372159182664451 0.5012394001606573 0.14583230304911926 1.1116024911922846
198 1980 0.052532309329555514 0 -90.28763204691442 0.44692542639835386 -0.0249567342242632 -0.0834893734234422 -0.05560838671271318 0.4523407836915114 2.007555501745941 0.4716069489382675 0.13077762966347065 1.1372090922534535
199 1990 0.050599882823200854 0 -81.34360565863963 0.4495839219969604 -0.014005354513224459 -0.08862634012102694 -0.05544705854257695 0.4265375000260364 2.08758914290241 0.4118687701978886 0.07078738196651442 1.0877130049521293
200 2000 0.049230483974953554 0 -94.89607720402778 0.4524705957362624 0.017004561569882858 -0.08848495290996708 -0.054784779491381774 0.42658387381885154 2.0383132349709054 0.3898659212038102 0.09041433399951068 1.0598802197102462
