% # columns="iteration, evaluation, sigma, max axis length,  min axis length, all principal axes lengths  (sorted square roots of eigenvalues of C)", seed=103144, Tue Feb 21 18:30:10 2023
1 10 0.09248891716367734 1.0000444454321133 1.0 1.0 1.0000055555709877 1.0000111111728396 1.0000166668055563 1.0000222224691375 1.0000277781635838 1.0000333338888951 1.0000388896450716 1.0000444454321133
2 20 0.0966314216006598 1.097210508412762 0.9145092001229367 0.9145092001229367 0.9452905459147314 0.9858252494212616 0.9977839488034648 1.0005732776472247 1.0029103296950108 1.0137405243556379 1.019105209856872 1.097210508412762
3 30 0.10797982697645864 1.1826937010943734 0.8819159204341473 0.8819159204341473 0.9301698219266905 0.9466740980086225 0.9774033942506447 0.9899160888258843 1.0004725970796176 1.0067375833074028 1.0437833238397645 1.1826937010943734
4 40 0.10562632625618061 1.2385287579237698 0.8720996949512777 0.8720996949512777 0.9002532119298322 0.9323985041815777 0.9586129392027001 0.975569658263363 1.0116071945499592 1.021755667931808 1.1055947589528703 1.2385287579237698
5 50 0.11069057036445795 1.26425850150428 0.8592354575112334 0.8592354575112334 0.8670513523255822 0.9182013687857487 0.9420695421947278 0.9602405440437403 0.999563160993044 1.0245649454779853 1.088259396455338 1.26425850150428
6 60 0.11416083995283913 1.301030633189213 0.8039207913602214 0.8039207913602214 0.8446633329855185 0.9246782040660604 0.9367628932785858 0.9714526962786351 0.985692921755694 1.0607262976517668 1.0916741436306514 1.301030633189213
7 70 0.11798815590317879 1.354377079346618 0.8036333015351386 0.8036333015351386 0.8196186536035529 0.891201662178342 0.931279809431741 0.9538125804759704 0.9820053179756797 1.0644494853224848 1.111461374623128 1.354377079346618
8 80 0.12170399111766589 1.3969477157363084 0.7989812130871982 0.7989812130871982 0.8162534469415074 0.8384009463921619 0.9059516169969879 0.9450485135205675 0.9773002054093187 1.081367442494102 1.1209571136151368 1.3969477157363084
9 90 0.1326609704244364 1.3985048607055994 0.7420230010168923 0.7420230010168923 0.8201090406568879 0.8431470085445457 0.9170955836243952 0.9605833057877383 0.9768151778537614 1.0589955503887207 1.1282855269162857 1.3985048607055994
10 100 0.14574858644321254 1.4027243078451144 0.7129948166785892 0.7129948166785892 0.8199842707214268 0.8321775324812597 0.9163339624773844 0.9662250914181262 1.0303454022855576 1.0875143124538433 1.154134193508568 1.4027243078451144
11 110 0.15554265296262762 1.3323801467700558 0.7245847035314507 0.7245847035314507 0.809502313270942 0.8541877131020298 0.9061771847878681 0.9414972302354883 1.0274654410459887 1.069852983339718 1.2664059051640295 1.3323801467700558
12 120 0.14243122998555438 1.3660216868829163 0.6844500339810121 0.6844500339810121 0.7804105231059872 0.8613488151305556 0.888275827904888 0.9375651482413538 1.0275985231107854 1.0774616126407224 1.3145053272444365 1.3660216868829163
13 130 0.14641373226931287 1.3813091738641086 0.6877690156528485 0.6877690156528485 0.7372685849635241 0.852079512116015 0.9100427993759934 0.939536010681743 1.010489915400402 1.0704234950493154 1.299679511170637 1.3813091738641086
14 140 0.1482704568193917 1.379585939389003 0.6793399772458425 0.6793399772458425 0.7204522418133147 0.8445958337887276 0.9140099001261545 0.9619695137254616 1.0191971772922837 1.0984785496004383 1.2680331777571934 1.379585939389003
15 150 0.15199931108020454 1.3797362395816049 0.6773610287006036 0.6773610287006036 0.7365339872980482 0.8169239186451192 0.9000024310474384 0.9691738592921223 1.0383274490840104 1.114216665885038 1.228941435720962 1.3797362395816049
16 160 0.16069301113390289 1.446947969363092 0.671197563965808 0.671197563965808 0.7328774278136843 0.7839306633012012 0.8859866819673116 0.9642266593062881 1.0453905937396422 1.129311432557856 1.2333276186732538 1.446947969363092
17 170 0.166411626014903 1.5572264752236387 0.6816676759880808 0.6816676759880808 0.7180797068410811 0.7786720590698593 0.8722913449275187 0.9509399962354764 1.0010800637168589 1.134465639134994 1.2344632986666773 1.5572264752236387
18 180 0.15871738872689217 1.5827021269486212 0.6764730132543856 0.6764730132543856 0.7091986504304456 0.7790590202909322 0.841597547735178 0.9541966642861263 0.995651848542148 1.1228116001595547 1.2454321838806024 1.5827021269486212
19 190 0.15119372870127332 1.6053406540958854 0.6577641250735626 0.6577641250735626 0.6980782063063677 0.7661484593725698 0.8492103272263976 0.9213397245812148 0.9591769065949847 1.1164782385936354 1.2424573514628952 1.6053406540958854
20 200 0.15142511472706957 1.595446959210448 0.6577933892298328 0.6577933892298328 0.6982454609337154 0.7528834344474303 0.8403686700695087 0.899549900587905 0.9839104545788485 1.1259611111727217 1.198218175689908 1.595446959210448
21 210 0.16202051591285463 1.6685328754905038 0.6199489638468466 0.6199489638468466 0.6954832529323419 0.7419344029582633 0.8471271381753009 0.8583667398550349 0.9704400548704671 1.14098591527721 1.201890468516572 1.6685328754905038
22 220 0.1681357663909708 1.8236547800721234 0.6132285654688275 0.6132285654688275 0.6957708174820715 0.7400125871195578 0.8105788739420889 0.8720293876074666 0.9637651736012972 1.1362192307101016 1.1996649985705559 1.8236547800721234
23 230 0.17652007318534454 1.772290019984057 0.6458741338027423 0.6458741338027423 0.6964697761082213 0.740510993624072 0.7743307237182869 0.8439971658891037 1.004393303704911 1.1216327780332391 1.2051974678385111 1.772290019984057
24 240 0.18092426646279092 1.8077515997543565 0.6075023822495192 0.6075023822495192 0.6950972954425263 0.7271972881474879 0.7677340889421541 0.8268916694631979 1.0590401296863188 1.1105805186423088 1.1935827422418146 1.8077515997543565
25 250 0.17608797071172444 1.8176940002869515 0.5999749081438397 0.5999749081438397 0.6887577482355532 0.7109940775571247 0.7684780592657673 0.8171890789381262 1.0655712914482078 1.101768181419578 1.183370249446117 1.8176940002869515
26 260 0.17631753932948685 1.7896958745996678 0.5830389907707185 0.5830389907707185 0.6814243651990397 0.7112317458104784 0.7777471165606852 0.8178587696282533 1.047799758030187 1.100698164171095 1.1893529700775742 1.7896958745996678
27 270 0.1859712591457701 1.7608874343618202 0.5576184687109705 0.5576184687109705 0.6838825847412298 0.7158809795870783 0.7723459634995073 0.8238184771805789 1.0597210100639394 1.0911290380680525 1.1794796095813458 1.7608874343618202
28 280 0.18908848619554525 1.7693276742298902 0.5574350178302544 0.5574350178302544 0.6735842590905311 0.6972354567902291 0.7735833633479359 0.8753842347786527 1.0406423194450853 1.0884506468959017 1.1716262773643793 1.7693276742298902
29 290 0.18175028677942087 1.808620479176026 0.5052447641026028 0.5052447641026028 0.6791282949134537 0.6985839498173277 0.7839483801112374 0.864057734294904 1.037544795118422 1.121362512894829 1.1520667634544974 1.808620479176026
30 300 0.1880885527972881 1.8051094669347136 0.4967034084431247 0.4967034084431247 0.6419527205394817 0.6966613622710356 0.7692348549832898 0.855815507748519 1.0596197710190018 1.1214895476702285 1.1436153767262347 1.8051094669347136
31 310 0.19280288370015433 1.7811953461886223 0.48361261652431153 0.48361261652431153 0.6592136693148041 0.6956937262284514 0.7616146189151848 0.8540164529903221 1.0547851001528568 1.1277265198205069 1.1429738680973043 1.7811953461886223
32 320 0.1928961030505821 1.8397235385290227 0.47639716190298204 0.47639716190298204 0.6570343511936284 0.6716539431544913 0.764356424329682 0.8563143211664 1.0654795062456255 1.115781361543911 1.144809157529711 1.8397235385290227
33 330 0.19015162235579988 1.9148366760930045 0.4601892023792469 0.4601892023792469 0.6635391217440371 0.6834215667625192 0.7623755260615673 0.8144553322383434 1.084666940546222 1.1174897594259703 1.125734681522734 1.9148366760930045
34 340 0.1893203561604245 1.9688503183423924 0.4462174503802358 0.4462174503802358 0.6617558186870903 0.6786398568744119 0.751218376654181 0.82623988705426 1.0557397652360756 1.123367513824152 1.1424460131058751 1.9688503183423924
35 350 0.17833198962771565 1.953914459687406 0.4269900916796228 0.4269900916796228 0.6624116453567542 0.6713951838145242 0.7522424299448882 0.8479228754182311 1.0603526356940356 1.107578105989058 1.1520146556082942 1.953914459687406
36 360 0.16759226853626397 1.8325080593136671 0.4243965668812383 0.4243965668812383 0.667821498270185 0.6750977612490315 0.7428776827023208 0.8439346061905528 1.0516417916106016 1.1088911002527382 1.1393117916181916 1.8325080593136671
37 370 0.16559743694254395 1.8433139859253795 0.4176654923794431 0.4176654923794431 0.6525204682354682 0.6856319687592666 0.7438311290967169 0.8480860509389251 1.0424203277653017 1.0919689686645382 1.1509925215701626 1.8433139859253795
38 380 0.1585957083161616 1.7498325112797897 0.4106319044929612 0.4106319044929612 0.6507610774777958 0.6878750179599347 0.7245854818451305 0.8553652808131267 1.0263272798962402 1.1441764279691822 1.175592280654807 1.7498325112797897
39 390 0.1465862813786144 1.7533524722778104 0.4033857292743747 0.4033857292743747 0.6379874016302746 0.6783573640161781 0.7075082169264802 0.8744078576763256 1.0027221467956946 1.1512583961311267 1.178781624549925 1.7533524722778104
40 400 0.13585651975053029 1.7759312885766088 0.4066569966367361 0.4066569966367361 0.5948474014588616 0.682091281718838 0.6896661094848436 0.8711251922080965 0.9782574366421634 1.1628590152979847 1.1864671677029421 1.7759312885766088
41 410 0.12656472410587497 1.7289672580410704 0.38786653882280664 0.38786653882280664 0.582164316597292 0.6816332830538046 0.7101634808105634 0.8776001606185553 0.9889491596017168 1.1676166538598767 1.1902692543323756 1.7289672580410704
42 420 0.12062585112118514 1.7260823900496616 0.38916963690569106 0.38916963690569106 0.565071902309125 0.6790034713727161 0.6998346700265874 0.8819098069498016 0.9115087490963708 1.162035227099632 1.207592531556907 1.7260823900496616
43 430 0.1081326342736534 1.732134756376529 0.38652195605977097 0.38652195605977097 0.5628979882717166 0.656478166375276 0.6885330902732524 0.863606465408039 0.9209922209044683 1.163974102421843 1.2029814170547526 1.732134756376529
44 440 0.10798473613830623 1.730641924399995 0.3801604364169836 0.3801604364169836 0.5572365398195985 0.648414759851944 0.6841090594188918 0.8422277515770878 0.9140158528344264 1.1454607550188036 1.1732746332711699 1.730641924399995
45 450 0.1082143832850592 1.802969474228664 0.3539015339979843 0.3539015339979843 0.5899956578563013 0.6292092914971497 0.6703198324883753 0.8445917958706473 0.9102011270040797 1.152530066826369 1.180760240046678 1.802969474228664
46 460 0.11575141414878808 1.8605805230276233 0.34453674882627966 0.34453674882627966 0.5792665361370191 0.6247899907055414 0.6620491951815833 0.8503468731728854 0.8825054837330056 1.1126408001731016 1.1918212786181603 1.8605805230276233
47 470 0.11978310230398147 1.89509129803794 0.33500784764663893 0.33500784764663893 0.5922979000638442 0.6278591830438854 0.6454846642398071 0.8358886989889597 0.9481289029741223 1.0958971176291026 1.1740054601508687 1.89509129803794
48 480 0.11945475719253687 1.9265009714186152 0.33650975683133605 0.33650975683133605 0.5822012466818388 0.6110357952050669 0.6668875044660458 0.8357188924054665 0.9262772655934608 1.0670297230315366 1.1848035587778067 1.9265009714186152
49 490 0.11049452234293944 1.9740201871104526 0.34128825091511394 0.34128825091511394 0.5680914766990315 0.6147129710494694 0.6787700243519691 0.8152221832869571 0.9138413950143064 1.0624888951304743 1.1834236388963004 1.9740201871104526
50 500 0.11584030766722515 1.97800037081012 0.3467966600493138 0.3467966600493138 0.5450475939099594 0.5866415675290486 0.6783330458960312 0.8206096530326478 0.9171720771822958 1.0640067554775818 1.155601884401028 1.97800037081012
51 510 0.1313623332257568 1.9711973355146593 0.3495254752610287 0.3495254752610287 0.5403999534930795 0.5711611138836215 0.6686825002233134 0.8383212717852995 0.9481405861469338 1.042201385978095 1.2486819518403007 1.9711973355146593
52 520 0.13490608449994615 1.977693572598992 0.3481734287389223 0.3481734287389223 0.5323143883672113 0.5745876245260507 0.6600222014244129 0.8297441725518994 0.9273886742581445 1.04654668610873 1.3915501655943714 1.977693572598992
53 530 0.13354858286036292 2.054383446995698 0.3381765147274484 0.3381765147274484 0.5327183634205452 0.5612018464335613 0.6540527666584076 0.8107050926427145 0.919988208855389 1.0140769901231743 1.4232670141817267 2.054383446995698
54 540 0.12254654246788137 2.047282916486431 0.32662916113023827 0.32662916113023827 0.5297843685349569 0.5451322520658136 0.644660226850399 0.8101955611664688 0.9157584475360523 1.0092991223828032 1.4540848403128699 2.047282916486431
55 550 0.1202966060236017 2.03183163533473 0.3197639619804636 0.3197639619804636 0.5102849601362973 0.5478014636706946 0.646644998029544 0.779695712915745 0.9054841262539896 1.0251254319871337 1.4403334638157652 2.03183163533473
56 560 0.11860860910787219 2.011063272328738 0.2998507240970288 0.2998507240970288 0.5115310210141522 0.5493033261597045 0.6456214012509012 0.8083047949533986 0.9085389960647433 1.0196706475602346 1.4321778539084506 2.011063272328738
57 570 0.12318544005113989 1.9820508438959357 0.2923383361942685 0.2923383361942685 0.5061549737573823 0.5439966275097307 0.6615682942572522 0.7858968185251203 0.9316455144739961 1.0118634453593267 1.3900544987116923 1.9820508438959357
58 580 0.11936595734681436 1.9673908526987056 0.2795996147477857 0.2795996147477857 0.49748640665124694 0.5184493192063113 0.6825666589523506 0.7956405493986517 0.9547572700740897 1.000764239951421 1.393955741876423 1.9673908526987056
59 590 0.09956585640426069 1.935367839489193 0.27223727675574766 0.27223727675574766 0.49843969557568113 0.5077609103815075 0.6765661692036309 0.7801142089987605 0.9566905394744751 1.0059428006096216 1.391555799916746 1.935367839489193
60 600 0.09344333640104599 1.9403204662399487 0.2558362453993663 0.2558362453993663 0.4935879211360605 0.5068808400079404 0.6885090590614442 0.7811026589899152 0.9446147700581334 1.0105581495038591 1.3565477351908497 1.9403204662399487
61 610 0.09482841244256104 1.8659714060807988 0.25039179443948023 0.25039179443948023 0.5056433931440848 0.5197567321570182 0.6668944457460649 0.7746278814281182 0.9512210457953103 1.0205956138038672 1.369038082171338 1.8659714060807988
62 620 0.09751256530699538 1.8713392276447527 0.2419241137574546 0.2419241137574546 0.5085732606453603 0.5205426360502989 0.6462996595390835 0.7852240008346173 0.9325499505577178 1.0616218157763522 1.3732984069141434 1.8713392276447527
63 630 0.10123969689779701 1.7983665429828333 0.23882370003793127 0.23882370003793127 0.507991007096892 0.5510905935429353 0.671867335969946 0.7550205937203559 0.928629270195006 1.079004447835703 1.3682844271295502 1.7983665429828333
64 640 0.10664706638276085 1.756112480878414 0.22710206046933182 0.22710206046933182 0.5060869710981057 0.5583765278956443 0.6727103484870576 0.7554694001795168 0.956627106842426 1.0694286141890816 1.3444381404045507 1.756112480878414
65 650 0.09810216512791738 1.8217322238466305 0.21224797241170976 0.21224797241170976 0.5000159987987086 0.5756493463896319 0.6743166766605045 0.7253084933973378 0.9513048569633921 1.0750161376900966 1.3423239578563588 1.8217322238466305
66 660 0.08968039495330046 1.8191574469743257 0.20840042824490435 0.20840042824490435 0.48992898940806995 0.5796406581395857 0.6612822768447778 0.6973890052620292 0.9368078326940632 1.054436411285635 1.3239795103673881 1.8191574469743257
67 670 0.08701603891498425 1.8213944325249976 0.19488905458411715 0.19488905458411715 0.49707475592819983 0.5729485679437157 0.6817751669237545 0.6851334487090753 0.925438206765932 1.0539446778695205 1.2963332373708336 1.8213944325249976
68 680 0.07783179360978841 1.7933759951190769 0.19045094502605456 0.19045094502605456 0.507758764289501 0.5619059192799698 0.6755839804905264 0.7023599977236571 0.892552989141703 1.0465566143502532 1.2635843510742226 1.7933759951190769
69 690 0.08447755534284855 1.785087856738492 0.18700686375583253 0.18700686375583253 0.4942845607598558 0.5612801889428328 0.6525906363031323 0.7064833740248377 0.8626881290126569 1.0486758535023826 1.2572342996158226 1.785087856738492
70 700 0.09051408883639477 1.7616711164581735 0.17485485716177052 0.17485485716177052 0.4982684235369789 0.5815022681912004 0.6702541879575307 0.7012394470715125 0.8593491005325405 1.052890547562099 1.374814813873351 1.7616711164581735
71 710 0.09892982361398384 1.676899750886742 0.1714247026642765 0.1714247026642765 0.4974264393921355 0.5898045998754601 0.6655302709350708 0.6960327274554221 0.8397124785365319 1.0837277082695496 1.4104124393684638 1.676899750886742
72 720 0.10214097269410218 1.632697497461245 0.1665789193299319 0.1665789193299319 0.5011402893261642 0.5941802191468394 0.6633168506332727 0.690445870142541 0.8725418190920522 1.0862322518428436 1.421798493934344 1.632697497461245
73 730 0.09966115577649189 1.6016247349484773 0.16437949210084163 0.16437949210084163 0.4973026477082923 0.5979335639536719 0.650294926307102 0.6784377491668345 0.8857159625287073 1.0863162302487679 1.416190546766461 1.6016247349484773
74 740 0.09217823573708389 1.6108104443616738 0.16079127343876995 0.16079127343876995 0.48088469269344114 0.5921343339405021 0.6415956344084451 0.6970435640461299 0.88804042520604 1.0899123608245025 1.3671582274476684 1.6108104443616738
75 750 0.08795370232774306 1.6021788159149948 0.15517449888919072 0.15517449888919072 0.4788743795912144 0.5757320328552505 0.6433995593518144 0.7020243402618547 0.881498718467575 1.1298946013913564 1.3479303373890539 1.6021788159149948
76 760 0.08173161418768757 1.6139685815634455 0.15010874907932978 0.15010874907932978 0.46836548780603526 0.5733172737407578 0.6391700440175181 0.7033094196608382 0.8668458017830082 1.138525622249623 1.3325683971135225 1.6139685815634455
77 770 0.07912192785097445 1.5782204303708711 0.14187079530816551 0.14187079530816551 0.47054116772184734 0.5715950061760566 0.6541391627196687 0.7103767294986104 0.8585091761052575 1.1172700836338407 1.3225998049628156 1.5782204303708711
78 780 0.07725127593794943 1.5631307192926551 0.13854065190920636 0.13854065190920636 0.4537687712629632 0.5989573671248689 0.6643692281801532 0.7232631098935457 0.8264005503682235 1.0808729762861118 1.367583231774527 1.5631307192926551
79 790 0.06982087912153939 1.5447155328766902 0.13412536846442694 0.13412536846442694 0.4332113084538609 0.6043074926276506 0.6837575490994944 0.7369589336733325 0.8187427050275519 1.0744901716707072 1.370257438510523 1.5447155328766902
80 800 0.06700586084840207 1.573261779617313 0.13363448320890164 0.13363448320890164 0.4066851888768129 0.588867322611534 0.6873001857635177 0.741600604068786 0.812270897085443 1.0544487167141512 1.3543710230597579 1.573261779617313
81 810 0.06160504757885975 1.521547218164318 0.1313963274580132 0.1313963274580132 0.39902637005012165 0.6171357328433834 0.6752924677186727 0.7403771552646234 0.8040566536178845 1.035610709243491 1.3881376201332452 1.521547218164318
82 820 0.05733791304982618 1.508821798530153 0.12905863478724078 0.12905863478724078 0.37397525260550646 0.606737979476866 0.6755854414320851 0.7450305800731178 0.8275100828585163 1.0048631959618504 1.4350030987709688 1.508821798530153
83 830 0.055867829991465695 1.5208697733569596 0.12724965600471558 0.12724965600471558 0.3471237429040074 0.6157735424281252 0.6785243083294854 0.7377715188566597 0.8358793890937702 0.9900363191344128 1.4320967108918703 1.5208697733569596
84 840 0.05187627710054984 1.560603137049088 0.1256074460347506 0.1256074460347506 0.3508539731819215 0.6133037171861816 0.6747950582661899 0.7344797568212094 0.8539191579031389 0.9854060227937913 1.3959207124899649 1.560603137049088
85 850 0.05136456046579111 1.597347032473607 0.12095807667881969 0.12095807667881969 0.34148684631217113 0.6016507333497583 0.6793980044264091 0.7385371449903079 0.8532653452241341 0.9790362095420527 1.3803602444682013 1.597347032473607
86 860 0.04990775270627881 1.6351630331349587 0.11354306862614026 0.11354306862614026 0.338212088669562 0.5887717329170223 0.6797627362538581 0.7473435776832259 0.8587339677502246 0.9777037596052982 1.4002411884841126 1.6351630331349587
87 870 0.04965902962727551 1.6442614077649276 0.11075654648814535 0.11075654648814535 0.3462057450134042 0.5898323783185103 0.6658937377562649 0.7358897217177415 0.8539967803372229 0.9557360869193691 1.3967322139657747 1.6442614077649276
88 880 0.04898982345053895 1.6482949117061387 0.10883842640583818 0.10883842640583818 0.3341317082354837 0.6103661852651866 0.6497453364195838 0.7555015622171228 0.8568278005290436 0.9714854056062681 1.3274693421834263 1.6482949117061387
89 890 0.04578412924504336 1.630689984157083 0.10577739336571369 0.10577739336571369 0.33396795046556105 0.5996152970023101 0.6497724190546551 0.747550727483889 0.8493870289250451 0.970804100230506 1.3262847812118383 1.630689984157083
90 900 0.04527717055456248 1.6331158039636355 0.09915326517926412 0.09915326517926412 0.3337666840628403 0.6019607792547094 0.6567813721925186 0.7337003350478133 0.8364108113468424 0.9789304280701555 1.283594892291873 1.6331158039636355
91 910 0.044624866386200036 1.6285256157134818 0.09476926640316483 0.09476926640316483 0.33274415135613966 0.6075014798038455 0.6626402813779734 0.7144350036772964 0.8517643800877734 0.9748744806099379 1.2734044535824967 1.6285256157134818
92 920 0.04650396681783162 1.6453734478846735 0.09079326811373842 0.09079326811373842 0.32207265346071534 0.605665546239478 0.662121763268577 0.7203729746863126 0.849215063622703 0.970981073606953 1.2655402135778937 1.6453734478846735
93 930 0.04672355642229996 1.7543298388468582 0.08703507540134367 0.08703507540134367 0.3165806622848563 0.6059806322356461 0.6757226653800221 0.7121647295786716 0.8454817662389055 0.9726265712569067 1.2443414454695874 1.7543298388468582
94 940 0.04592421057635265 1.7522262455668722 0.08635205500336592 0.08635205500336592 0.3189998327214069 0.6055194764774627 0.6759181613076705 0.6795766445887785 0.8324551522120043 0.9662146308174963 1.2784725864277697 1.7522262455668722
95 950 0.044980668185747745 1.7990893720376648 0.0855785707765642 0.0855785707765642 0.31419874523680985 0.595076087287984 0.6697349534735727 0.6813200203215958 0.8189279701101406 0.9559367266253802 1.243378898296036 1.7990893720376648
96 960 0.04276253605043954 1.8602241988844492 0.08396557610449566 0.08396557610449566 0.3121884917547885 0.5579737582355924 0.641632479732596 0.6759134870581707 0.8276130559723192 0.9394258360119268 1.2584925688443254 1.8602241988844492
97 970 0.03989705725539803 1.8899246174201683 0.08155812262124384 0.08155812262124384 0.31336344137727373 0.5417233457616287 0.631760809347603 0.669945796657245 0.8264201942653018 0.9382722168728833 1.2203816041958613 1.8899246174201683
98 980 0.04087838490414115 1.8582434549832 0.07947607394163222 0.07947607394163222 0.3076387531238454 0.5294120950052343 0.6274808468000594 0.6660505880034627 0.8253422704071895 0.9356236018938083 1.210177088523154 1.8582434549832
99 990 0.03737721482685062 1.8997207100803029 0.07694449605646492 0.07694449605646492 0.3037916744169551 0.5087765066101075 0.6253487670262473 0.6746867209446163 0.8378594751299735 0.9635370317273381 1.1888275032952986 1.8997207100803029
100 1000 0.033202863799718554 1.8881907497031631 0.07536220077353198 0.07536220077353198 0.3007805492815311 0.49507896866149115 0.6271780788809816 0.658850048547644 0.8342959628277079 0.9702574602097347 1.1654503283859974 1.8881907497031631
101 1010 0.032286906864061965 1.8782506768535663 0.0744911037170646 0.0744911037170646 0.2930358212905961 0.4755686180730567 0.6301371920886335 0.6577402001700876 0.8338009876940733 0.9431047268605822 1.1630727654647501 1.8782506768535663
102 1020 0.032653615321386435 1.9150376925517956 0.07367492917980772 0.07367492917980772 0.2743615220174032 0.4778869537330647 0.6208684228063029 0.6462847731608108 0.8374932169312731 0.9548529083412873 1.1659307895173838 1.9150376925517956
103 1030 0.03395366496805712 1.8924632461073385 0.07356094615028395 0.07356094615028395 0.26697562411968234 0.4756356114638661 0.6168054271325992 0.6410555355347302 0.8159011301221257 1.0060005593567347 1.179769734007357 1.8924632461073385
104 1040 0.03507245002782093 1.826688488847037 0.0709945322303598 0.0709945322303598 0.27398075031247837 0.4614509349258738 0.6075814457058756 0.6601334144681814 0.8243071359298347 1.02005448676004 1.2104310523480968 1.826688488847037
105 1050 0.0333153743229167 1.8986066904100787 0.0676028570029397 0.0676028570029397 0.2800066159002401 0.45872147090738813 0.5970310060728781 0.6521745169582744 0.803953899132035 1.0369585822870697 1.2143675947701953 1.8986066904100787
106 1060 0.031187084677987708 1.911648098905957 0.06493083733042629 0.06493083733042629 0.2797266460927418 0.44287323430184944 0.5947752420049705 0.6543158493741598 0.8073893613366315 1.016710645352836 1.2506622168049804 1.911648098905957
107 1070 0.03114521999803411 1.9457769058702783 0.06395126980252783 0.06395126980252783 0.2742172848612454 0.440287028219991 0.577616306388971 0.6515306472877718 0.8051189089351556 1.0361537431839296 1.21655603167273 1.9457769058702783
108 1080 0.029020890196498225 1.8712381224871015 0.06253964986865355 0.06253964986865355 0.27714671888730286 0.44433491313597157 0.5748427573590794 0.6451385428921086 0.8018192889618543 1.0478312822232345 1.281114852252442 1.8712381224871015
109 1090 0.030838145002064877 1.8631339062969674 0.059467484015008884 0.059467484015008884 0.2679882984193928 0.4406609337513538 0.5697555263348874 0.6337944716055159 0.7820871861624036 1.0577502777218482 1.290937389368974 1.8631339062969674
110 1100 0.03213850524619392 1.8483239913005325 0.059285603704200066 0.059285603704200066 0.25356078456144165 0.4424344366530024 0.5629785340324255 0.6575355558523803 0.8183605051001724 1.0657749952889528 1.2576893505621694 1.8483239913005325
111 1110 0.03265552786149493 1.8404355108694004 0.054307985666945564 0.054307985666945564 0.2607314574935206 0.42468623977590664 0.5700731932263268 0.6726905378254268 0.8180619749674505 1.074041428069465 1.3116834120135514 1.8404355108694004
112 1120 0.03219939424396997 1.8204717883409902 0.05282154977469482 0.05282154977469482 0.2520790527180278 0.4277208883520977 0.5644061801473067 0.6736903910551109 0.7957371461164663 1.0497500556469508 1.3414234085014838 1.8204717883409902
113 1130 0.031832269170425344 1.8262563653301376 0.05179641341556024 0.05179641341556024 0.25369316627862865 0.4301767252870817 0.5487833872372974 0.6418329988713707 0.8010060533554404 1.0543433230309605 1.3296317510824003 1.8262563653301376
114 1140 0.0306750720027058 1.8209100578905824 0.05117580392011607 0.05117580392011607 0.25560179895431806 0.42685424769172936 0.5477546667563066 0.6310671260764975 0.8037268760505105 1.0174788722094468 1.3231166167556727 1.8209100578905824
115 1150 0.029756176767762155 1.8105798724830695 0.04950039862194616 0.04950039862194616 0.261195538596139 0.4212176380629845 0.5540599781991165 0.6309740079996397 0.7901188414720564 1.0022543992341473 1.2771834400613635 1.8105798724830695
116 1160 0.026731172612420993 1.7899057059914538 0.04731286976973618 0.04731286976973618 0.2607276408017079 0.4238708383903448 0.5621396451485184 0.6349115664041187 0.7772565125057758 0.9649310178818065 1.3223134132919425 1.7899057059914538
117 1170 0.0231832477246023 1.8212647424057298 0.04355172515269323 0.04355172515269323 0.25976516606262284 0.4162808885067388 0.5474561417042918 0.6413989095470966 0.7694349569918855 0.9580448656631367 1.3190399123098209 1.8212647424057298
118 1180 0.020381125623041757 1.8001498436649555 0.042156112926491435 0.042156112926491435 0.2578357044535664 0.4043024177391919 0.5208580473436474 0.6365915873727666 0.7580563244044313 0.9359234493721121 1.3187577777792923 1.8001498436649555
119 1190 0.021139765598722163 1.765691424866569 0.04018325946471468 0.04018325946471468 0.25828946440651634 0.4069773606787426 0.5129113613977025 0.6190241004896538 0.7408048996862121 0.9342835640685068 1.332393404166828 1.765691424866569
120 1200 0.02122434601616401 1.7576433251853731 0.03912558146928158 0.03912558146928158 0.26481178300041985 0.4105628302532597 0.516158124617899 0.6171194256014744 0.7293830148234177 0.9412696140814275 1.3324471028202651 1.7576433251853731
121 1210 0.019969034002150606 1.7246553613095321 0.03801814682962225 0.03801814682962225 0.2686962740594799 0.40818115744011507 0.5082177422481281 0.62313505714263 0.7402943448457517 0.9240041501416747 1.3220057016112123 1.7246553613095321
122 1220 0.01912241867010582 1.7060376660844738 0.03653876079501419 0.03653876079501419 0.2661357523319596 0.3990528282755464 0.5104508299978286 0.6280273141592875 0.730931323088379 0.9187755813483729 1.312481021731625 1.7060376660844738
123 1230 0.020951077804822377 1.6895703605644654 0.035656944562651616 0.035656944562651616 0.2599099431421149 0.39819115967361907 0.5168472365995397 0.6072290142025705 0.7363572636338261 0.9327948295880396 1.3148761599658163 1.6895703605644654
124 1240 0.020813493575146252 1.6714976359071132 0.03457384161979693 0.03457384161979693 0.2596518566245353 0.3995343725745874 0.5124826700059654 0.6600242376844627 0.73668268735435 0.9466553858007226 1.3202598280791558 1.6714976359071132
125 1250 0.020913796575325428 1.70656026083899 0.033998991791001194 0.033998991791001194 0.2558187554126988 0.39791055989433693 0.5109317477149428 0.6778325368433374 0.7381496625165019 0.9055431634424556 1.3290428872742632 1.70656026083899
126 1260 0.020753868503813142 1.7093311962068845 0.03300857706169362 0.03300857706169362 0.25084090987337654 0.4053250998071604 0.5045803480306474 0.6941553711321786 0.7253200896839064 0.9018060926015873 1.3244181229671774 1.7093311962068845
127 1270 0.021952088740865128 1.7061015142652114 0.03131049791070232 0.03131049791070232 0.24845539226037983 0.39021677729779974 0.5019602906520196 0.6902124491266663 0.7158670691822183 0.8992413619931557 1.3974165533355425 1.7061015142652114
128 1280 0.025370785808382753 1.702020884671642 0.030962778085251302 0.030962778085251302 0.23631309638724898 0.39520265097933366 0.49904367763472174 0.6872903933172111 0.7022776784798419 0.9037002496368794 1.4529786443906914 1.702020884671642
129 1290 0.027458562055153717 1.7422951449422115 0.029828071600216544 0.029828071600216544 0.23517407945387941 0.4155701678623858 0.486629040998952 0.6891173613414859 0.7027615933851399 0.9542318911747842 1.4496228703623706 1.7422951449422115
130 1300 0.02826977546081711 1.7058594359993604 0.028597528759762052 0.028597528759762052 0.23173440910132703 0.41461957465865323 0.4844939944759044 0.6959548468409633 0.7093438302401988 0.996145485543307 1.4372044333573515 1.7058594359993604
131 1310 0.029329984114299715 1.6798165092246258 0.02781050427447262 0.02781050427447262 0.2282394714898512 0.4096676352607944 0.4967391067548026 0.665633037800197 0.6952938931907893 1.0141554263987487 1.4434125982472101 1.6798165092246258
132 1320 0.03073532718715356 1.6671448014339336 0.026452412110143313 0.026452412110143313 0.22445498322103988 0.41199534368600893 0.5080493090654965 0.661940544451618 0.6791240963098495 1.0176703982381963 1.47120475928192 1.6671448014339336
133 1330 0.0301897567176768 1.658175597565934 0.02530548359782735 0.02530548359782735 0.22937415181056914 0.419961197900288 0.5152188878455074 0.649594335503511 0.6807943483051067 1.0692185699592307 1.4606570060521065 1.658175597565934
134 1340 0.029425214012757005 1.6221210487497295 0.025043393081521984 0.025043393081521984 0.22991852228226523 0.41043590955266984 0.5052630974655916 0.647447770449663 0.6652790389640649 1.0906361712689427 1.440172224863821 1.6221210487497295
135 1350 0.02849574497408605 1.6437566054975123 0.023661294843682124 0.023661294843682124 0.23028872141954312 0.41604406391694754 0.5001558486866962 0.6306461429853553 0.6620245265390023 1.0865910465375592 1.4398346769679862 1.6437566054975123
136 1360 0.02880622761457217 1.6722882774753542 0.022639191331995774 0.022639191331995774 0.23530644792365113 0.41698357988955104 0.5012097349041629 0.6024332559764726 0.6534379205577289 1.0783873881110495 1.4074955197024541 1.6722882774753542
137 1370 0.029814267414807888 1.656019540955704 0.022124505086124527 0.022124505086124527 0.23611240893561738 0.41741871009187814 0.4762495275096293 0.6110531991392497 0.6668483674351616 1.102200255587397 1.4029785110783892 1.656019540955704
138 1380 0.02933909507661911 1.6465465851382908 0.020872397754204557 0.020872397754204557 0.23614464677835803 0.41036342490244704 0.4747779692992521 0.6096348761830768 0.672327655035506 1.1378087828493944 1.4071443068280667 1.6465465851382908
139 1390 0.028583156328984848 1.6505284085387155 0.020171596877615005 0.020171596877615005 0.22952310889725772 0.41446374007347014 0.4764191387746962 0.5881277366924104 0.6674867422136487 1.1469487791142472 1.4043358254814429 1.6505284085387155
140 1400 0.030922674951593117 1.6310060677315745 0.019828904803668952 0.019828904803668952 0.22497512012176651 0.40887286741475587 0.48772126485192363 0.6018732906321582 0.6751366003115504 1.143145027203309 1.3226540571447407 1.6310060677315745
141 1410 0.03368888150856787 1.6203228898720605 0.01956020468557685 0.01956020468557685 0.22027044752632666 0.4062217002550253 0.4859077773207762 0.6117628810299733 0.6888400650682645 1.1669702476259063 1.302327703674981 1.6203228898720605
142 1420 0.03264057357056758 1.5823202609059592 0.019686320513435145 0.019686320513435145 0.22783009673194798 0.39656672729268083 0.4781243728156748 0.6141428162911855 0.6885465647920934 1.1382846362981363 1.3574393387811163 1.5823202609059592
143 1430 0.03401374173396074 1.602036783419898 0.019116922475491044 0.019116922475491044 0.224319062797505 0.39896818787109684 0.46344523596199094 0.6109865194542589 0.6771688588719873 1.1065261332936445 1.3760596372352742 1.602036783419898
144 1440 0.03469362976957835 1.6405740543368086 0.01842602552599227 0.01842602552599227 0.21533869387409604 0.40501051711961783 0.46591867599803527 0.5895409601563782 0.6773859007999706 1.1198521412257358 1.409735984883202 1.6405740543368086
145 1450 0.03202206476215884 1.64930883069361 0.018591022576335367 0.018591022576335367 0.21310889333965133 0.3969622390744413 0.45777806669965354 0.5797791170786715 0.6634855888768634 1.0882886185201885 1.509390844625277 1.64930883069361
146 1460 0.029535982605965284 1.6435196870647228 0.017733056349080588 0.017733056349080588 0.20293640843483546 0.391695678527716 0.4540590297439545 0.5789963525288812 0.6666962577817813 1.0756724974668355 1.514847983467567 1.6435196870647228
147 1470 0.029245622139714777 1.6492018707022362 0.017682335180243532 0.017682335180243532 0.2001382990658445 0.38597428174148546 0.45374763616003516 0.5758961803358297 0.6703389470146652 1.053010671082424 1.513771449274151 1.6492018707022362
148 1480 0.030649743841644327 1.653938896611382 0.018119564997614367 0.018119564997614367 0.20168957644239605 0.3687509599842096 0.4536797764320498 0.5840268478536781 0.6561784233724132 1.047383538417167 1.4977276306299647 1.653938896611382
149 1490 0.030625157930116723 1.6652552883325265 0.017670252284859765 0.017670252284859765 0.20116879557969763 0.36212138904820856 0.4420219425102856 0.5860370780776067 0.6607573148101893 1.0191876065116943 1.5648943622874394 1.6652552883325265
150 1500 0.02892703818233667 1.724955565155265 0.01707317681484277 0.01707317681484277 0.19961537211199987 0.3648424572312417 0.4203628921175617 0.5812395886618179 0.65912929890421 1.0294710623999697 1.6110474446671383 1.724955565155265
151 1510 0.02673061497911753 1.7131918367503705 0.01674974331487432 0.01674974331487432 0.2031806502141871 0.34527188504192374 0.41418543027028265 0.5756745552064454 0.6569043924548993 1.0186692655474516 1.605008745755843 1.7131918367503705
152 1520 0.025949870073990175 1.7129235781807892 0.015987525521240685 0.015987525521240685 0.1999231893398442 0.3337251063974207 0.40872592257001855 0.5668063430869409 0.661524124006562 1.0497917722183523 1.6076156673786837 1.7129235781807892
153 1530 0.027653472137693938 1.7210121053157417 0.015418596029694647 0.015418596029694647 0.2014514028017685 0.3346960200222143 0.4096687726698418 0.5513876901555474 0.6206050145507132 1.0814699977075428 1.6083795506165608 1.7210121053157417
154 1540 0.026890674263778853 1.7243071223265403 0.014893729277659673 0.014893729277659673 0.2170252380124197 0.3325031119738754 0.3892019365211475 0.5523791062208322 0.6206320996177052 1.0918409579017174 1.5846680022635424 1.7243071223265403
155 1550 0.025041619115604763 1.7525946104493222 0.014643623073840947 0.014643623073840947 0.21744600586565535 0.3248850343248574 0.39057870598146077 0.5369903137693522 0.623981182646481 1.0944549872307183 1.517134624795254 1.7525946104493222
156 1560 0.026082160460387964 1.811787714704143 0.014734714382393316 0.014734714382393316 0.2200156426524261 0.3233475675346266 0.38888223227919977 0.5304198169814894 0.6259628800101182 1.0399987213977964 1.4710584491945695 1.811787714704143
157 1570 0.025685301601034532 1.8269264671706962 0.014094696911450126 0.014094696911450126 0.23692275563503976 0.3191727501600254 0.38932413811844113 0.5218664798279249 0.632267514274872 1.0345145767475248 1.4492496811064493 1.8269264671706962
158 1580 0.023866229289120862 1.7873958879997172 0.013943076238028342 0.013943076238028342 0.24130086598922434 0.3112613046512045 0.3913054582857578 0.5236384190251742 0.6429187476988705 0.9995149014032004 1.411751065168978 1.7873958879997172
159 1590 0.02641745119629558 1.752612748915968 0.013293222767312759 0.013293222767312759 0.23807401565123207 0.30510492376320225 0.3918113267444541 0.5151651912199393 0.6505654711068363 0.9936189262779398 1.424422669426174 1.752612748915968
160 1600 0.02481465967676715 1.8460369120086118 0.01288736104187931 0.01288736104187931 0.23795371771505508 0.3252651809688568 0.37919756269186294 0.523856722830412 0.6740719912919586 0.9845836244903337 1.4145993416882585 1.8460369120086118
161 1610 0.021905697315268764 1.8170907813797923 0.01265663580787286 0.01265663580787286 0.23535886226036482 0.32599765061941294 0.37183946970592635 0.5250763905358479 0.6622771744262224 0.9416137463275995 1.4173582196011338 1.8170907813797923
162 1620 0.02071946453536277 1.784182645729956 0.012365705111373587 0.012365705111373587 0.2291113959673356 0.32221967177008703 0.3783645069180619 0.5272801218294438 0.6540371170964352 0.9373322400883946 1.3408369996092657 1.784182645729956
163 1630 0.02001470250508166 1.83043787914512 0.011765364601676966 0.011765364601676966 0.22669219617400566 0.3199239336119422 0.3816506032859585 0.5251442186336185 0.64967569126612 0.9040711450877407 1.340643828023537 1.83043787914512
164 1640 0.02156269052173901 1.8115537512863655 0.011717739579803788 0.011717739579803788 0.22571029709864854 0.31548282987690945 0.38246501297284813 0.5149575866802987 0.6425257046388161 0.8904820449939872 1.3360012971650277 1.8115537512863655
165 1650 0.020713653298130887 2.047843477795236 0.011575454468875868 0.011575454468875868 0.22266282516036412 0.31822583782524066 0.36664686998476104 0.5146018718003526 0.6333044665241061 0.8789516021517857 1.315839133379746 2.047843477795236
166 1660 0.01836495923142481 2.0424427581241273 0.011450774546003361 0.011450774546003361 0.22351900414356352 0.3103317937305085 0.3534182797742826 0.516089020859506 0.6477092609566907 0.8622660198544545 1.295180649662613 2.0424427581241273
167 1670 0.016540701441639567 2.0202331189634406 0.011468527994127113 0.011468527994127113 0.22189568018504915 0.29893132453346255 0.349721363663013 0.4916235475986426 0.6463846149609457 0.8430507586306163 1.2930446358488354 2.0202331189634406
168 1680 0.0157919229848906 2.0418817623080074 0.011549379695069263 0.011549379695069263 0.21841040269695705 0.3045162039496825 0.3366014658981924 0.4810401533927441 0.6323818778745215 0.8142977244800157 1.2621407712025554 2.0418817623080074
169 1690 0.01445110936756285 2.088545663406759 0.011466439813362931 0.011466439813362931 0.21051375889586332 0.3017579754876529 0.3321582947459624 0.4815429025816901 0.6123671292030511 0.8056854075194075 1.2557379562433255 2.088545663406759
170 1700 0.012600605239721615 2.092102934085597 0.011225544731149898 0.011225544731149898 0.209309050986418 0.3042745955792501 0.3213371853527016 0.47082468906192737 0.6060003214808214 0.778259435126351 1.2588662066995184 2.092102934085597
171 1710 0.011323619902153317 2.1221634860260576 0.011131115033329354 0.011131115033329354 0.21134549167028477 0.3007839560338151 0.3225753500356887 0.4768014565814474 0.5885759832447147 0.7267118049240239 1.2284289524815706 2.1221634860260576
172 1720 0.011321541735578727 2.0476065652249993 0.010862116400051032 0.010862116400051032 0.207088447273057 0.29624419032693355 0.3128250319802299 0.4739378911722912 0.5954667239879168 0.7292194461296271 1.23962191952218 2.0476065652249993
173 1730 0.011002500273131042 2.0211779939021546 0.010788011097698547 0.010788011097698547 0.21924270142189836 0.29230720746387406 0.3161864499678407 0.47782789161426364 0.5707876441500377 0.7086543633797301 1.262212186829334 2.0211779939021546
174 1740 0.010841072920131034 2.0228291017311557 0.010505839414632264 0.010505839414632264 0.22517428665350145 0.28106132204086676 0.31020269421742885 0.4804879149617362 0.5795464847477295 0.7111893261744107 1.2390571121482477 2.0228291017311557
175 1750 0.011043420320722102 1.978707182375425 0.010292982310172378 0.010292982310172378 0.22851785272585337 0.2838109657229644 0.3075759943688439 0.4676267359852638 0.5913895218023231 0.6982324158391952 1.2080549498019153 1.978707182375425
176 1760 0.010774917746658298 1.98248964437105 0.010256423999245203 0.010256423999245203 0.22586596149126648 0.27414703836867843 0.3037283200074369 0.46645143632604424 0.5544457525676066 0.7210000568896462 1.2487736067400261 1.98248964437105
177 1770 0.010695252005720099 2.04682833653477 0.01023923285048997 0.01023923285048997 0.2267780851174076 0.27501074343011983 0.29775083882284065 0.45704296861828664 0.5358563340540963 0.7032579365805728 1.259582033795748 2.04682833653477
178 1780 0.010759846966285253 2.0616005121987215 0.009755518443631534 0.009755518443631534 0.22445892411979787 0.2728235163412627 0.3028202020786979 0.44825172449355216 0.5258303496562272 0.7052589248417945 1.3041714880129243 2.0616005121987215
179 1790 0.009563179537522276 2.0134707405315946 0.009343025259661259 0.009343025259661259 0.2244293832281481 0.27330038843548726 0.2935800521622042 0.45330191696804745 0.521061872409542 0.7248496495913795 1.3284214223866873 2.0134707405315946
180 1800 0.009449223936558742 1.9885036566575482 0.009156076274463177 0.009156076274463177 0.22174682886065217 0.2610167165128726 0.28944126655875724 0.44528286133332196 0.5194020406175146 0.7294900680560765 1.3259909514575408 1.9885036566575482
181 1810 0.008791477333327115 1.9667722929539233 0.009172119453223309 0.009172119453223309 0.21673758478099073 0.2610874003287749 0.2915907823096941 0.4459270640846223 0.5086113628131574 0.7576515073315429 1.2735090841089076 1.9667722929539233
182 1820 0.008075865685117324 1.9790024913076147 0.008846130400647809 0.008846130400647809 0.21067256122521213 0.260843937408325 0.2894417518970445 0.43861443591081306 0.505995612176008 0.7554729814461337 1.27475474391511 1.9790024913076147
183 1830 0.007541471098664921 1.890323432720271 0.008785196516049813 0.008785196516049813 0.2116393709680099 0.24763370742962992 0.28524518505625945 0.4419923032281432 0.4991604195896973 0.7435928922238002 1.2789463346497913 1.890323432720271
184 1840 0.007114393042769452 1.8791289752976363 0.008677298874041662 0.008677298874041662 0.20744031398643534 0.2535219450475241 0.2829989055092148 0.45206516857816925 0.4693772321030315 0.742616761337349 1.2990154446917375 1.8791289752976363
185 1850 0.006453622675512289 1.824191505366603 0.008488854404224542 0.008488854404224542 0.20361232930992015 0.2526489271363281 0.28975736076812686 0.4507991396978739 0.4563332884992278 0.7363891838318046 1.300912682826453 1.824191505366603
186 1860 0.005775049180214176 1.7562185813254152 0.00841206566791914 0.00841206566791914 0.2020968799198273 0.25098180952015525 0.2953045822057807 0.44861452842974 0.4563993943524629 0.7382789206734579 1.2569784715944265 1.7562185813254152
187 1870 0.005319691908114441 1.786129047173688 0.008229208174669924 0.008229208174669924 0.20141481305551157 0.24677122340748445 0.29908293305150424 0.4125772690222769 0.45031862038561804 0.7344374433498922 1.2381573555822354 1.786129047173688
188 1880 0.005243642828675963 1.7837622468646217 0.007791114128280387 0.007791114128280387 0.19770939859278158 0.2512751986477826 0.3018920876087139 0.40369031066164646 0.4503460296930862 0.7251734480096367 1.2322583180664202 1.7837622468646217
189 1890 0.005459922718311999 1.859406457124306 0.007538910059790797 0.007538910059790797 0.19645913899861042 0.24832175401569942 0.3154193098080777 0.3870404954456673 0.43835473780500556 0.7237788647379286 1.2116803044424926 1.859406457124306
190 1900 0.005861513646326374 1.9027265916286822 0.00752184514007765 0.00752184514007765 0.19405135223842188 0.23946456784816625 0.30874369091918746 0.38432750267094845 0.43457714755188664 0.7223060366578037 1.2790564344329296 1.9027265916286822
191 1910 0.007072687638309229 1.961158387146534 0.0075765529257706046 0.0075765529257706046 0.18897872782157332 0.23846955542663975 0.31838915792731803 0.3679452790885837 0.43896554031789015 0.7030172052667792 1.2711986227593004 1.961158387146534
192 1920 0.008047064693671158 1.9851708504022343 0.007680608230462916 0.007680608230462916 0.18416309295606909 0.23593396918339646 0.3256075333806389 0.3513237873957813 0.4585788614591586 0.7006798212074257 1.2559967881617131 1.9851708504022343
193 1930 0.008575443033341715 1.9752591854298278 0.0077612775119926015 0.0077612775119926015 0.1779583376002196 0.2350953531094868 0.33234661810325455 0.3484495896324475 0.45764754667663615 0.6913226953941016 1.2204068279217095 1.9752591854298278
194 1940 0.01064940702855042 1.997031723628372 0.007540324477581779 0.007540324477581779 0.1702881114199782 0.23149265532572574 0.3352181375078359 0.35350184438073334 0.46401986686664065 0.6773464873126305 1.208688462601205 1.997031723628372
195 1950 0.01222753801074215 2.009047170379047 0.0075839005622192575 0.0075839005622192575 0.17143326027139116 0.223245863208333 0.33814126225865776 0.3449022819972852 0.47022217588894627 0.6765454925864207 1.2155968740407446 2.009047170379047
196 1960 0.011773688809144684 1.986934265621745 0.007484288887594679 0.007484288887594679 0.17373777089096645 0.22462909077692567 0.3186963270816358 0.3402879941535823 0.47949078979560417 0.6740180839265265 1.1946527275498917 1.986934265621745
197 1970 0.01226342032571366 1.9584675963132674 0.0073072348854370285 0.0073072348854370285 0.17015926078211444 0.22216032597820526 0.3144861264495207 0.3346322987622315 0.4728910507460976 0.6585560068070524 1.205871270560447 1.9584675963132674
198 1980 0.012211270477879281 1.9669578732157165 0.007392854854482235 0.007392854854482235 0.16791120016246877 0.22231991873834694 0.3070565630455053 0.33606632120947477 0.4727042093809114 0.6392354309573285 1.2181947653613419 1.9669578732157165
199 1990 0.011887553560556255 2.0338690686482592 0.007225359542205281 0.007225359542205281 0.16850970252592526 0.21293995989423223 0.29828391765808826 0.3388039829911766 0.47562412663574366 0.6255711039547186 1.2076671485954358 2.0338690686482592
200 2000 0.010776729280680353 2.030303352681112 0.0070743155773224375 0.0070743155773224375 0.16482399345370252 0.21530979768709757 0.29273648565756744 0.3371282650632221 0.4612268636525954 0.6262539139878497 1.205988877669857 2.030303352681112
