% # columns="iteration, evaluation, min max(neg(.)) min(pos(.)) max correlation, correlation matrix principal axes lengths  (sorted square roots of eigenvalues of correlation matrix)", seed=103144, Tue Feb 21 18:30:10 2023
1 10 -0.07367385932033287 -0.025076468417995455 0.017092346489439733 0.04404878490674403 0.9199300087216816 0.9583329581940382 0.9744246096004694 0.9954494175819779 1.0037063900542673 1.011848457634432 1.0224009408940982 1.043693438261468 1.0625631095934656
2 20 -0.07367385932033287 -0.025076468417995455 0.017092346489439733 0.04404878490674403 0.9199300087216816 0.9583329581940382 0.9744246096004694 0.9954494175819779 1.0037063900542673 1.011848457634432 1.0224009408940982 1.043693438261468 1.0625631095934656
3 30 -0.07367385932033287 -0.025076468417995455 0.017092346489439733 0.04404878490674403 0.9199300087216816 0.9583329581940382 0.9744246096004694 0.9954494175819779 1.0037063900542673 1.011848457634432 1.0224009408940982 1.043693438261468 1.0625631095934656
4 40 -0.07367385932033287 -0.025076468417995455 0.017092346489439733 0.04404878490674403 0.9199300087216816 0.9583329581940382 0.9744246096004694 0.9954494175819779 1.0037063900542673 1.011848457634432 1.0224009408940982 1.043693438261468 1.0625631095934656
5 50 -0.07367385932033287 -0.025076468417995455 0.017092346489439733 0.04404878490674403 0.9199300087216816 0.9583329581940382 0.9744246096004694 0.9954494175819779 1.0037063900542673 1.011848457634432 1.0224009408940982 1.043693438261468 1.0625631095934656
6 60 -0.07367385932033287 -0.025076468417995455 0.017092346489439733 0.04404878490674403 0.9199300087216816 0.9583329581940382 0.9744246096004694 0.9954494175819779 1.0037063900542673 1.011848457634432 1.0224009408940982 1.043693438261468 1.0625631095934656
7 70 -0.07367385932033287 -0.025076468417995455 0.017092346489439733 0.04404878490674403 0.9199300087216816 0.9583329581940382 0.9744246096004694 0.9954494175819779 1.0037063900542673 1.011848457634432 1.0224009408940982 1.043693438261468 1.0625631095934656
8 80 -0.07367385932033287 -0.025076468417995455 0.017092346489439733 0.04404878490674403 0.9199300087216816 0.9583329581940382 0.9744246096004694 0.9954494175819779 1.0037063900542673 1.011848457634432 1.0224009408940982 1.043693438261468 1.0625631095934656
9 90 -0.07367385932033287 -0.025076468417995455 0.017092346489439733 0.04404878490674403 0.9199300087216816 0.9583329581940382 0.9744246096004694 0.9954494175819779 1.0037063900542673 1.011848457634432 1.0224009408940982 1.043693438261468 1.0625631095934656
10 100 -0.2147404732880185 -0.08096571645215173 0.06594482218533486 0.18840307373788379 0.7303997348154504 0.7766170877550633 0.8834540536515958 0.9590512604418344 0.969136053768684 1.0460026635214852 1.1264426487807784 1.181739594545622 1.2101173365431845
11 110 -0.2147404732880185 -0.08096571645215173 0.06594482218533486 0.18840307373788379 0.7303997348154504 0.7766170877550633 0.8834540536515958 0.9590512604418344 0.969136053768684 1.0460026635214852 1.1264426487807784 1.181739594545622 1.2101173365431845
12 120 -0.2147404732880185 -0.08096571645215173 0.06594482218533486 0.18840307373788379 0.7303997348154504 0.7766170877550633 0.8834540536515958 0.9590512604418344 0.969136053768684 1.0460026635214852 1.1264426487807784 1.181739594545622 1.2101173365431845
13 130 -0.2147404732880185 -0.08096571645215173 0.06594482218533486 0.18840307373788379 0.7303997348154504 0.7766170877550633 0.8834540536515958 0.9590512604418344 0.969136053768684 1.0460026635214852 1.1264426487807784 1.181739594545622 1.2101173365431845
14 140 -0.2147404732880185 -0.08096571645215173 0.06594482218533486 0.18840307373788379 0.7303997348154504 0.7766170877550633 0.8834540536515958 0.9590512604418344 0.969136053768684 1.0460026635214852 1.1264426487807784 1.181739594545622 1.2101173365431845
15 150 -0.2147404732880185 -0.08096571645215173 0.06594482218533486 0.18840307373788379 0.7303997348154504 0.7766170877550633 0.8834540536515958 0.9590512604418344 0.969136053768684 1.0460026635214852 1.1264426487807784 1.181739594545622 1.2101173365431845
16 160 -0.2147404732880185 -0.08096571645215173 0.06594482218533486 0.18840307373788379 0.7303997348154504 0.7766170877550633 0.8834540536515958 0.9590512604418344 0.969136053768684 1.0460026635214852 1.1264426487807784 1.181739594545622 1.2101173365431845
17 170 -0.2147404732880185 -0.08096571645215173 0.06594482218533486 0.18840307373788379 0.7303997348154504 0.7766170877550633 0.8834540536515958 0.9590512604418344 0.969136053768684 1.0460026635214852 1.1264426487807784 1.181739594545622 1.2101173365431845
18 180 -0.2147404732880185 -0.08096571645215173 0.06594482218533486 0.18840307373788379 0.7303997348154504 0.7766170877550633 0.8834540536515958 0.9590512604418344 0.969136053768684 1.0460026635214852 1.1264426487807784 1.181739594545622 1.2101173365431845
19 190 -0.27633583271864814 -0.1081245981077989 0.08262261797581447 0.2654052135341277 0.5906829129127337 0.7851737853792237 0.8395193694671709 0.9147668161490748 0.948070885148103 1.0812882664241374 1.1207198819940118 1.2505588871020752 1.2669141332897982
20 200 -0.27633583271864814 -0.1081245981077989 0.08262261797581447 0.2654052135341277 0.5906829129127337 0.7851737853792237 0.8395193694671709 0.9147668161490748 0.948070885148103 1.0812882664241374 1.1207198819940118 1.2505588871020752 1.2669141332897982
21 210 -0.27633583271864814 -0.1081245981077989 0.08262261797581447 0.2654052135341277 0.5906829129127337 0.7851737853792237 0.8395193694671709 0.9147668161490748 0.948070885148103 1.0812882664241374 1.1207198819940118 1.2505588871020752 1.2669141332897982
22 220 -0.27633583271864814 -0.1081245981077989 0.08262261797581447 0.2654052135341277 0.5906829129127337 0.7851737853792237 0.8395193694671709 0.9147668161490748 0.948070885148103 1.0812882664241374 1.1207198819940118 1.2505588871020752 1.2669141332897982
23 230 -0.27633583271864814 -0.1081245981077989 0.08262261797581447 0.2654052135341277 0.5906829129127337 0.7851737853792237 0.8395193694671709 0.9147668161490748 0.948070885148103 1.0812882664241374 1.1207198819940118 1.2505588871020752 1.2669141332897982
24 240 -0.27633583271864814 -0.1081245981077989 0.08262261797581447 0.2654052135341277 0.5906829129127337 0.7851737853792237 0.8395193694671709 0.9147668161490748 0.948070885148103 1.0812882664241374 1.1207198819940118 1.2505588871020752 1.2669141332897982
25 250 -0.27633583271864814 -0.1081245981077989 0.08262261797581447 0.2654052135341277 0.5906829129127337 0.7851737853792237 0.8395193694671709 0.9147668161490748 0.948070885148103 1.0812882664241374 1.1207198819940118 1.2505588871020752 1.2669141332897982
26 260 -0.27633583271864814 -0.1081245981077989 0.08262261797581447 0.2654052135341277 0.5906829129127337 0.7851737853792237 0.8395193694671709 0.9147668161490748 0.948070885148103 1.0812882664241374 1.1207198819940118 1.2505588871020752 1.2669141332897982
27 270 -0.27633583271864814 -0.1081245981077989 0.08262261797581447 0.2654052135341277 0.5906829129127337 0.7851737853792237 0.8395193694671709 0.9147668161490748 0.948070885148103 1.0812882664241374 1.1207198819940118 1.2505588871020752 1.2669141332897982
28 280 -0.40269285993531956 -0.09830698138308115 0.10384778278572174 0.3204551654150777 0.5450182628948831 0.7772549867514662 0.7902490437888589 0.9096443150612941 1.0043989270750846 1.0744181992431452 1.1104917514897747 1.2449231435358348 1.3040959368604936
29 290 -0.40269285993531956 -0.09830698138308115 0.10384778278572174 0.3204551654150777 0.5450182628948831 0.7772549867514662 0.7902490437888589 0.9096443150612941 1.0043989270750846 1.0744181992431452 1.1104917514897747 1.2449231435358348 1.3040959368604936
30 300 -0.40269285993531956 -0.09830698138308115 0.10384778278572174 0.3204551654150777 0.5450182628948831 0.7772549867514662 0.7902490437888589 0.9096443150612941 1.0043989270750846 1.0744181992431452 1.1104917514897747 1.2449231435358348 1.3040959368604936
31 310 -0.40269285993531956 -0.09830698138308115 0.10384778278572174 0.3204551654150777 0.5450182628948831 0.7772549867514662 0.7902490437888589 0.9096443150612941 1.0043989270750846 1.0744181992431452 1.1104917514897747 1.2449231435358348 1.3040959368604936
32 320 -0.40269285993531956 -0.09830698138308115 0.10384778278572174 0.3204551654150777 0.5450182628948831 0.7772549867514662 0.7902490437888589 0.9096443150612941 1.0043989270750846 1.0744181992431452 1.1104917514897747 1.2449231435358348 1.3040959368604936
33 330 -0.40269285993531956 -0.09830698138308115 0.10384778278572174 0.3204551654150777 0.5450182628948831 0.7772549867514662 0.7902490437888589 0.9096443150612941 1.0043989270750846 1.0744181992431452 1.1104917514897747 1.2449231435358348 1.3040959368604936
34 340 -0.40269285993531956 -0.09830698138308115 0.10384778278572174 0.3204551654150777 0.5450182628948831 0.7772549867514662 0.7902490437888589 0.9096443150612941 1.0043989270750846 1.0744181992431452 1.1104917514897747 1.2449231435358348 1.3040959368604936
35 350 -0.40269285993531956 -0.09830698138308115 0.10384778278572174 0.3204551654150777 0.5450182628948831 0.7772549867514662 0.7902490437888589 0.9096443150612941 1.0043989270750846 1.0744181992431452 1.1104917514897747 1.2449231435358348 1.3040959368604936
36 360 -0.40269285993531956 -0.09830698138308115 0.10384778278572174 0.3204551654150777 0.5450182628948831 0.7772549867514662 0.7902490437888589 0.9096443150612941 1.0043989270750846 1.0744181992431452 1.1104917514897747 1.2449231435358348 1.3040959368604936
37 370 -0.4177836141784851 -0.09747511990400659 0.07977195526073363 0.24969723939967528 0.5428862951735107 0.7722760458836218 0.8224914572163208 0.9085567160121333 0.9950250606294693 1.0247204964921102 1.1304988121867736 1.2040696789910477 1.3560819859542166
38 380 -0.4177836141784851 -0.09747511990400659 0.07977195526073363 0.24969723939967528 0.5428862951735107 0.7722760458836218 0.8224914572163208 0.9085567160121333 0.9950250606294693 1.0247204964921102 1.1304988121867736 1.2040696789910477 1.3560819859542166
39 390 -0.4177836141784851 -0.09747511990400659 0.07977195526073363 0.24969723939967528 0.5428862951735107 0.7722760458836218 0.8224914572163208 0.9085567160121333 0.9950250606294693 1.0247204964921102 1.1304988121867736 1.2040696789910477 1.3560819859542166
40 400 -0.4177836141784851 -0.09747511990400659 0.07977195526073363 0.24969723939967528 0.5428862951735107 0.7722760458836218 0.8224914572163208 0.9085567160121333 0.9950250606294693 1.0247204964921102 1.1304988121867736 1.2040696789910477 1.3560819859542166
41 410 -0.4177836141784851 -0.09747511990400659 0.07977195526073363 0.24969723939967528 0.5428862951735107 0.7722760458836218 0.8224914572163208 0.9085567160121333 0.9950250606294693 1.0247204964921102 1.1304988121867736 1.2040696789910477 1.3560819859542166
42 420 -0.4177836141784851 -0.09747511990400659 0.07977195526073363 0.24969723939967528 0.5428862951735107 0.7722760458836218 0.8224914572163208 0.9085567160121333 0.9950250606294693 1.0247204964921102 1.1304988121867736 1.2040696789910477 1.3560819859542166
43 430 -0.4177836141784851 -0.09747511990400659 0.07977195526073363 0.24969723939967528 0.5428862951735107 0.7722760458836218 0.8224914572163208 0.9085567160121333 0.9950250606294693 1.0247204964921102 1.1304988121867736 1.2040696789910477 1.3560819859542166
44 440 -0.4177836141784851 -0.09747511990400659 0.07977195526073363 0.24969723939967528 0.5428862951735107 0.7722760458836218 0.8224914572163208 0.9085567160121333 0.9950250606294693 1.0247204964921102 1.1304988121867736 1.2040696789910477 1.3560819859542166
45 450 -0.4177836141784851 -0.09747511990400659 0.07977195526073363 0.24969723939967528 0.5428862951735107 0.7722760458836218 0.8224914572163208 0.9085567160121333 0.9950250606294693 1.0247204964921102 1.1304988121867736 1.2040696789910477 1.3560819859542166
46 460 -0.4594818011329103 -0.1513592729107312 0.1307381577159673 0.30963333492525486 0.4685196437564942 0.6814668345338202 0.8088840048809045 0.8776592253687486 0.9733845974174605 1.0461155105795188 1.174266270981474 1.2571798413731439 1.3748729333772491
47 470 -0.4594818011329103 -0.1513592729107312 0.1307381577159673 0.30963333492525486 0.4685196437564942 0.6814668345338202 0.8088840048809045 0.8776592253687486 0.9733845974174605 1.0461155105795188 1.174266270981474 1.2571798413731439 1.3748729333772491
48 480 -0.4594818011329103 -0.1513592729107312 0.1307381577159673 0.30963333492525486 0.4685196437564942 0.6814668345338202 0.8088840048809045 0.8776592253687486 0.9733845974174605 1.0461155105795188 1.174266270981474 1.2571798413731439 1.3748729333772491
49 490 -0.4594818011329103 -0.1513592729107312 0.1307381577159673 0.30963333492525486 0.4685196437564942 0.6814668345338202 0.8088840048809045 0.8776592253687486 0.9733845974174605 1.0461155105795188 1.174266270981474 1.2571798413731439 1.3748729333772491
50 500 -0.4594818011329103 -0.1513592729107312 0.1307381577159673 0.30963333492525486 0.4685196437564942 0.6814668345338202 0.8088840048809045 0.8776592253687486 0.9733845974174605 1.0461155105795188 1.174266270981474 1.2571798413731439 1.3748729333772491
51 510 -0.4594818011329103 -0.1513592729107312 0.1307381577159673 0.30963333492525486 0.4685196437564942 0.6814668345338202 0.8088840048809045 0.8776592253687486 0.9733845974174605 1.0461155105795188 1.174266270981474 1.2571798413731439 1.3748729333772491
52 520 -0.4594818011329103 -0.1513592729107312 0.1307381577159673 0.30963333492525486 0.4685196437564942 0.6814668345338202 0.8088840048809045 0.8776592253687486 0.9733845974174605 1.0461155105795188 1.174266270981474 1.2571798413731439 1.3748729333772491
53 530 -0.4594818011329103 -0.1513592729107312 0.1307381577159673 0.30963333492525486 0.4685196437564942 0.6814668345338202 0.8088840048809045 0.8776592253687486 0.9733845974174605 1.0461155105795188 1.174266270981474 1.2571798413731439 1.3748729333772491
54 540 -0.4594818011329103 -0.1513592729107312 0.1307381577159673 0.30963333492525486 0.4685196437564942 0.6814668345338202 0.8088840048809045 0.8776592253687486 0.9733845974174605 1.0461155105795188 1.174266270981474 1.2571798413731439 1.3748729333772491
55 550 -0.5194133452062437 -0.14652730514031598 0.14502008092908775 0.3998225726158673 0.39596607314204313 0.5634450475826916 0.7689242660593278 0.8435195781632063 0.9262802095020085 1.0203418171318555 1.1667089762760727 1.3833614223931683 1.4314257336668446
56 560 -0.5194133452062437 -0.14652730514031598 0.14502008092908775 0.3998225726158673 0.39596607314204313 0.5634450475826916 0.7689242660593278 0.8435195781632063 0.9262802095020085 1.0203418171318555 1.1667089762760727 1.3833614223931683 1.4314257336668446
57 570 -0.5194133452062437 -0.14652730514031598 0.14502008092908775 0.3998225726158673 0.39596607314204313 0.5634450475826916 0.7689242660593278 0.8435195781632063 0.9262802095020085 1.0203418171318555 1.1667089762760727 1.3833614223931683 1.4314257336668446
58 580 -0.5194133452062437 -0.14652730514031598 0.14502008092908775 0.3998225726158673 0.39596607314204313 0.5634450475826916 0.7689242660593278 0.8435195781632063 0.9262802095020085 1.0203418171318555 1.1667089762760727 1.3833614223931683 1.4314257336668446
59 590 -0.5194133452062437 -0.14652730514031598 0.14502008092908775 0.3998225726158673 0.39596607314204313 0.5634450475826916 0.7689242660593278 0.8435195781632063 0.9262802095020085 1.0203418171318555 1.1667089762760727 1.3833614223931683 1.4314257336668446
60 600 -0.5194133452062437 -0.14652730514031598 0.14502008092908775 0.3998225726158673 0.39596607314204313 0.5634450475826916 0.7689242660593278 0.8435195781632063 0.9262802095020085 1.0203418171318555 1.1667089762760727 1.3833614223931683 1.4314257336668446
61 610 -0.5194133452062437 -0.14652730514031598 0.14502008092908775 0.3998225726158673 0.39596607314204313 0.5634450475826916 0.7689242660593278 0.8435195781632063 0.9262802095020085 1.0203418171318555 1.1667089762760727 1.3833614223931683 1.4314257336668446
62 620 -0.5194133452062437 -0.14652730514031598 0.14502008092908775 0.3998225726158673 0.39596607314204313 0.5634450475826916 0.7689242660593278 0.8435195781632063 0.9262802095020085 1.0203418171318555 1.1667089762760727 1.3833614223931683 1.4314257336668446
63 630 -0.5194133452062437 -0.14652730514031598 0.14502008092908775 0.3998225726158673 0.39596607314204313 0.5634450475826916 0.7689242660593278 0.8435195781632063 0.9262802095020085 1.0203418171318555 1.1667089762760727 1.3833614223931683 1.4314257336668446
64 640 -0.47001857113500656 -0.12064328244724017 0.11815001554059212 0.35762814327912024 0.4655813042305914 0.5425079500219356 0.731301931402566 0.8541614034550441 0.9745230680515771 1.0665675735204598 1.1589906053284509 1.349560268943174 1.404525262673822
65 650 -0.47001857113500656 -0.12064328244724017 0.11815001554059212 0.35762814327912024 0.4655813042305914 0.5425079500219356 0.731301931402566 0.8541614034550441 0.9745230680515771 1.0665675735204598 1.1589906053284509 1.349560268943174 1.404525262673822
66 660 -0.47001857113500656 -0.12064328244724017 0.11815001554059212 0.35762814327912024 0.4655813042305914 0.5425079500219356 0.731301931402566 0.8541614034550441 0.9745230680515771 1.0665675735204598 1.1589906053284509 1.349560268943174 1.404525262673822
67 670 -0.47001857113500656 -0.12064328244724017 0.11815001554059212 0.35762814327912024 0.4655813042305914 0.5425079500219356 0.731301931402566 0.8541614034550441 0.9745230680515771 1.0665675735204598 1.1589906053284509 1.349560268943174 1.404525262673822
68 680 -0.47001857113500656 -0.12064328244724017 0.11815001554059212 0.35762814327912024 0.4655813042305914 0.5425079500219356 0.731301931402566 0.8541614034550441 0.9745230680515771 1.0665675735204598 1.1589906053284509 1.349560268943174 1.404525262673822
69 690 -0.47001857113500656 -0.12064328244724017 0.11815001554059212 0.35762814327912024 0.4655813042305914 0.5425079500219356 0.731301931402566 0.8541614034550441 0.9745230680515771 1.0665675735204598 1.1589906053284509 1.349560268943174 1.404525262673822
70 700 -0.47001857113500656 -0.12064328244724017 0.11815001554059212 0.35762814327912024 0.4655813042305914 0.5425079500219356 0.731301931402566 0.8541614034550441 0.9745230680515771 1.0665675735204598 1.1589906053284509 1.349560268943174 1.404525262673822
71 710 -0.47001857113500656 -0.12064328244724017 0.11815001554059212 0.35762814327912024 0.4655813042305914 0.5425079500219356 0.731301931402566 0.8541614034550441 0.9745230680515771 1.0665675735204598 1.1589906053284509 1.349560268943174 1.404525262673822
72 720 -0.47001857113500656 -0.12064328244724017 0.11815001554059212 0.35762814327912024 0.4655813042305914 0.5425079500219356 0.731301931402566 0.8541614034550441 0.9745230680515771 1.0665675735204598 1.1589906053284509 1.349560268943174 1.404525262673822
73 730 -0.581498736870281 -0.13932030734391893 0.1289494153724471 0.4071727588473748 0.4892921815695034 0.5681472239830352 0.7165280823662913 0.8725995827784524 0.8866994001099574 1.0742251729581582 1.1972635947770627 1.3035097938341107 1.4457475304763279
74 740 -0.581498736870281 -0.13932030734391893 0.1289494153724471 0.4071727588473748 0.4892921815695034 0.5681472239830352 0.7165280823662913 0.8725995827784524 0.8866994001099574 1.0742251729581582 1.1972635947770627 1.3035097938341107 1.4457475304763279
75 750 -0.581498736870281 -0.13932030734391893 0.1289494153724471 0.4071727588473748 0.4892921815695034 0.5681472239830352 0.7165280823662913 0.8725995827784524 0.8866994001099574 1.0742251729581582 1.1972635947770627 1.3035097938341107 1.4457475304763279
76 760 -0.581498736870281 -0.13932030734391893 0.1289494153724471 0.4071727588473748 0.4892921815695034 0.5681472239830352 0.7165280823662913 0.8725995827784524 0.8866994001099574 1.0742251729581582 1.1972635947770627 1.3035097938341107 1.4457475304763279
77 770 -0.581498736870281 -0.13932030734391893 0.1289494153724471 0.4071727588473748 0.4892921815695034 0.5681472239830352 0.7165280823662913 0.8725995827784524 0.8866994001099574 1.0742251729581582 1.1972635947770627 1.3035097938341107 1.4457475304763279
78 780 -0.581498736870281 -0.13932030734391893 0.1289494153724471 0.4071727588473748 0.4892921815695034 0.5681472239830352 0.7165280823662913 0.8725995827784524 0.8866994001099574 1.0742251729581582 1.1972635947770627 1.3035097938341107 1.4457475304763279
79 790 -0.581498736870281 -0.13932030734391893 0.1289494153724471 0.4071727588473748 0.4892921815695034 0.5681472239830352 0.7165280823662913 0.8725995827784524 0.8866994001099574 1.0742251729581582 1.1972635947770627 1.3035097938341107 1.4457475304763279
80 800 -0.581498736870281 -0.13932030734391893 0.1289494153724471 0.4071727588473748 0.4892921815695034 0.5681472239830352 0.7165280823662913 0.8725995827784524 0.8866994001099574 1.0742251729581582 1.1972635947770627 1.3035097938341107 1.4457475304763279
81 810 -0.581498736870281 -0.13932030734391893 0.1289494153724471 0.4071727588473748 0.4892921815695034 0.5681472239830352 0.7165280823662913 0.8725995827784524 0.8866994001099574 1.0742251729581582 1.1972635947770627 1.3035097938341107 1.4457475304763279
82 820 -0.6621956948611182 -0.19621965993518525 0.20973896424021815 0.6034422594689668 0.4446538238906071 0.528649521160167 0.7186788785888111 0.8111635033650615 0.8772607807968767 0.9745423757373942 1.0552605065763796 1.2341567553351223 1.729823733171693
83 830 -0.6621956948611182 -0.19621965993518525 0.20973896424021815 0.6034422594689668 0.4446538238906071 0.528649521160167 0.7186788785888111 0.8111635033650615 0.8772607807968767 0.9745423757373942 1.0552605065763796 1.2341567553351223 1.729823733171693
84 840 -0.6621956948611182 -0.19621965993518525 0.20973896424021815 0.6034422594689668 0.4446538238906071 0.528649521160167 0.7186788785888111 0.8111635033650615 0.8772607807968767 0.9745423757373942 1.0552605065763796 1.2341567553351223 1.729823733171693
85 850 -0.6621956948611182 -0.19621965993518525 0.20973896424021815 0.6034422594689668 0.4446538238906071 0.528649521160167 0.7186788785888111 0.8111635033650615 0.8772607807968767 0.9745423757373942 1.0552605065763796 1.2341567553351223 1.729823733171693
86 860 -0.6621956948611182 -0.19621965993518525 0.20973896424021815 0.6034422594689668 0.4446538238906071 0.528649521160167 0.7186788785888111 0.8111635033650615 0.8772607807968767 0.9745423757373942 1.0552605065763796 1.2341567553351223 1.729823733171693
87 870 -0.6621956948611182 -0.19621965993518525 0.20973896424021815 0.6034422594689668 0.4446538238906071 0.528649521160167 0.7186788785888111 0.8111635033650615 0.8772607807968767 0.9745423757373942 1.0552605065763796 1.2341567553351223 1.729823733171693
88 880 -0.6621956948611182 -0.19621965993518525 0.20973896424021815 0.6034422594689668 0.4446538238906071 0.528649521160167 0.7186788785888111 0.8111635033650615 0.8772607807968767 0.9745423757373942 1.0552605065763796 1.2341567553351223 1.729823733171693
89 890 -0.6621956948611182 -0.19621965993518525 0.20973896424021815 0.6034422594689668 0.4446538238906071 0.528649521160167 0.7186788785888111 0.8111635033650615 0.8772607807968767 0.9745423757373942 1.0552605065763796 1.2341567553351223 1.729823733171693
90 900 -0.6621956948611182 -0.19621965993518525 0.20973896424021815 0.6034422594689668 0.4446538238906071 0.528649521160167 0.7186788785888111 0.8111635033650615 0.8772607807968767 0.9745423757373942 1.0552605065763796 1.2341567553351223 1.729823733171693
91 910 -0.6712524062299444 -0.226229902867363 0.1940160014188483 0.5289072190657677 0.4077290724619295 0.5437853018518013 0.6877506126546388 0.7771710034176278 0.847885777138539 0.9464426627412397 1.0995632428721973 1.236061428561956 1.7633796216397897
92 920 -0.6712524062299444 -0.226229902867363 0.1940160014188483 0.5289072190657677 0.4077290724619295 0.5437853018518013 0.6877506126546388 0.7771710034176278 0.847885777138539 0.9464426627412397 1.0995632428721973 1.236061428561956 1.7633796216397897
93 930 -0.6712524062299444 -0.226229902867363 0.1940160014188483 0.5289072190657677 0.4077290724619295 0.5437853018518013 0.6877506126546388 0.7771710034176278 0.847885777138539 0.9464426627412397 1.0995632428721973 1.236061428561956 1.7633796216397897
94 940 -0.6712524062299444 -0.226229902867363 0.1940160014188483 0.5289072190657677 0.4077290724619295 0.5437853018518013 0.6877506126546388 0.7771710034176278 0.847885777138539 0.9464426627412397 1.0995632428721973 1.236061428561956 1.7633796216397897
95 950 -0.6712524062299444 -0.226229902867363 0.1940160014188483 0.5289072190657677 0.4077290724619295 0.5437853018518013 0.6877506126546388 0.7771710034176278 0.847885777138539 0.9464426627412397 1.0995632428721973 1.236061428561956 1.7633796216397897
96 960 -0.6712524062299444 -0.226229902867363 0.1940160014188483 0.5289072190657677 0.4077290724619295 0.5437853018518013 0.6877506126546388 0.7771710034176278 0.847885777138539 0.9464426627412397 1.0995632428721973 1.236061428561956 1.7633796216397897
97 970 -0.6712524062299444 -0.226229902867363 0.1940160014188483 0.5289072190657677 0.4077290724619295 0.5437853018518013 0.6877506126546388 0.7771710034176278 0.847885777138539 0.9464426627412397 1.0995632428721973 1.236061428561956 1.7633796216397897
98 980 -0.6712524062299444 -0.226229902867363 0.1940160014188483 0.5289072190657677 0.4077290724619295 0.5437853018518013 0.6877506126546388 0.7771710034176278 0.847885777138539 0.9464426627412397 1.0995632428721973 1.236061428561956 1.7633796216397897
99 990 -0.6712524062299444 -0.226229902867363 0.1940160014188483 0.5289072190657677 0.4077290724619295 0.5437853018518013 0.6877506126546388 0.7771710034176278 0.847885777138539 0.9464426627412397 1.0995632428721973 1.236061428561956 1.7633796216397897
100 1000 -0.5875628916387392 -0.1751983580695509 0.2436146265452625 0.5736664608102314 0.3173023572380219 0.5712438581288726 0.7390584048802348 0.7737240016661898 0.8074256678471975 0.9485437078403092 1.1336972806663197 1.2793525382670643 1.7188541811102684
101 1010 -0.5875628916387392 -0.1751983580695509 0.2436146265452625 0.5736664608102314 0.3173023572380219 0.5712438581288726 0.7390584048802348 0.7737240016661898 0.8074256678471975 0.9485437078403092 1.1336972806663197 1.2793525382670643 1.7188541811102684
102 1020 -0.5875628916387392 -0.1751983580695509 0.2436146265452625 0.5736664608102314 0.3173023572380219 0.5712438581288726 0.7390584048802348 0.7737240016661898 0.8074256678471975 0.9485437078403092 1.1336972806663197 1.2793525382670643 1.7188541811102684
103 1030 -0.5875628916387392 -0.1751983580695509 0.2436146265452625 0.5736664608102314 0.3173023572380219 0.5712438581288726 0.7390584048802348 0.7737240016661898 0.8074256678471975 0.9485437078403092 1.1336972806663197 1.2793525382670643 1.7188541811102684
104 1040 -0.5875628916387392 -0.1751983580695509 0.2436146265452625 0.5736664608102314 0.3173023572380219 0.5712438581288726 0.7390584048802348 0.7737240016661898 0.8074256678471975 0.9485437078403092 1.1336972806663197 1.2793525382670643 1.7188541811102684
105 1050 -0.5875628916387392 -0.1751983580695509 0.2436146265452625 0.5736664608102314 0.3173023572380219 0.5712438581288726 0.7390584048802348 0.7737240016661898 0.8074256678471975 0.9485437078403092 1.1336972806663197 1.2793525382670643 1.7188541811102684
106 1060 -0.5875628916387392 -0.1751983580695509 0.2436146265452625 0.5736664608102314 0.3173023572380219 0.5712438581288726 0.7390584048802348 0.7737240016661898 0.8074256678471975 0.9485437078403092 1.1336972806663197 1.2793525382670643 1.7188541811102684
107 1070 -0.5875628916387392 -0.1751983580695509 0.2436146265452625 0.5736664608102314 0.3173023572380219 0.5712438581288726 0.7390584048802348 0.7737240016661898 0.8074256678471975 0.9485437078403092 1.1336972806663197 1.2793525382670643 1.7188541811102684
108 1080 -0.5875628916387392 -0.1751983580695509 0.2436146265452625 0.5736664608102314 0.3173023572380219 0.5712438581288726 0.7390584048802348 0.7737240016661898 0.8074256678471975 0.9485437078403092 1.1336972806663197 1.2793525382670643 1.7188541811102684
109 1090 -0.6112216699896875 -0.20683744452604258 0.29197483933798263 0.5794301496039574 0.300911912978851 0.5123538891422044 0.6472703839920039 0.7746419826310853 0.7816661116849377 0.9726079397840109 1.082048595908388 1.3018481445258894 1.7903380942325196
110 1100 -0.6112216699896875 -0.20683744452604258 0.29197483933798263 0.5794301496039574 0.300911912978851 0.5123538891422044 0.6472703839920039 0.7746419826310853 0.7816661116849377 0.9726079397840109 1.082048595908388 1.3018481445258894 1.7903380942325196
111 1110 -0.6112216699896875 -0.20683744452604258 0.29197483933798263 0.5794301496039574 0.300911912978851 0.5123538891422044 0.6472703839920039 0.7746419826310853 0.7816661116849377 0.9726079397840109 1.082048595908388 1.3018481445258894 1.7903380942325196
112 1120 -0.6112216699896875 -0.20683744452604258 0.29197483933798263 0.5794301496039574 0.300911912978851 0.5123538891422044 0.6472703839920039 0.7746419826310853 0.7816661116849377 0.9726079397840109 1.082048595908388 1.3018481445258894 1.7903380942325196
113 1130 -0.6112216699896875 -0.20683744452604258 0.29197483933798263 0.5794301496039574 0.300911912978851 0.5123538891422044 0.6472703839920039 0.7746419826310853 0.7816661116849377 0.9726079397840109 1.082048595908388 1.3018481445258894 1.7903380942325196
114 1140 -0.6112216699896875 -0.20683744452604258 0.29197483933798263 0.5794301496039574 0.300911912978851 0.5123538891422044 0.6472703839920039 0.7746419826310853 0.7816661116849377 0.9726079397840109 1.082048595908388 1.3018481445258894 1.7903380942325196
115 1150 -0.6112216699896875 -0.20683744452604258 0.29197483933798263 0.5794301496039574 0.300911912978851 0.5123538891422044 0.6472703839920039 0.7746419826310853 0.7816661116849377 0.9726079397840109 1.082048595908388 1.3018481445258894 1.7903380942325196
116 1160 -0.6112216699896875 -0.20683744452604258 0.29197483933798263 0.5794301496039574 0.300911912978851 0.5123538891422044 0.6472703839920039 0.7746419826310853 0.7816661116849377 0.9726079397840109 1.082048595908388 1.3018481445258894 1.7903380942325196
117 1170 -0.6112216699896875 -0.20683744452604258 0.29197483933798263 0.5794301496039574 0.300911912978851 0.5123538891422044 0.6472703839920039 0.7746419826310853 0.7816661116849377 0.9726079397840109 1.082048595908388 1.3018481445258894 1.7903380942325196
118 1180 -0.6494892108220689 -0.27413819456635513 0.27527233370410986 0.5543073887911049 0.3061571045583482 0.521450866728361 0.6250918911165553 0.7614524554515434 0.839182796099895 0.9591316396014511 1.171014350431003 1.312827552227976 1.7160579968360594
119 1190 -0.6494892108220689 -0.27413819456635513 0.27527233370410986 0.5543073887911049 0.3061571045583482 0.521450866728361 0.6250918911165553 0.7614524554515434 0.839182796099895 0.9591316396014511 1.171014350431003 1.312827552227976 1.7160579968360594
120 1200 -0.6494892108220689 -0.27413819456635513 0.27527233370410986 0.5543073887911049 0.3061571045583482 0.521450866728361 0.6250918911165553 0.7614524554515434 0.839182796099895 0.9591316396014511 1.171014350431003 1.312827552227976 1.7160579968360594
121 1210 -0.6494892108220689 -0.27413819456635513 0.27527233370410986 0.5543073887911049 0.3061571045583482 0.521450866728361 0.6250918911165553 0.7614524554515434 0.839182796099895 0.9591316396014511 1.171014350431003 1.312827552227976 1.7160579968360594
122 1220 -0.6494892108220689 -0.27413819456635513 0.27527233370410986 0.5543073887911049 0.3061571045583482 0.521450866728361 0.6250918911165553 0.7614524554515434 0.839182796099895 0.9591316396014511 1.171014350431003 1.312827552227976 1.7160579968360594
123 1230 -0.6494892108220689 -0.27413819456635513 0.27527233370410986 0.5543073887911049 0.3061571045583482 0.521450866728361 0.6250918911165553 0.7614524554515434 0.839182796099895 0.9591316396014511 1.171014350431003 1.312827552227976 1.7160579968360594
124 1240 -0.6494892108220689 -0.27413819456635513 0.27527233370410986 0.5543073887911049 0.3061571045583482 0.521450866728361 0.6250918911165553 0.7614524554515434 0.839182796099895 0.9591316396014511 1.171014350431003 1.312827552227976 1.7160579968360594
125 1250 -0.6494892108220689 -0.27413819456635513 0.27527233370410986 0.5543073887911049 0.3061571045583482 0.521450866728361 0.6250918911165553 0.7614524554515434 0.839182796099895 0.9591316396014511 1.171014350431003 1.312827552227976 1.7160579968360594
126 1260 -0.6494892108220689 -0.27413819456635513 0.27527233370410986 0.5543073887911049 0.3061571045583482 0.521450866728361 0.6250918911165553 0.7614524554515434 0.839182796099895 0.9591316396014511 1.171014350431003 1.312827552227976 1.7160579968360594
127 1270 -0.6625149426831995 -0.20299799566780108 0.2650879170222216 0.5248921552343011 0.32880554163273 0.437263059600775 0.5430793317182541 0.77262616293357 0.860700099525834 1.0439232924771649 1.1527840525383388 1.201071531060265 1.7907364931504772
128 1280 -0.6625149426831995 -0.20299799566780108 0.2650879170222216 0.5248921552343011 0.32880554163273 0.437263059600775 0.5430793317182541 0.77262616293357 0.860700099525834 1.0439232924771649 1.1527840525383388 1.201071531060265 1.7907364931504772
129 1290 -0.6625149426831995 -0.20299799566780108 0.2650879170222216 0.5248921552343011 0.32880554163273 0.437263059600775 0.5430793317182541 0.77262616293357 0.860700099525834 1.0439232924771649 1.1527840525383388 1.201071531060265 1.7907364931504772
130 1300 -0.6625149426831995 -0.20299799566780108 0.2650879170222216 0.5248921552343011 0.32880554163273 0.437263059600775 0.5430793317182541 0.77262616293357 0.860700099525834 1.0439232924771649 1.1527840525383388 1.201071531060265 1.7907364931504772
131 1310 -0.6625149426831995 -0.20299799566780108 0.2650879170222216 0.5248921552343011 0.32880554163273 0.437263059600775 0.5430793317182541 0.77262616293357 0.860700099525834 1.0439232924771649 1.1527840525383388 1.201071531060265 1.7907364931504772
132 1320 -0.6625149426831995 -0.20299799566780108 0.2650879170222216 0.5248921552343011 0.32880554163273 0.437263059600775 0.5430793317182541 0.77262616293357 0.860700099525834 1.0439232924771649 1.1527840525383388 1.201071531060265 1.7907364931504772
133 1330 -0.6625149426831995 -0.20299799566780108 0.2650879170222216 0.5248921552343011 0.32880554163273 0.437263059600775 0.5430793317182541 0.77262616293357 0.860700099525834 1.0439232924771649 1.1527840525383388 1.201071531060265 1.7907364931504772
134 1340 -0.6625149426831995 -0.20299799566780108 0.2650879170222216 0.5248921552343011 0.32880554163273 0.437263059600775 0.5430793317182541 0.77262616293357 0.860700099525834 1.0439232924771649 1.1527840525383388 1.201071531060265 1.7907364931504772
135 1350 -0.6625149426831995 -0.20299799566780108 0.2650879170222216 0.5248921552343011 0.32880554163273 0.437263059600775 0.5430793317182541 0.77262616293357 0.860700099525834 1.0439232924771649 1.1527840525383388 1.201071531060265 1.7907364931504772
136 1360 -0.5960009553321091 -0.1833173175356289 0.2485362947798091 0.5460742811931516 0.3571814680914973 0.4075340204044249 0.4977994422034619 0.7454213276962457 0.8837039046660071 1.0768527670768673 1.1966038888479924 1.3262578873329465 1.6647867301911237
137 1370 -0.5960009553321091 -0.1833173175356289 0.2485362947798091 0.5460742811931516 0.3571814680914973 0.4075340204044249 0.4977994422034619 0.7454213276962457 0.8837039046660071 1.0768527670768673 1.1966038888479924 1.3262578873329465 1.6647867301911237
138 1380 -0.5960009553321091 -0.1833173175356289 0.2485362947798091 0.5460742811931516 0.3571814680914973 0.4075340204044249 0.4977994422034619 0.7454213276962457 0.8837039046660071 1.0768527670768673 1.1966038888479924 1.3262578873329465 1.6647867301911237
139 1390 -0.5960009553321091 -0.1833173175356289 0.2485362947798091 0.5460742811931516 0.3571814680914973 0.4075340204044249 0.4977994422034619 0.7454213276962457 0.8837039046660071 1.0768527670768673 1.1966038888479924 1.3262578873329465 1.6647867301911237
140 1400 -0.5960009553321091 -0.1833173175356289 0.2485362947798091 0.5460742811931516 0.3571814680914973 0.4075340204044249 0.4977994422034619 0.7454213276962457 0.8837039046660071 1.0768527670768673 1.1966038888479924 1.3262578873329465 1.6647867301911237
141 1410 -0.5960009553321091 -0.1833173175356289 0.2485362947798091 0.5460742811931516 0.3571814680914973 0.4075340204044249 0.4977994422034619 0.7454213276962457 0.8837039046660071 1.0768527670768673 1.1966038888479924 1.3262578873329465 1.6647867301911237
142 1420 -0.5960009553321091 -0.1833173175356289 0.2485362947798091 0.5460742811931516 0.3571814680914973 0.4075340204044249 0.4977994422034619 0.7454213276962457 0.8837039046660071 1.0768527670768673 1.1966038888479924 1.3262578873329465 1.6647867301911237
143 1430 -0.5960009553321091 -0.1833173175356289 0.2485362947798091 0.5460742811931516 0.3571814680914973 0.4075340204044249 0.4977994422034619 0.7454213276962457 0.8837039046660071 1.0768527670768673 1.1966038888479924 1.3262578873329465 1.6647867301911237
144 1440 -0.5960009553321091 -0.1833173175356289 0.2485362947798091 0.5460742811931516 0.3571814680914973 0.4075340204044249 0.4977994422034619 0.7454213276962457 0.8837039046660071 1.0768527670768673 1.1966038888479924 1.3262578873329465 1.6647867301911237
145 1450 -0.6967937367258172 -0.18519745706741902 0.2095958855339564 0.5256266073333464 0.3120805212979503 0.35930053820959335 0.48948517087045895 0.6766449699268311 0.9145500205227798 1.0803545752922654 1.2206412628034418 1.3349849816860806 1.673423730398376
146 1460 -0.6967937367258172 -0.18519745706741902 0.2095958855339564 0.5256266073333464 0.3120805212979503 0.35930053820959335 0.48948517087045895 0.6766449699268311 0.9145500205227798 1.0803545752922654 1.2206412628034418 1.3349849816860806 1.673423730398376
147 1470 -0.6967937367258172 -0.18519745706741902 0.2095958855339564 0.5256266073333464 0.3120805212979503 0.35930053820959335 0.48948517087045895 0.6766449699268311 0.9145500205227798 1.0803545752922654 1.2206412628034418 1.3349849816860806 1.673423730398376
148 1480 -0.6967937367258172 -0.18519745706741902 0.2095958855339564 0.5256266073333464 0.3120805212979503 0.35930053820959335 0.48948517087045895 0.6766449699268311 0.9145500205227798 1.0803545752922654 1.2206412628034418 1.3349849816860806 1.673423730398376
149 1490 -0.6967937367258172 -0.18519745706741902 0.2095958855339564 0.5256266073333464 0.3120805212979503 0.35930053820959335 0.48948517087045895 0.6766449699268311 0.9145500205227798 1.0803545752922654 1.2206412628034418 1.3349849816860806 1.673423730398376
150 1500 -0.6967937367258172 -0.18519745706741902 0.2095958855339564 0.5256266073333464 0.3120805212979503 0.35930053820959335 0.48948517087045895 0.6766449699268311 0.9145500205227798 1.0803545752922654 1.2206412628034418 1.3349849816860806 1.673423730398376
151 1510 -0.6967937367258172 -0.18519745706741902 0.2095958855339564 0.5256266073333464 0.3120805212979503 0.35930053820959335 0.48948517087045895 0.6766449699268311 0.9145500205227798 1.0803545752922654 1.2206412628034418 1.3349849816860806 1.673423730398376
152 1520 -0.6967937367258172 -0.18519745706741902 0.2095958855339564 0.5256266073333464 0.3120805212979503 0.35930053820959335 0.48948517087045895 0.6766449699268311 0.9145500205227798 1.0803545752922654 1.2206412628034418 1.3349849816860806 1.673423730398376
153 1530 -0.6967937367258172 -0.18519745706741902 0.2095958855339564 0.5256266073333464 0.3120805212979503 0.35930053820959335 0.48948517087045895 0.6766449699268311 0.9145500205227798 1.0803545752922654 1.2206412628034418 1.3349849816860806 1.673423730398376
154 1540 -0.640996130737777 -0.19726968009070747 0.16339732242270105 0.6230760626969492 0.3298555256932766 0.3354903958789693 0.42073054325920056 0.7458735313843977 0.9219802879436968 1.035286683247694 1.230383287545711 1.313475755128869 1.6983439728575815
155 1550 -0.640996130737777 -0.19726968009070747 0.16339732242270105 0.6230760626969492 0.3298555256932766 0.3354903958789693 0.42073054325920056 0.7458735313843977 0.9219802879436968 1.035286683247694 1.230383287545711 1.313475755128869 1.6983439728575815
156 1560 -0.640996130737777 -0.19726968009070747 0.16339732242270105 0.6230760626969492 0.3298555256932766 0.3354903958789693 0.42073054325920056 0.7458735313843977 0.9219802879436968 1.035286683247694 1.230383287545711 1.313475755128869 1.6983439728575815
157 1570 -0.640996130737777 -0.19726968009070747 0.16339732242270105 0.6230760626969492 0.3298555256932766 0.3354903958789693 0.42073054325920056 0.7458735313843977 0.9219802879436968 1.035286683247694 1.230383287545711 1.313475755128869 1.6983439728575815
158 1580 -0.640996130737777 -0.19726968009070747 0.16339732242270105 0.6230760626969492 0.3298555256932766 0.3354903958789693 0.42073054325920056 0.7458735313843977 0.9219802879436968 1.035286683247694 1.230383287545711 1.313475755128869 1.6983439728575815
159 1590 -0.640996130737777 -0.19726968009070747 0.16339732242270105 0.6230760626969492 0.3298555256932766 0.3354903958789693 0.42073054325920056 0.7458735313843977 0.9219802879436968 1.035286683247694 1.230383287545711 1.313475755128869 1.6983439728575815
160 1600 -0.640996130737777 -0.19726968009070747 0.16339732242270105 0.6230760626969492 0.3298555256932766 0.3354903958789693 0.42073054325920056 0.7458735313843977 0.9219802879436968 1.035286683247694 1.230383287545711 1.313475755128869 1.6983439728575815
161 1610 -0.640996130737777 -0.19726968009070747 0.16339732242270105 0.6230760626969492 0.3298555256932766 0.3354903958789693 0.42073054325920056 0.7458735313843977 0.9219802879436968 1.035286683247694 1.230383287545711 1.313475755128869 1.6983439728575815
162 1620 -0.640996130737777 -0.19726968009070747 0.16339732242270105 0.6230760626969492 0.3298555256932766 0.3354903958789693 0.42073054325920056 0.7458735313843977 0.9219802879436968 1.035286683247694 1.230383287545711 1.313475755128869 1.6983439728575815
163 1630 -0.5418797172003877 -0.18919632628076058 0.19381602843338694 0.5348130769352865 0.3287110205836712 0.43824215049400217 0.46468880123558587 0.7855513809819016 0.9685571688973577 1.0402882572315404 1.2701382768853238 1.3792890058462544 1.5267200714954359
164 1640 -0.5418797172003877 -0.18919632628076058 0.19381602843338694 0.5348130769352865 0.3287110205836712 0.43824215049400217 0.46468880123558587 0.7855513809819016 0.9685571688973577 1.0402882572315404 1.2701382768853238 1.3792890058462544 1.5267200714954359
165 1650 -0.5418797172003877 -0.18919632628076058 0.19381602843338694 0.5348130769352865 0.3287110205836712 0.43824215049400217 0.46468880123558587 0.7855513809819016 0.9685571688973577 1.0402882572315404 1.2701382768853238 1.3792890058462544 1.5267200714954359
166 1660 -0.5418797172003877 -0.18919632628076058 0.19381602843338694 0.5348130769352865 0.3287110205836712 0.43824215049400217 0.46468880123558587 0.7855513809819016 0.9685571688973577 1.0402882572315404 1.2701382768853238 1.3792890058462544 1.5267200714954359
167 1670 -0.5418797172003877 -0.18919632628076058 0.19381602843338694 0.5348130769352865 0.3287110205836712 0.43824215049400217 0.46468880123558587 0.7855513809819016 0.9685571688973577 1.0402882572315404 1.2701382768853238 1.3792890058462544 1.5267200714954359
168 1680 -0.5418797172003877 -0.18919632628076058 0.19381602843338694 0.5348130769352865 0.3287110205836712 0.43824215049400217 0.46468880123558587 0.7855513809819016 0.9685571688973577 1.0402882572315404 1.2701382768853238 1.3792890058462544 1.5267200714954359
169 1690 -0.5418797172003877 -0.18919632628076058 0.19381602843338694 0.5348130769352865 0.3287110205836712 0.43824215049400217 0.46468880123558587 0.7855513809819016 0.9685571688973577 1.0402882572315404 1.2701382768853238 1.3792890058462544 1.5267200714954359
170 1700 -0.5418797172003877 -0.18919632628076058 0.19381602843338694 0.5348130769352865 0.3287110205836712 0.43824215049400217 0.46468880123558587 0.7855513809819016 0.9685571688973577 1.0402882572315404 1.2701382768853238 1.3792890058462544 1.5267200714954359
171 1710 -0.5418797172003877 -0.18919632628076058 0.19381602843338694 0.5348130769352865 0.3287110205836712 0.43824215049400217 0.46468880123558587 0.7855513809819016 0.9685571688973577 1.0402882572315404 1.2701382768853238 1.3792890058462544 1.5267200714954359
172 1720 -0.4982931281771734 -0.18972318557364007 0.1353824353334816 0.5731173017109111 0.2675580675004795 0.4442833078418056 0.5245328868687247 0.879994699304138 0.9984034816851164 1.0554891493026226 1.156923553076308 1.3539540963689238 1.5488605306498386
173 1730 -0.4982931281771734 -0.18972318557364007 0.1353824353334816 0.5731173017109111 0.2675580675004795 0.4442833078418056 0.5245328868687247 0.879994699304138 0.9984034816851164 1.0554891493026226 1.156923553076308 1.3539540963689238 1.5488605306498386
174 1740 -0.4982931281771734 -0.18972318557364007 0.1353824353334816 0.5731173017109111 0.2675580675004795 0.4442833078418056 0.5245328868687247 0.879994699304138 0.9984034816851164 1.0554891493026226 1.156923553076308 1.3539540963689238 1.5488605306498386
175 1750 -0.4982931281771734 -0.18972318557364007 0.1353824353334816 0.5731173017109111 0.2675580675004795 0.4442833078418056 0.5245328868687247 0.879994699304138 0.9984034816851164 1.0554891493026226 1.156923553076308 1.3539540963689238 1.5488605306498386
176 1760 -0.4982931281771734 -0.18972318557364007 0.1353824353334816 0.5731173017109111 0.2675580675004795 0.4442833078418056 0.5245328868687247 0.879994699304138 0.9984034816851164 1.0554891493026226 1.156923553076308 1.3539540963689238 1.5488605306498386
177 1770 -0.4982931281771734 -0.18972318557364007 0.1353824353334816 0.5731173017109111 0.2675580675004795 0.4442833078418056 0.5245328868687247 0.879994699304138 0.9984034816851164 1.0554891493026226 1.156923553076308 1.3539540963689238 1.5488605306498386
178 1780 -0.4982931281771734 -0.18972318557364007 0.1353824353334816 0.5731173017109111 0.2675580675004795 0.4442833078418056 0.5245328868687247 0.879994699304138 0.9984034816851164 1.0554891493026226 1.156923553076308 1.3539540963689238 1.5488605306498386
179 1790 -0.4982931281771734 -0.18972318557364007 0.1353824353334816 0.5731173017109111 0.2675580675004795 0.4442833078418056 0.5245328868687247 0.879994699304138 0.9984034816851164 1.0554891493026226 1.156923553076308 1.3539540963689238 1.5488605306498386
180 1800 -0.4982931281771734 -0.18972318557364007 0.1353824353334816 0.5731173017109111 0.2675580675004795 0.4442833078418056 0.5245328868687247 0.879994699304138 0.9984034816851164 1.0554891493026226 1.156923553076308 1.3539540963689238 1.5488605306498386
181 1810 -0.5163960478420484 -0.21250878393726608 0.1824839341918306 0.62805483692266 0.26715179411010714 0.4005051884274604 0.5658445792467659 0.8061600691569288 0.9820321107785349 1.0822342443238508 1.1738037258245027 1.363379842563269 1.5575344490333736
182 1820 -0.5163960478420484 -0.21250878393726608 0.1824839341918306 0.62805483692266 0.26715179411010714 0.4005051884274604 0.5658445792467659 0.8061600691569288 0.9820321107785349 1.0822342443238508 1.1738037258245027 1.363379842563269 1.5575344490333736
183 1830 -0.5163960478420484 -0.21250878393726608 0.1824839341918306 0.62805483692266 0.26715179411010714 0.4005051884274604 0.5658445792467659 0.8061600691569288 0.9820321107785349 1.0822342443238508 1.1738037258245027 1.363379842563269 1.5575344490333736
184 1840 -0.5163960478420484 -0.21250878393726608 0.1824839341918306 0.62805483692266 0.26715179411010714 0.4005051884274604 0.5658445792467659 0.8061600691569288 0.9820321107785349 1.0822342443238508 1.1738037258245027 1.363379842563269 1.5575344490333736
185 1850 -0.5163960478420484 -0.21250878393726608 0.1824839341918306 0.62805483692266 0.26715179411010714 0.4005051884274604 0.5658445792467659 0.8061600691569288 0.9820321107785349 1.0822342443238508 1.1738037258245027 1.363379842563269 1.5575344490333736
186 1860 -0.5163960478420484 -0.21250878393726608 0.1824839341918306 0.62805483692266 0.26715179411010714 0.4005051884274604 0.5658445792467659 0.8061600691569288 0.9820321107785349 1.0822342443238508 1.1738037258245027 1.363379842563269 1.5575344490333736
187 1870 -0.5163960478420484 -0.21250878393726608 0.1824839341918306 0.62805483692266 0.26715179411010714 0.4005051884274604 0.5658445792467659 0.8061600691569288 0.9820321107785349 1.0822342443238508 1.1738037258245027 1.363379842563269 1.5575344490333736
188 1880 -0.5163960478420484 -0.21250878393726608 0.1824839341918306 0.62805483692266 0.26715179411010714 0.4005051884274604 0.5658445792467659 0.8061600691569288 0.9820321107785349 1.0822342443238508 1.1738037258245027 1.363379842563269 1.5575344490333736
189 1890 -0.5163960478420484 -0.21250878393726608 0.1824839341918306 0.62805483692266 0.26715179411010714 0.4005051884274604 0.5658445792467659 0.8061600691569288 0.9820321107785349 1.0822342443238508 1.1738037258245027 1.363379842563269 1.5575344490333736
190 1900 -0.5892777107038649 -0.2138663560376245 0.20572752905342567 0.5771102331833385 0.2573073773811706 0.41222194563357367 0.5923330943176228 0.6932388382004389 0.9923638155630217 1.1103762553181125 1.1754346587951516 1.419672874246925 1.522362743201317
191 1910 -0.5892777107038649 -0.2138663560376245 0.20572752905342567 0.5771102331833385 0.2573073773811706 0.41222194563357367 0.5923330943176228 0.6932388382004389 0.9923638155630217 1.1103762553181125 1.1754346587951516 1.419672874246925 1.522362743201317
192 1920 -0.5892777107038649 -0.2138663560376245 0.20572752905342567 0.5771102331833385 0.2573073773811706 0.41222194563357367 0.5923330943176228 0.6932388382004389 0.9923638155630217 1.1103762553181125 1.1754346587951516 1.419672874246925 1.522362743201317
193 1930 -0.5892777107038649 -0.2138663560376245 0.20572752905342567 0.5771102331833385 0.2573073773811706 0.41222194563357367 0.5923330943176228 0.6932388382004389 0.9923638155630217 1.1103762553181125 1.1754346587951516 1.419672874246925 1.522362743201317
194 1940 -0.5892777107038649 -0.2138663560376245 0.20572752905342567 0.5771102331833385 0.2573073773811706 0.41222194563357367 0.5923330943176228 0.6932388382004389 0.9923638155630217 1.1103762553181125 1.1754346587951516 1.419672874246925 1.522362743201317
195 1950 -0.5892777107038649 -0.2138663560376245 0.20572752905342567 0.5771102331833385 0.2573073773811706 0.41222194563357367 0.5923330943176228 0.6932388382004389 0.9923638155630217 1.1103762553181125 1.1754346587951516 1.419672874246925 1.522362743201317
196 1960 -0.5892777107038649 -0.2138663560376245 0.20572752905342567 0.5771102331833385 0.2573073773811706 0.41222194563357367 0.5923330943176228 0.6932388382004389 0.9923638155630217 1.1103762553181125 1.1754346587951516 1.419672874246925 1.522362743201317
197 1970 -0.5892777107038649 -0.2138663560376245 0.20572752905342567 0.5771102331833385 0.2573073773811706 0.41222194563357367 0.5923330943176228 0.6932388382004389 0.9923638155630217 1.1103762553181125 1.1754346587951516 1.419672874246925 1.522362743201317
198 1980 -0.5892777107038649 -0.2138663560376245 0.20572752905342567 0.5771102331833385 0.2573073773811706 0.41222194563357367 0.5923330943176228 0.6932388382004389 0.9923638155630217 1.1103762553181125 1.1754346587951516 1.419672874246925 1.522362743201317
199 1990 -0.6167492823185478 -0.20737520010669397 0.20671049541305447 0.45536939225213846 0.2547930521948197 0.43917751403859057 0.659311556111005 0.7022674648193945 0.9449323961845988 1.1858269667018226 1.230530219606549 1.3293366936814268 1.4946266412390543
200 2000 -0.6167492823185478 -0.20737520010669397 0.20671049541305447 0.45536939225213846 0.2547930521948197 0.43917751403859057 0.659311556111005 0.7022674648193945 0.9449323961845988 1.1858269667018226 1.230530219606549 1.3293366936814268 1.4946266412390543
