% # columns="iteration, evaluation, min max(neg(.)) min(pos(.)) max correlation, correlation matrix principal axes lengths  (sorted square roots of eigenvalues of correlation matrix)", seed=103144, Tue Feb 21 18:30:10 2023
1 10 -0.047268877010113605 -0.01635014337187516 0.02561331172466779 0.07213568975198105 0.9375102907216921 0.9551368982411923 0.9745116242038231 0.9850585604287071 0.9930695539450232 1.0012362938165158 1.022868096605399 1.0393011192710622 1.0833778069665434
2 20 -0.1211112094009966 -0.03357093085124633 0.037423969745523575 0.1234038411226333 0.9375102907216921 0.9551368982411923 0.9745116242038231 0.9850585604287071 0.9930695539450232 1.0012362938165158 1.022868096605399 1.0393011192710622 1.0833778069665434
3 30 -0.1600247698732411 -0.037355247714441736 0.06394861097924326 0.13232263164360492 0.9375102907216921 0.9551368982411923 0.9745116242038231 0.9850585604287071 0.9930695539450232 1.0012362938165158 1.022868096605399 1.0393011192710622 1.0833778069665434
4 40 -0.19480484709232082 -0.05186608608377467 0.05935581022032502 0.170998394603844 0.9375102907216921 0.9551368982411923 0.9745116242038231 0.9850585604287071 0.9930695539450232 1.0012362938165158 1.022868096605399 1.0393011192710622 1.0833778069665434
5 50 -0.2029908969027575 -0.06453627660277132 0.0405962568818751 0.22784659226539128 0.9375102907216921 0.9551368982411923 0.9745116242038231 0.9850585604287071 0.9930695539450232 1.0012362938165158 1.022868096605399 1.0393011192710622 1.0833778069665434
6 60 -0.2312675986008789 -0.06045690363654251 0.04448780466719252 0.2731420275972171 0.9375102907216921 0.9551368982411923 0.9745116242038231 0.9850585604287071 0.9930695539450232 1.0012362938165158 1.022868096605399 1.0393011192710622 1.0833778069665434
7 70 -0.20921030820410855 -0.06952251920049024 0.06343531865880815 0.34787253361527415 0.9375102907216921 0.9551368982411923 0.9745116242038231 0.9850585604287071 0.9930695539450232 1.0012362938165158 1.022868096605399 1.0393011192710622 1.0833778069665434
8 80 -0.27231790673816075 -0.07179095145642837 0.05300910381768934 0.32058854694648886 0.9375102907216921 0.9551368982411923 0.9745116242038231 0.9850585604287071 0.9930695539450232 1.0012362938165158 1.022868096605399 1.0393011192710622 1.0833778069665434
9 90 -0.2736834791825786 -0.03780185136866612 0.07859735049211428 0.27339660368545293 0.9375102907216921 0.9551368982411923 0.9745116242038231 0.9850585604287071 0.9930695539450232 1.0012362938165158 1.022868096605399 1.0393011192710622 1.0833778069665434
10 100 -0.22166623514488937 -0.07099763947997423 0.07545631385370381 0.22976514905509218 0.7707734777227813 0.7887317296800318 0.8387999800663123 0.9222300931200416 0.9752776070091368 1.019156571191124 1.076862264919866 1.2067335433364077 1.2743751582099079
11 110 -0.23014346940801264 -0.0827217663882828 0.07945380430888326 0.2678780664803893 0.7707734777227813 0.7887317296800318 0.8387999800663123 0.9222300931200416 0.9752776070091368 1.019156571191124 1.076862264919866 1.2067335433364077 1.2743751582099079
12 120 -0.2525229660217799 -0.07059262970497218 0.0781523686243408 0.2791422158083242 0.7707734777227813 0.7887317296800318 0.8387999800663123 0.9222300931200416 0.9752776070091368 1.019156571191124 1.076862264919866 1.2067335433364077 1.2743751582099079
13 130 -0.21538565898357837 -0.08075593262495429 0.1159789572441845 0.2935239694323607 0.7707734777227813 0.7887317296800318 0.8387999800663123 0.9222300931200416 0.9752776070091368 1.019156571191124 1.076862264919866 1.2067335433364077 1.2743751582099079
14 140 -0.26749215173364305 -0.07949284550433136 0.11082371019809081 0.2829522960976378 0.7707734777227813 0.7887317296800318 0.8387999800663123 0.9222300931200416 0.9752776070091368 1.019156571191124 1.076862264919866 1.2067335433364077 1.2743751582099079
15 150 -0.3271553698037426 -0.07748857897789864 0.13065063432616206 0.3077952839689145 0.7707734777227813 0.7887317296800318 0.8387999800663123 0.9222300931200416 0.9752776070091368 1.019156571191124 1.076862264919866 1.2067335433364077 1.2743751582099079
16 160 -0.37838930914197705 -0.10104635917573682 0.11778838689581819 0.3194720380089122 0.7707734777227813 0.7887317296800318 0.8387999800663123 0.9222300931200416 0.9752776070091368 1.019156571191124 1.076862264919866 1.2067335433364077 1.2743751582099079
17 170 -0.4100203344033096 -0.09647497724148066 0.12914901328316777 0.3065669468075953 0.7707734777227813 0.7887317296800318 0.8387999800663123 0.9222300931200416 0.9752776070091368 1.019156571191124 1.076862264919866 1.2067335433364077 1.2743751582099079
18 180 -0.41558857401145044 -0.1109061759900058 0.12708154442431008 0.35564085976969634 0.7707734777227813 0.7887317296800318 0.8387999800663123 0.9222300931200416 0.9752776070091368 1.019156571191124 1.076862264919866 1.2067335433364077 1.2743751582099079
19 190 -0.3975737998179471 -0.11076409383958981 0.13155134898653972 0.33137356262871753 0.6951190850614237 0.7124659100392088 0.7933310449587464 0.8298621991747818 0.9813150597428575 1.0205428356096091 1.0873137597950169 1.1636759420689173 1.4663821234313517
20 200 -0.4251943831606257 -0.1560600300797448 0.1226244045929161 0.37383944872091884 0.6951190850614237 0.7124659100392088 0.7933310449587464 0.8298621991747818 0.9813150597428575 1.0205428356096091 1.0873137597950169 1.1636759420689173 1.4663821234313517
21 210 -0.4350502125411816 -0.17077461978623 0.12034799106441257 0.4574023090594154 0.6951190850614237 0.7124659100392088 0.7933310449587464 0.8298621991747818 0.9813150597428575 1.0205428356096091 1.0873137597950169 1.1636759420689173 1.4663821234313517
22 220 -0.43440791522980854 -0.17708560361552317 0.12143003671174468 0.4796464604027556 0.6951190850614237 0.7124659100392088 0.7933310449587464 0.8298621991747818 0.9813150597428575 1.0205428356096091 1.0873137597950169 1.1636759420689173 1.4663821234313517
23 230 -0.4395472561460413 -0.19015684787231854 0.15687337396233111 0.4999206541964556 0.6951190850614237 0.7124659100392088 0.7933310449587464 0.8298621991747818 0.9813150597428575 1.0205428356096091 1.0873137597950169 1.1636759420689173 1.4663821234313517
24 240 -0.4424367773579424 -0.20874175020963204 0.1693079955464969 0.5150014543283139 0.6951190850614237 0.7124659100392088 0.7933310449587464 0.8298621991747818 0.9813150597428575 1.0205428356096091 1.0873137597950169 1.1636759420689173 1.4663821234313517
25 250 -0.44505810822034 -0.19124285325356247 0.1516426284422132 0.4797712229956047 0.6951190850614237 0.7124659100392088 0.7933310449587464 0.8298621991747818 0.9813150597428575 1.0205428356096091 1.0873137597950169 1.1636759420689173 1.4663821234313517
26 260 -0.44005031205549844 -0.18582106083122907 0.12913637817651388 0.4823211962506032 0.6951190850614237 0.7124659100392088 0.7933310449587464 0.8298621991747818 0.9813150597428575 1.0205428356096091 1.0873137597950169 1.1636759420689173 1.4663821234313517
27 270 -0.4545573925659766 -0.16053582780855177 0.13379520435769737 0.43705131934765407 0.6951190850614237 0.7124659100392088 0.7933310449587464 0.8298621991747818 0.9813150597428575 1.0205428356096091 1.0873137597950169 1.1636759420689173 1.4663821234313517
28 280 -0.4667312024835278 -0.16151791042138094 0.13410862984270444 0.47194203434083254 0.6360077316736097 0.6929615460149773 0.7785508004001179 0.8676183173373044 0.8998218462460383 1.0028178768903786 1.1175405029831107 1.158899691561345 1.532686284766639
29 290 -0.46978692278622797 -0.1647822827387846 0.14377105916632776 0.4775713813681441 0.6360077316736097 0.6929615460149773 0.7785508004001179 0.8676183173373044 0.8998218462460383 1.0028178768903786 1.1175405029831107 1.158899691561345 1.532686284766639
30 300 -0.4771690401715506 -0.16704782871952473 0.12510095315862468 0.4658902828122945 0.6360077316736097 0.6929615460149773 0.7785508004001179 0.8676183173373044 0.8998218462460383 1.0028178768903786 1.1175405029831107 1.158899691561345 1.532686284766639
31 310 -0.4678327503473055 -0.15683552391402206 0.12587769364378082 0.4899088711770621 0.6360077316736097 0.6929615460149773 0.7785508004001179 0.8676183173373044 0.8998218462460383 1.0028178768903786 1.1175405029831107 1.158899691561345 1.532686284766639
32 320 -0.511851497490758 -0.1625597268292262 0.1398731632896715 0.5092189770593158 0.6360077316736097 0.6929615460149773 0.7785508004001179 0.8676183173373044 0.8998218462460383 1.0028178768903786 1.1175405029831107 1.158899691561345 1.532686284766639
33 330 -0.5178067786022068 -0.15590007690827357 0.141210218963405 0.5250662455150568 0.6360077316736097 0.6929615460149773 0.7785508004001179 0.8676183173373044 0.8998218462460383 1.0028178768903786 1.1175405029831107 1.158899691561345 1.532686284766639
34 340 -0.4983198798493152 -0.1602282768319221 0.1544572767464706 0.539228041953659 0.6360077316736097 0.6929615460149773 0.7785508004001179 0.8676183173373044 0.8998218462460383 1.0028178768903786 1.1175405029831107 1.158899691561345 1.532686284766639
35 350 -0.4487567690377855 -0.1502032959194759 0.1478388831243407 0.492348898455072 0.6360077316736097 0.6929615460149773 0.7785508004001179 0.8676183173373044 0.8998218462460383 1.0028178768903786 1.1175405029831107 1.158899691561345 1.532686284766639
36 360 -0.4587570692650602 -0.15804904997035615 0.157495023293105 0.4971264987877259 0.6360077316736097 0.6929615460149773 0.7785508004001179 0.8676183173373044 0.8998218462460383 1.0028178768903786 1.1175405029831107 1.158899691561345 1.532686284766639
37 370 -0.4495822927381471 -0.13609712304090255 0.16133298986004302 0.44021375258533 0.6187722822829392 0.6908043643757564 0.7887682822577456 0.8801792803432865 0.95675517042842 0.9967685039731295 1.081126806561496 1.155902941674484 1.5261600620853564
38 380 -0.450118465019959 -0.11198972430328372 0.15371772809977272 0.4606422655763413 0.6187722822829392 0.6908043643757564 0.7887682822577456 0.8801792803432865 0.95675517042842 0.9967685039731295 1.081126806561496 1.155902941674484 1.5261600620853564
39 390 -0.4772187333809398 -0.12134678521713382 0.1688303053440976 0.46663231593804616 0.6187722822829392 0.6908043643757564 0.7887682822577456 0.8801792803432865 0.95675517042842 0.9967685039731295 1.081126806561496 1.155902941674484 1.5261600620853564
40 400 -0.4504951399420851 -0.13367248802705328 0.1575964284085708 0.4589211295767992 0.6187722822829392 0.6908043643757564 0.7887682822577456 0.8801792803432865 0.95675517042842 0.9967685039731295 1.081126806561496 1.155902941674484 1.5261600620853564
41 410 -0.46027440290597876 -0.1262297946190343 0.1597186674357624 0.4802286677949152 0.6187722822829392 0.6908043643757564 0.7887682822577456 0.8801792803432865 0.95675517042842 0.9967685039731295 1.081126806561496 1.155902941674484 1.5261600620853564
42 420 -0.4533713345727806 -0.1466211240964183 0.15168968858541976 0.4926891048261904 0.6187722822829392 0.6908043643757564 0.7887682822577456 0.8801792803432865 0.95675517042842 0.9967685039731295 1.081126806561496 1.155902941674484 1.5261600620853564
43 430 -0.4513636084557777 -0.14194841941895175 0.13304888452515573 0.4863899492223291 0.6187722822829392 0.6908043643757564 0.7887682822577456 0.8801792803432865 0.95675517042842 0.9967685039731295 1.081126806561496 1.155902941674484 1.5261600620853564
44 440 -0.46696345032624187 -0.16822246226180393 0.17008091005362735 0.5222044178986949 0.6187722822829392 0.6908043643757564 0.7887682822577456 0.8801792803432865 0.95675517042842 0.9967685039731295 1.081126806561496 1.155902941674484 1.5261600620853564
45 450 -0.488335513507452 -0.16318048297499713 0.17867538152039297 0.5259349585337343 0.6187722822829392 0.6908043643757564 0.7887682822577456 0.8801792803432865 0.95675517042842 0.9967685039731295 1.081126806561496 1.155902941674484 1.5261600620853564
46 460 -0.5223928300038292 -0.17059232253458956 0.16331608254919772 0.5408665446915517 0.5595221685720979 0.5962165512947454 0.731723955339097 0.8515126488443063 0.8914345285667179 1.010474002191007 1.0920307744139488 1.2189343031284452 1.6052793381353927
47 470 -0.5297877556740991 -0.1751398408698607 0.16076097195115208 0.5509118744866579 0.5595221685720979 0.5962165512947454 0.731723955339097 0.8515126488443063 0.8914345285667179 1.010474002191007 1.0920307744139488 1.2189343031284452 1.6052793381353927
48 480 -0.5329513403907026 -0.14308923124197567 0.1554838996750329 0.6003735550620861 0.5595221685720979 0.5962165512947454 0.731723955339097 0.8515126488443063 0.8914345285667179 1.010474002191007 1.0920307744139488 1.2189343031284452 1.6052793381353927
49 490 -0.5416452914421565 -0.1398186388134247 0.13628151361069257 0.5933952140789398 0.5595221685720979 0.5962165512947454 0.731723955339097 0.8515126488443063 0.8914345285667179 1.010474002191007 1.0920307744139488 1.2189343031284452 1.6052793381353927
50 500 -0.5237297851996603 -0.17963676921624644 0.16414695575322558 0.5663816827647307 0.5595221685720979 0.5962165512947454 0.731723955339097 0.8515126488443063 0.8914345285667179 1.010474002191007 1.0920307744139488 1.2189343031284452 1.6052793381353927
51 510 -0.4657865916156181 -0.17742457329909328 0.20334638668325472 0.5616123406235297 0.5595221685720979 0.5962165512947454 0.731723955339097 0.8515126488443063 0.8914345285667179 1.010474002191007 1.0920307744139488 1.2189343031284452 1.6052793381353927
52 520 -0.5013678916274906 -0.22256284046796887 0.17518883171670505 0.568397097344685 0.5595221685720979 0.5962165512947454 0.731723955339097 0.8515126488443063 0.8914345285667179 1.010474002191007 1.0920307744139488 1.2189343031284452 1.6052793381353927
53 530 -0.51158489516041 -0.23034824547285362 0.19480381759680915 0.5593054911375355 0.5595221685720979 0.5962165512947454 0.731723955339097 0.8515126488443063 0.8914345285667179 1.010474002191007 1.0920307744139488 1.2189343031284452 1.6052793381353927
54 540 -0.5083727508966261 -0.23814223623626235 0.17952074093910897 0.543121562215173 0.5595221685720979 0.5962165512947454 0.731723955339097 0.8515126488443063 0.8914345285667179 1.010474002191007 1.0920307744139488 1.2189343031284452 1.6052793381353927
55 550 -0.5280948680834581 -0.19903958223438162 0.18051198651655442 0.5601412962218237 0.44723953819391477 0.5278709349677447 0.6875305157586691 0.81502622125247 0.8319456958609349 0.9918178280426482 1.0466365927617514 1.3384969152389798 1.679733528202301
56 560 -0.5085883762933745 -0.19374658012465068 0.1592868201350316 0.5818225918942572 0.44723953819391477 0.5278709349677447 0.6875305157586691 0.81502622125247 0.8319456958609349 0.9918178280426482 1.0466365927617514 1.3384969152389798 1.679733528202301
57 570 -0.5131034407907327 -0.14585829823354876 0.13854612540999822 0.5923027423863166 0.44723953819391477 0.5278709349677447 0.6875305157586691 0.81502622125247 0.8319456958609349 0.9918178280426482 1.0466365927617514 1.3384969152389798 1.679733528202301
58 580 -0.5078958948344231 -0.1582769710190427 0.14869429952021368 0.5840139487309706 0.44723953819391477 0.5278709349677447 0.6875305157586691 0.81502622125247 0.8319456958609349 0.9918178280426482 1.0466365927617514 1.3384969152389798 1.679733528202301
59 590 -0.5247851710243261 -0.15771007406089937 0.14998065404963962 0.5724381274585176 0.44723953819391477 0.5278709349677447 0.6875305157586691 0.81502622125247 0.8319456958609349 0.9918178280426482 1.0466365927617514 1.3384969152389798 1.679733528202301
60 600 -0.49043615653266404 -0.17803913211033454 0.15166464464826018 0.5343237801530276 0.44723953819391477 0.5278709349677447 0.6875305157586691 0.81502622125247 0.8319456958609349 0.9918178280426482 1.0466365927617514 1.3384969152389798 1.679733528202301
61 610 -0.48667270817412506 -0.19957468102485348 0.17332508460842516 0.541725093656694 0.44723953819391477 0.5278709349677447 0.6875305157586691 0.81502622125247 0.8319456958609349 0.9918178280426482 1.0466365927617514 1.3384969152389798 1.679733528202301
62 620 -0.47741883103959526 -0.1580741234990907 0.1292846428814195 0.5260850205398595 0.44723953819391477 0.5278709349677447 0.6875305157586691 0.81502622125247 0.8319456958609349 0.9918178280426482 1.0466365927617514 1.3384969152389798 1.679733528202301
63 630 -0.4518703498401926 -0.15331691277377246 0.11451487454143217 0.4725220037697267 0.44723953819391477 0.5278709349677447 0.6875305157586691 0.81502622125247 0.8319456958609349 0.9918178280426482 1.0466365927617514 1.3384969152389798 1.679733528202301
64 640 -0.46506666926426105 -0.15643396285198197 0.1243280787919828 0.5183639308240302 0.5096262806828001 0.5414679380130959 0.6987937603898267 0.7658261487938284 0.8989357999748635 0.9936342476370775 1.1335368390080385 1.390081563806631 1.5361197890880605
65 650 -0.47277505009134396 -0.1730847804407692 0.1371608999194333 0.5399044749220958 0.5096262806828001 0.5414679380130959 0.6987937603898267 0.7658261487938284 0.8989357999748635 0.9936342476370775 1.1335368390080385 1.390081563806631 1.5361197890880605
66 660 -0.4475286154049432 -0.16665555479121008 0.1300851828008744 0.5528312733818884 0.5096262806828001 0.5414679380130959 0.6987937603898267 0.7658261487938284 0.8989357999748635 0.9936342476370775 1.1335368390080385 1.390081563806631 1.5361197890880605
67 670 -0.4639588277638336 -0.14052610068433943 0.09446799818135454 0.5439959239697697 0.5096262806828001 0.5414679380130959 0.6987937603898267 0.7658261487938284 0.8989357999748635 0.9936342476370775 1.1335368390080385 1.390081563806631 1.5361197890880605
68 680 -0.4963650480127626 -0.16874470758839477 0.09363606328066718 0.5676957774002439 0.5096262806828001 0.5414679380130959 0.6987937603898267 0.7658261487938284 0.8989357999748635 0.9936342476370775 1.1335368390080385 1.390081563806631 1.5361197890880605
69 690 -0.49230968940633557 -0.16242317609085605 0.10896160482906085 0.5515279974440529 0.5096262806828001 0.5414679380130959 0.6987937603898267 0.7658261487938284 0.8989357999748635 0.9936342476370775 1.1335368390080385 1.390081563806631 1.5361197890880605
70 700 -0.4699388855031198 -0.16157336664325508 0.14922319102011194 0.5290552279914269 0.5096262806828001 0.5414679380130959 0.6987937603898267 0.7658261487938284 0.8989357999748635 0.9936342476370775 1.1335368390080385 1.390081563806631 1.5361197890880605
71 710 -0.4685686594480439 -0.16036891650009932 0.14154031374160553 0.5088918445658577 0.5096262806828001 0.5414679380130959 0.6987937603898267 0.7658261487938284 0.8989357999748635 0.9936342476370775 1.1335368390080385 1.390081563806631 1.5361197890880605
72 720 -0.45269224529114593 -0.1558628198080558 0.15029712146830085 0.5073294410298026 0.5096262806828001 0.5414679380130959 0.6987937603898267 0.7658261487938284 0.8989357999748635 0.9936342476370775 1.1335368390080385 1.390081563806631 1.5361197890880605
73 730 -0.43848882025268643 -0.15878577446972802 0.12026767647529285 0.5350568504263424 0.5063967069722328 0.6117915548941357 0.6466184078520792 0.7887229439214785 0.9282369904980781 1.036430665227174 1.1183210869405835 1.357532933838538 1.5164841135277884
74 740 -0.4437493151561359 -0.16206405658087725 0.11902297494329822 0.5501951813874243 0.5063967069722328 0.6117915548941357 0.6466184078520792 0.7887229439214785 0.9282369904980781 1.036430665227174 1.1183210869405835 1.357532933838538 1.5164841135277884
75 750 -0.40574632861263343 -0.142219621346904 0.09969826545589675 0.576800944379189 0.5063967069722328 0.6117915548941357 0.6466184078520792 0.7887229439214785 0.9282369904980781 1.036430665227174 1.1183210869405835 1.357532933838538 1.5164841135277884
76 760 -0.3856895243348903 -0.1417458798634624 0.12755534238204402 0.570363795056627 0.5063967069722328 0.6117915548941357 0.6466184078520792 0.7887229439214785 0.9282369904980781 1.036430665227174 1.1183210869405835 1.357532933838538 1.5164841135277884
77 770 -0.3865006460199686 -0.14972425029401215 0.11405629801988566 0.5618684779710132 0.5063967069722328 0.6117915548941357 0.6466184078520792 0.7887229439214785 0.9282369904980781 1.036430665227174 1.1183210869405835 1.357532933838538 1.5164841135277884
78 780 -0.39882166586467604 -0.13164193169426713 0.08798551390489047 0.5545587046940847 0.5063967069722328 0.6117915548941357 0.6466184078520792 0.7887229439214785 0.9282369904980781 1.036430665227174 1.1183210869405835 1.357532933838538 1.5164841135277884
79 790 -0.40083431477635556 -0.11436391465790526 0.07675857289485544 0.5636555089391063 0.5063967069722328 0.6117915548941357 0.6466184078520792 0.7887229439214785 0.9282369904980781 1.036430665227174 1.1183210869405835 1.357532933838538 1.5164841135277884
80 800 -0.4181932955199085 -0.14580193731765206 0.09259978989248 0.5138951987448472 0.5063967069722328 0.6117915548941357 0.6466184078520792 0.7887229439214785 0.9282369904980781 1.036430665227174 1.1183210869405835 1.357532933838538 1.5164841135277884
81 810 -0.4269328124394909 -0.15171650299829223 0.08269974079684611 0.5253897215102287 0.5063967069722328 0.6117915548941357 0.6466184078520792 0.7887229439214785 0.9282369904980781 1.036430665227174 1.1183210869405835 1.357532933838538 1.5164841135277884
82 820 -0.43347542445520565 -0.15875982883752887 0.09124122149021634 0.5545815924629538 0.39108159384256846 0.6256248025258063 0.7199603979785626 0.8517762699656443 0.9202648362871684 1.0499595461039348 1.1031342013444676 1.2865300071717307 1.546097041520178
83 830 -0.4257400333689948 -0.1560242069933192 0.13935029228208923 0.5863929925387416 0.39108159384256846 0.6256248025258063 0.7199603979785626 0.8517762699656443 0.9202648362871684 1.0499595461039348 1.1031342013444676 1.2865300071717307 1.546097041520178
84 840 -0.48009059082877004 -0.16822302359724167 0.13941514837418706 0.5910550887467552 0.39108159384256846 0.6256248025258063 0.7199603979785626 0.8517762699656443 0.9202648362871684 1.0499595461039348 1.1031342013444676 1.2865300071717307 1.546097041520178
85 850 -0.5031986668260162 -0.16453548620986874 0.1394845012135401 0.5849272144204154 0.39108159384256846 0.6256248025258063 0.7199603979785626 0.8517762699656443 0.9202648362871684 1.0499595461039348 1.1031342013444676 1.2865300071717307 1.546097041520178
86 860 -0.5174315386999523 -0.2038639349887698 0.1354655257779768 0.5845680166884737 0.39108159384256846 0.6256248025258063 0.7199603979785626 0.8517762699656443 0.9202648362871684 1.0499595461039348 1.1031342013444676 1.2865300071717307 1.546097041520178
87 870 -0.5131246759830168 -0.1787488143734997 0.10427603328839219 0.6073214723237206 0.39108159384256846 0.6256248025258063 0.7199603979785626 0.8517762699656443 0.9202648362871684 1.0499595461039348 1.1031342013444676 1.2865300071717307 1.546097041520178
88 880 -0.48725177255629454 -0.18840885810658292 0.08472112990328365 0.5781167211887697 0.39108159384256846 0.6256248025258063 0.7199603979785626 0.8517762699656443 0.9202648362871684 1.0499595461039348 1.1031342013444676 1.2865300071717307 1.546097041520178
89 890 -0.4884442200597076 -0.15051403943043523 0.10066843553641563 0.5749781435078313 0.39108159384256846 0.6256248025258063 0.7199603979785626 0.8517762699656443 0.9202648362871684 1.0499595461039348 1.1031342013444676 1.2865300071717307 1.546097041520178
90 900 -0.46944955211470923 -0.15413556805515294 0.09844289845908913 0.5664082196695146 0.39108159384256846 0.6256248025258063 0.7199603979785626 0.8517762699656443 0.9202648362871684 1.0499595461039348 1.1031342013444676 1.2865300071717307 1.546097041520178
91 910 -0.4670305768751626 -0.15823051472082214 0.10450849932570606 0.5768606117091454 0.3706346273072916 0.6132572247063078 0.6458703121195888 0.9035242853056625 0.9881733063377238 1.0305429661162724 1.0549600585000425 1.2227739495757195 1.6144407112093555
92 920 -0.5037804911152775 -0.14091588187857879 0.1520965897417541 0.5747231314103246 0.3706346273072916 0.6132572247063078 0.6458703121195888 0.9035242853056625 0.9881733063377238 1.0305429661162724 1.0549600585000425 1.2227739495757195 1.6144407112093555
93 930 -0.5063484777646617 -0.1756448712606799 0.18884212099995906 0.5843467084810349 0.3706346273072916 0.6132572247063078 0.6458703121195888 0.9035242853056625 0.9881733063377238 1.0305429661162724 1.0549600585000425 1.2227739495757195 1.6144407112093555
94 940 -0.5427521530391107 -0.19382352272946599 0.21817179855092073 0.6105841588429362 0.3706346273072916 0.6132572247063078 0.6458703121195888 0.9035242853056625 0.9881733063377238 1.0305429661162724 1.0549600585000425 1.2227739495757195 1.6144407112093555
95 950 -0.6361756058032597 -0.22899875221688176 0.23536289973765237 0.5771652170381872 0.3706346273072916 0.6132572247063078 0.6458703121195888 0.9035242853056625 0.9881733063377238 1.0305429661162724 1.0549600585000425 1.2227739495757195 1.6144407112093555
96 960 -0.6461508943599834 -0.22833152948462349 0.24883688785792596 0.5947695782502678 0.3706346273072916 0.6132572247063078 0.6458703121195888 0.9035242853056625 0.9881733063377238 1.0305429661162724 1.0549600585000425 1.2227739495757195 1.6144407112093555
97 970 -0.6729465952981268 -0.23672836168899652 0.24303094083543803 0.5984533028633373 0.3706346273072916 0.6132572247063078 0.6458703121195888 0.9035242853056625 0.9881733063377238 1.0305429661162724 1.0549600585000425 1.2227739495757195 1.6144407112093555
98 980 -0.6957975662246547 -0.22100640561226886 0.22496756430641313 0.6115022508975615 0.3706346273072916 0.6132572247063078 0.6458703121195888 0.9035242853056625 0.9881733063377238 1.0305429661162724 1.0549600585000425 1.2227739495757195 1.6144407112093555
99 990 -0.7192227672716296 -0.189662384702254 0.23051126488767196 0.6119219518534702 0.3706346273072916 0.6132572247063078 0.6458703121195888 0.9035242853056625 0.9881733063377238 1.0305429661162724 1.0549600585000425 1.2227739495757195 1.6144407112093555
100 1000 -0.7636268297364971 -0.1630461601463295 0.24254022689272448 0.6217534007486283 0.3512358002883753 0.49651866828307434 0.5814371792748501 0.7886532004073754 0.9119048326662467 0.9708542233223166 1.0754907212325173 1.1820505996387591 1.82811577924919
101 1010 -0.7851392122958776 -0.17938530720853865 0.23771643115003627 0.6211360952680677 0.3512358002883753 0.49651866828307434 0.5814371792748501 0.7886532004073754 0.9119048326662467 0.9708542233223166 1.0754907212325173 1.1820505996387591 1.82811577924919
102 1020 -0.7884483144892239 -0.16705847682095193 0.2584606573172443 0.6087433374531066 0.3512358002883753 0.49651866828307434 0.5814371792748501 0.7886532004073754 0.9119048326662467 0.9708542233223166 1.0754907212325173 1.1820505996387591 1.82811577924919
103 1030 -0.7755951425713119 -0.1485804986075754 0.23009962005122553 0.5792675013496702 0.3512358002883753 0.49651866828307434 0.5814371792748501 0.7886532004073754 0.9119048326662467 0.9708542233223166 1.0754907212325173 1.1820505996387591 1.82811577924919
104 1040 -0.7661908893677054 -0.16206528822198787 0.2182933393840124 0.5993157981764307 0.3512358002883753 0.49651866828307434 0.5814371792748501 0.7886532004073754 0.9119048326662467 0.9708542233223166 1.0754907212325173 1.1820505996387591 1.82811577924919
105 1050 -0.7897138941285613 -0.14091171663640933 0.2663583648395622 0.606786176984704 0.3512358002883753 0.49651866828307434 0.5814371792748501 0.7886532004073754 0.9119048326662467 0.9708542233223166 1.0754907212325173 1.1820505996387591 1.82811577924919
106 1060 -0.7774288991231783 -0.13541452456906722 0.23374182582269493 0.6319901940963814 0.3512358002883753 0.49651866828307434 0.5814371792748501 0.7886532004073754 0.9119048326662467 0.9708542233223166 1.0754907212325173 1.1820505996387591 1.82811577924919
107 1070 -0.7649663183295408 -0.1659494368066417 0.2427015818174778 0.6126262740264627 0.3512358002883753 0.49651866828307434 0.5814371792748501 0.7886532004073754 0.9119048326662467 0.9708542233223166 1.0754907212325173 1.1820505996387591 1.82811577924919
108 1080 -0.776759254967135 -0.17490323104820876 0.2379889097315091 0.6117775962098245 0.3512358002883753 0.49651866828307434 0.5814371792748501 0.7886532004073754 0.9119048326662467 0.9708542233223166 1.0754907212325173 1.1820505996387591 1.82811577924919
109 1090 -0.7790507483820357 -0.2012386304587766 0.237566001958949 0.559497684180493 0.3183769932179613 0.4716574823192557 0.5665956484347016 0.7231789293540357 0.9110090519966165 1.0283119317027085 1.0888441395676536 1.223242671614477 1.8063470877003907
110 1100 -0.7896976006210423 -0.2154892765647299 0.2320121805471479 0.5727664468648588 0.3183769932179613 0.4716574823192557 0.5665956484347016 0.7231789293540357 0.9110090519966165 1.0283119317027085 1.0888441395676536 1.223242671614477 1.8063470877003907
111 1110 -0.7858114011049638 -0.23293510400457246 0.24713690458999138 0.5585563531761769 0.3183769932179613 0.4716574823192557 0.5665956484347016 0.7231789293540357 0.9110090519966165 1.0283119317027085 1.0888441395676536 1.223242671614477 1.8063470877003907
112 1120 -0.774773293910664 -0.25619448207491563 0.2371606849813433 0.573705616211893 0.3183769932179613 0.4716574823192557 0.5665956484347016 0.7231789293540357 0.9110090519966165 1.0283119317027085 1.0888441395676536 1.223242671614477 1.8063470877003907
113 1130 -0.7643458747270434 -0.2630289180198802 0.2628785041223252 0.5602071673074949 0.3183769932179613 0.4716574823192557 0.5665956484347016 0.7231789293540357 0.9110090519966165 1.0283119317027085 1.0888441395676536 1.223242671614477 1.8063470877003907
114 1140 -0.7647007464032929 -0.2764784431458923 0.25177748722879956 0.5599347649827472 0.3183769932179613 0.4716574823192557 0.5665956484347016 0.7231789293540357 0.9110090519966165 1.0283119317027085 1.0888441395676536 1.223242671614477 1.8063470877003907
115 1150 -0.7576510881998887 -0.2645471898770547 0.2692854219301718 0.5474187441773207 0.3183769932179613 0.4716574823192557 0.5665956484347016 0.7231789293540357 0.9110090519966165 1.0283119317027085 1.0888441395676536 1.223242671614477 1.8063470877003907
116 1160 -0.7631296293960349 -0.2815186450656919 0.27803834926566134 0.5601202201441243 0.3183769932179613 0.4716574823192557 0.5665956484347016 0.7231789293540357 0.9110090519966165 1.0283119317027085 1.0888441395676536 1.223242671614477 1.8063470877003907
117 1170 -0.7608305978465524 -0.2835532371345857 0.2881207192965326 0.581156078142298 0.3183769932179613 0.4716574823192557 0.5665956484347016 0.7231789293540357 0.9110090519966165 1.0283119317027085 1.0888441395676536 1.223242671614477 1.8063470877003907
118 1180 -0.7608611859626878 -0.27009764142832304 0.3025876231930001 0.5749070036328484 0.34511314834517093 0.46553503873973456 0.5197867606947326 0.7216089781409387 0.8300723255037362 1.0331684311391514 1.1201501865608239 1.2188596817638917 1.8375156629716662
119 1190 -0.7380086081061282 -0.2745711961736446 0.2982169364823581 0.5602625982504131 0.34511314834517093 0.46553503873973456 0.5197867606947326 0.7216089781409387 0.8300723255037362 1.0331684311391514 1.1201501865608239 1.2188596817638917 1.8375156629716662
120 1200 -0.7211235051781628 -0.25115245188392277 0.2986251252736166 0.5554544544543576 0.34511314834517093 0.46553503873973456 0.5197867606947326 0.7216089781409387 0.8300723255037362 1.0331684311391514 1.1201501865608239 1.2188596817638917 1.8375156629716662
121 1210 -0.7200463183872129 -0.24900295845551002 0.2860138641970891 0.5438406745964098 0.34511314834517093 0.46553503873973456 0.5197867606947326 0.7216089781409387 0.8300723255037362 1.0331684311391514 1.1201501865608239 1.2188596817638917 1.8375156629716662
122 1220 -0.7161147582914328 -0.22906247699363433 0.27306706732388186 0.5213023870692799 0.34511314834517093 0.46553503873973456 0.5197867606947326 0.7216089781409387 0.8300723255037362 1.0331684311391514 1.1201501865608239 1.2188596817638917 1.8375156629716662
123 1230 -0.7045118580271273 -0.2381934367813895 0.26623199233330097 0.5339184708086936 0.34511314834517093 0.46553503873973456 0.5197867606947326 0.7216089781409387 0.8300723255037362 1.0331684311391514 1.1201501865608239 1.2188596817638917 1.8375156629716662
124 1240 -0.7102453461954346 -0.24698420140414776 0.2632039125464738 0.5254358502421572 0.34511314834517093 0.46553503873973456 0.5197867606947326 0.7216089781409387 0.8300723255037362 1.0331684311391514 1.1201501865608239 1.2188596817638917 1.8375156629716662
125 1250 -0.6967795653293702 -0.2477920093137011 0.2744868350225304 0.5471611767865513 0.34511314834517093 0.46553503873973456 0.5197867606947326 0.7216089781409387 0.8300723255037362 1.0331684311391514 1.1201501865608239 1.2188596817638917 1.8375156629716662
126 1260 -0.703060395000844 -0.2434234919766127 0.28062762561384685 0.5464553330577969 0.34511314834517093 0.46553503873973456 0.5197867606947326 0.7216089781409387 0.8300723255037362 1.0331684311391514 1.1201501865608239 1.2188596817638917 1.8375156629716662
127 1270 -0.7058457526880586 -0.22699544164984065 0.29041653427770725 0.5432876450141777 0.322012321201392 0.5021455729933182 0.5479261246348928 0.6522935513918574 0.7557405055823754 1.0247688700705322 1.1916766950690274 1.357368798768326 1.742013094953347
128 1280 -0.711461787763581 -0.23364684139822 0.2786375209381039 0.5233667499837493 0.322012321201392 0.5021455729933182 0.5479261246348928 0.6522935513918574 0.7557405055823754 1.0247688700705322 1.1916766950690274 1.357368798768326 1.742013094953347
129 1290 -0.6993175861664072 -0.2344800943121816 0.27830654627148704 0.49305839500512344 0.322012321201392 0.5021455729933182 0.5479261246348928 0.6522935513918574 0.7557405055823754 1.0247688700705322 1.1916766950690274 1.357368798768326 1.742013094953347
130 1300 -0.7080886534773663 -0.2340199458195218 0.2760847959853079 0.48518863387124045 0.322012321201392 0.5021455729933182 0.5479261246348928 0.6522935513918574 0.7557405055823754 1.0247688700705322 1.1916766950690274 1.357368798768326 1.742013094953347
131 1310 -0.702036908036225 -0.22069249807637448 0.2556336115041339 0.4881787104682207 0.322012321201392 0.5021455729933182 0.5479261246348928 0.6522935513918574 0.7557405055823754 1.0247688700705322 1.1916766950690274 1.357368798768326 1.742013094953347
132 1320 -0.6796770149491695 -0.18962607162294623 0.2587221902282205 0.5209326102879532 0.322012321201392 0.5021455729933182 0.5479261246348928 0.6522935513918574 0.7557405055823754 1.0247688700705322 1.1916766950690274 1.357368798768326 1.742013094953347
133 1330 -0.6499575526776182 -0.20716837278256506 0.2466003458925598 0.5354515431195835 0.322012321201392 0.5021455729933182 0.5479261246348928 0.6522935513918574 0.7557405055823754 1.0247688700705322 1.1916766950690274 1.357368798768326 1.742013094953347
134 1340 -0.663711442066637 -0.21430157313871637 0.23083848429849158 0.5217832238864831 0.322012321201392 0.5021455729933182 0.5479261246348928 0.6522935513918574 0.7557405055823754 1.0247688700705322 1.1916766950690274 1.357368798768326 1.742013094953347
135 1350 -0.675829956843755 -0.2277359167458792 0.24110775956002733 0.5185202620475587 0.322012321201392 0.5021455729933182 0.5479261246348928 0.6522935513918574 0.7557405055823754 1.0247688700705322 1.1916766950690274 1.357368798768326 1.742013094953347
136 1360 -0.6900138325713521 -0.2228866509928244 0.2659180889465119 0.5539236638114932 0.3450693164072514 0.47301232761028905 0.509861721605239 0.6300538216545171 0.7408538164179373 1.056309440058336 1.2235351808020032 1.4350889213931481 1.6670594320660228
137 1370 -0.6927622851050281 -0.23640936580087693 0.27804530086214196 0.5804706382902273 0.3450693164072514 0.47301232761028905 0.509861721605239 0.6300538216545171 0.7408538164179373 1.056309440058336 1.2235351808020032 1.4350889213931481 1.6670594320660228
138 1380 -0.7116825121833777 -0.24520841873304336 0.2793690443587282 0.5822439310077694 0.3450693164072514 0.47301232761028905 0.509861721605239 0.6300538216545171 0.7408538164179373 1.056309440058336 1.2235351808020032 1.4350889213931481 1.6670594320660228
139 1390 -0.6779286152271538 -0.2501894276581188 0.2613462277324298 0.5922052772510397 0.3450693164072514 0.47301232761028905 0.509861721605239 0.6300538216545171 0.7408538164179373 1.056309440058336 1.2235351808020032 1.4350889213931481 1.6670594320660228
140 1400 -0.6544465406101352 -0.2438551354542338 0.2499334164661966 0.6096659336739465 0.3450693164072514 0.47301232761028905 0.509861721605239 0.6300538216545171 0.7408538164179373 1.056309440058336 1.2235351808020032 1.4350889213931481 1.6670594320660228
141 1410 -0.6571065169251027 -0.1956563712254341 0.2603466304677571 0.5883368519196177 0.3450693164072514 0.47301232761028905 0.509861721605239 0.6300538216545171 0.7408538164179373 1.056309440058336 1.2235351808020032 1.4350889213931481 1.6670594320660228
142 1420 -0.6759508965361474 -0.21842775155539285 0.26174738981660284 0.5709489439050492 0.3450693164072514 0.47301232761028905 0.509861721605239 0.6300538216545171 0.7408538164179373 1.056309440058336 1.2235351808020032 1.4350889213931481 1.6670594320660228
143 1430 -0.68261069739881 -0.2594526382176583 0.285102247601115 0.5383510399863528 0.3450693164072514 0.47301232761028905 0.509861721605239 0.6300538216545171 0.7408538164179373 1.056309440058336 1.2235351808020032 1.4350889213931481 1.6670594320660228
144 1440 -0.6957613357311064 -0.2429642457438051 0.3105411141146285 0.5561640459974474 0.3450693164072514 0.47301232761028905 0.509861721605239 0.6300538216545171 0.7408538164179373 1.056309440058336 1.2235351808020032 1.4350889213931481 1.6670594320660228
145 1450 -0.6974049931824781 -0.22820666244526963 0.3083197457675857 0.5548396145258884 0.2964561730036938 0.4561765022003745 0.4723043513804402 0.5980841617655138 0.6695743366812158 1.0942138281371203 1.2211105785360747 1.4781913039645271 1.673752192316097
146 1460 -0.6902775902315982 -0.21697189526223742 0.305542361928254 0.5569042171599846 0.2964561730036938 0.4561765022003745 0.4723043513804402 0.5980841617655138 0.6695743366812158 1.0942138281371203 1.2211105785360747 1.4781913039645271 1.673752192316097
147 1470 -0.6761906624039837 -0.22676657156337698 0.3040005689883226 0.5593143364826192 0.2964561730036938 0.4561765022003745 0.4723043513804402 0.5980841617655138 0.6695743366812158 1.0942138281371203 1.2211105785360747 1.4781913039645271 1.673752192316097
148 1480 -0.6693810765182933 -0.2209528120625549 0.29048754852515857 0.5827476270935212 0.2964561730036938 0.4561765022003745 0.4723043513804402 0.5980841617655138 0.6695743366812158 1.0942138281371203 1.2211105785360747 1.4781913039645271 1.673752192316097
149 1490 -0.6921008175603472 -0.22739002458438023 0.2919147404983735 0.5938323624877094 0.2964561730036938 0.4561765022003745 0.4723043513804402 0.5980841617655138 0.6695743366812158 1.0942138281371203 1.2211105785360747 1.4781913039645271 1.673752192316097
150 1500 -0.7020684567115023 -0.22274098707446335 0.292602009019326 0.5750015374017969 0.2964561730036938 0.4561765022003745 0.4723043513804402 0.5980841617655138 0.6695743366812158 1.0942138281371203 1.2211105785360747 1.4781913039645271 1.673752192316097
151 1510 -0.7032622212936425 -0.22286640863005405 0.29480379743525276 0.5503621247038633 0.2964561730036938 0.4561765022003745 0.4723043513804402 0.5980841617655138 0.6695743366812158 1.0942138281371203 1.2211105785360747 1.4781913039645271 1.673752192316097
152 1520 -0.7023233525422874 -0.23022014791508602 0.30054607843442255 0.5526533178179118 0.2964561730036938 0.4561765022003745 0.4723043513804402 0.5980841617655138 0.6695743366812158 1.0942138281371203 1.2211105785360747 1.4781913039645271 1.673752192316097
153 1530 -0.6994043042428072 -0.2611092496974068 0.28926257958596013 0.5528020929744508 0.2964561730036938 0.4561765022003745 0.4723043513804402 0.5980841617655138 0.6695743366812158 1.0942138281371203 1.2211105785360747 1.4781913039645271 1.673752192316097
154 1540 -0.7123852285901435 -0.25490204771244496 0.30926224067091435 0.5816132117880858 0.2941724678128169 0.42876948855569796 0.4596341807271108 0.594685604378969 0.6580790905654798 1.0349468008505889 1.2641713896302478 1.5354880217685833 1.644587790095595
155 1550 -0.733379308861549 -0.25637696638317287 0.33598188024231584 0.5641378609681237 0.2941724678128169 0.42876948855569796 0.4596341807271108 0.594685604378969 0.6580790905654798 1.0349468008505889 1.2641713896302478 1.5354880217685833 1.644587790095595
156 1560 -0.7394965507639907 -0.2400342276538644 0.3316888109107722 0.5529458582552721 0.2941724678128169 0.42876948855569796 0.4596341807271108 0.594685604378969 0.6580790905654798 1.0349468008505889 1.2641713896302478 1.5354880217685833 1.644587790095595
157 1570 -0.7291670859074071 -0.19853720543679926 0.3374502538810762 0.5028956970835453 0.2941724678128169 0.42876948855569796 0.4596341807271108 0.594685604378969 0.6580790905654798 1.0349468008505889 1.2641713896302478 1.5354880217685833 1.644587790095595
158 1580 -0.7245993705828241 -0.22231235810008848 0.33467139936756796 0.5098855328593602 0.2941724678128169 0.42876948855569796 0.4596341807271108 0.594685604378969 0.6580790905654798 1.0349468008505889 1.2641713896302478 1.5354880217685833 1.644587790095595
159 1590 -0.7513310813900655 -0.20966997775001703 0.3378952036566111 0.5179329394179325 0.2941724678128169 0.42876948855569796 0.4596341807271108 0.594685604378969 0.6580790905654798 1.0349468008505889 1.2641713896302478 1.5354880217685833 1.644587790095595
160 1600 -0.7537674348934421 -0.17592632439128816 0.340825832603909 0.5193730442223058 0.2941724678128169 0.42876948855569796 0.4596341807271108 0.594685604378969 0.6580790905654798 1.0349468008505889 1.2641713896302478 1.5354880217685833 1.644587790095595
161 1610 -0.7439900079790563 -0.2229617019673034 0.31677609646439775 0.5082590325686864 0.2941724678128169 0.42876948855569796 0.4596341807271108 0.594685604378969 0.6580790905654798 1.0349468008505889 1.2641713896302478 1.5354880217685833 1.644587790095595
162 1620 -0.748894944569535 -0.256322066461548 0.325946614967738 0.4741284069684649 0.2941724678128169 0.42876948855569796 0.4596341807271108 0.594685604378969 0.6580790905654798 1.0349468008505889 1.2641713896302478 1.5354880217685833 1.644587790095595
163 1630 -0.7368603400550753 -0.26908079587876405 0.3185641808485963 0.4656623445977188 0.37901668109729986 0.42193879646710175 0.47004734881115023 0.6350290037869106 0.6709629542543756 0.9958859324410468 1.3009825695116894 1.3465153367963616 1.7625176273995407
164 1640 -0.7860037616697122 -0.22253191083720059 0.34321100084691825 0.547139571062886 0.37901668109729986 0.42193879646710175 0.47004734881115023 0.6350290037869106 0.6709629542543756 0.9958859324410468 1.3009825695116894 1.3465153367963616 1.7625176273995407
165 1650 -0.781231373083464 -0.22795278172967337 0.3329749252773424 0.5200103357354983 0.37901668109729986 0.42193879646710175 0.47004734881115023 0.6350290037869106 0.6709629542543756 0.9958859324410468 1.3009825695116894 1.3465153367963616 1.7625176273995407
166 1660 -0.7909767332079893 -0.23166076220514653 0.33595180547508086 0.5158248587782237 0.37901668109729986 0.42193879646710175 0.47004734881115023 0.6350290037869106 0.6709629542543756 0.9958859324410468 1.3009825695116894 1.3465153367963616 1.7625176273995407
167 1670 -0.8104273759684719 -0.23159295908359262 0.32940348664997043 0.561398526824878 0.37901668109729986 0.42193879646710175 0.47004734881115023 0.6350290037869106 0.6709629542543756 0.9958859324410468 1.3009825695116894 1.3465153367963616 1.7625176273995407
168 1680 -0.8250736607938767 -0.23259583082005333 0.316339666763701 0.5850684144929355 0.37901668109729986 0.42193879646710175 0.47004734881115023 0.6350290037869106 0.6709629542543756 0.9958859324410468 1.3009825695116894 1.3465153367963616 1.7625176273995407
169 1690 -0.8372980874184762 -0.24755214864047198 0.32750676580499904 0.5969893479600591 0.37901668109729986 0.42193879646710175 0.47004734881115023 0.6350290037869106 0.6709629542543756 0.9958859324410468 1.3009825695116894 1.3465153367963616 1.7625176273995407
170 1700 -0.8469172492549543 -0.23442375807407095 0.31479109799354266 0.6227944984596345 0.37901668109729986 0.42193879646710175 0.47004734881115023 0.6350290037869106 0.6709629542543756 0.9958859324410468 1.3009825695116894 1.3465153367963616 1.7625176273995407
171 1710 -0.8332276591076583 -0.27899813505866045 0.3014393409111741 0.6145567542755688 0.37901668109729986 0.42193879646710175 0.47004734881115023 0.6350290037869106 0.6709629542543756 0.9958859324410468 1.3009825695116894 1.3465153367963616 1.7625176273995407
172 1720 -0.8317981047053896 -0.29955711882009933 0.2890449769183582 0.6314121017053979 0.3363858783034875 0.3982975384024938 0.4603827528982512 0.6046326352443376 0.668960412946496 0.9199329783758433 1.1760213682449918 1.3263015587918638 1.927377468685435
173 1730 -0.8294869650301272 -0.28333434389676926 0.28927889714443433 0.6201078470800014 0.3363858783034875 0.3982975384024938 0.4603827528982512 0.6046326352443376 0.668960412946496 0.9199329783758433 1.1760213682449918 1.3263015587918638 1.927377468685435
174 1740 -0.8224876849818888 -0.27513240347760204 0.2568719505013578 0.6070034023720238 0.3363858783034875 0.3982975384024938 0.4603827528982512 0.6046326352443376 0.668960412946496 0.9199329783758433 1.1760213682449918 1.3263015587918638 1.927377468685435
175 1750 -0.81784585700404 -0.3191945326508433 0.25601847517184834 0.6088068195437634 0.3363858783034875 0.3982975384024938 0.4603827528982512 0.6046326352443376 0.668960412946496 0.9199329783758433 1.1760213682449918 1.3263015587918638 1.927377468685435
176 1760 -0.8244871208464053 -0.3323900598526175 0.2544946738627355 0.5975128246997913 0.3363858783034875 0.3982975384024938 0.4603827528982512 0.6046326352443376 0.668960412946496 0.9199329783758433 1.1760213682449918 1.3263015587918638 1.927377468685435
177 1770 -0.8287064032415041 -0.33620515947588325 0.2306111466401392 0.6086695703118685 0.3363858783034875 0.3982975384024938 0.4603827528982512 0.6046326352443376 0.668960412946496 0.9199329783758433 1.1760213682449918 1.3263015587918638 1.927377468685435
178 1780 -0.8148233810427501 -0.34050570321398427 0.24830221416415138 0.5929632823423564 0.3363858783034875 0.3982975384024938 0.4603827528982512 0.6046326352443376 0.668960412946496 0.9199329783758433 1.1760213682449918 1.3263015587918638 1.927377468685435
179 1790 -0.8167733937495337 -0.34908585921201707 0.24824048337959262 0.5870542438408023 0.3363858783034875 0.3982975384024938 0.4603827528982512 0.6046326352443376 0.668960412946496 0.9199329783758433 1.1760213682449918 1.3263015587918638 1.927377468685435
180 1800 -0.8120549266150899 -0.33409745051391776 0.2466872707623378 0.5771691686404019 0.3363858783034875 0.3982975384024938 0.4603827528982512 0.6046326352443376 0.668960412946496 0.9199329783758433 1.1760213682449918 1.3263015587918638 1.927377468685435
181 1810 -0.8065326571654922 -0.3457124721667878 0.24441544334748888 0.6082152068684488 0.32338526701828474 0.3942972809438609 0.44688743184600194 0.6064223900282502 0.6982505252506792 0.9490764920773068 1.1316070052854383 1.3651183486731113 1.9079079189847197
182 1820 -0.7855157015441807 -0.33580137605850613 0.24318546592145818 0.5967000822064041 0.32338526701828474 0.3942972809438609 0.44688743184600194 0.6064223900282502 0.6982505252506792 0.9490764920773068 1.1316070052854383 1.3651183486731113 1.9079079189847197
183 1830 -0.7740482603963403 -0.3327453739737582 0.24666944636575905 0.6184753006223112 0.32338526701828474 0.3942972809438609 0.44688743184600194 0.6064223900282502 0.6982505252506792 0.9490764920773068 1.1316070052854383 1.3651183486731113 1.9079079189847197
184 1840 -0.7628029740538772 -0.345337496869486 0.2534649547771799 0.596530293539903 0.32338526701828474 0.3942972809438609 0.44688743184600194 0.6064223900282502 0.6982505252506792 0.9490764920773068 1.1316070052854383 1.3651183486731113 1.9079079189847197
185 1850 -0.7417006289033276 -0.3412541579788492 0.22901815128652406 0.5575702985383789 0.32338526701828474 0.3942972809438609 0.44688743184600194 0.6064223900282502 0.6982505252506792 0.9490764920773068 1.1316070052854383 1.3651183486731113 1.9079079189847197
186 1860 -0.7499648945525675 -0.34783757277108435 0.22615709392232725 0.5738540489831995 0.32338526701828474 0.3942972809438609 0.44688743184600194 0.6064223900282502 0.6982505252506792 0.9490764920773068 1.1316070052854383 1.3651183486731113 1.9079079189847197
187 1870 -0.7628348286455232 -0.32620573237364603 0.22846929234812385 0.6082094479223861 0.32338526701828474 0.3942972809438609 0.44688743184600194 0.6064223900282502 0.6982505252506792 0.9490764920773068 1.1316070052854383 1.3651183486731113 1.9079079189847197
188 1880 -0.7879560426393089 -0.3104894306809628 0.22430705196085277 0.6199793170455908 0.32338526701828474 0.3942972809438609 0.44688743184600194 0.6064223900282502 0.6982505252506792 0.9490764920773068 1.1316070052854383 1.3651183486731113 1.9079079189847197
189 1890 -0.8119099441195512 -0.3405560461400957 0.21389238207075523 0.6424854233455306 0.32338526701828474 0.3942972809438609 0.44688743184600194 0.6064223900282502 0.6982505252506792 0.9490764920773068 1.1316070052854383 1.3651183486731113 1.9079079189847197
190 1900 -0.8183971602861203 -0.3419922558480292 0.2315115737904419 0.665441362941633 0.3326882433491863 0.3796349338378216 0.4055806329553952 0.6177654249945014 0.6773813259521632 1.0501831545115676 1.120248376485698 1.3300814451370773 1.9008584600423815
191 1910 -0.7994069657835855 -0.34977206057090343 0.2145107760592636 0.6565848887300949 0.3326882433491863 0.3796349338378216 0.4055806329553952 0.6177654249945014 0.6773813259521632 1.0501831545115676 1.120248376485698 1.3300814451370773 1.9008584600423815
192 1920 -0.7995383714112954 -0.33660775533009996 0.18772188486022157 0.6689341503213964 0.3326882433491863 0.3796349338378216 0.4055806329553952 0.6177654249945014 0.6773813259521632 1.0501831545115676 1.120248376485698 1.3300814451370773 1.9008584600423815
193 1930 -0.7989240269533535 -0.3245895347502741 0.2027723130041007 0.6720231341491989 0.3326882433491863 0.3796349338378216 0.4055806329553952 0.6177654249945014 0.6773813259521632 1.0501831545115676 1.120248376485698 1.3300814451370773 1.9008584600423815
194 1940 -0.7943232366310622 -0.3220389514218087 0.20768146021650907 0.6632865526661336 0.3326882433491863 0.3796349338378216 0.4055806329553952 0.6177654249945014 0.6773813259521632 1.0501831545115676 1.120248376485698 1.3300814451370773 1.9008584600423815
195 1950 -0.7852615204739314 -0.3280690734946229 0.204424119913018 0.6443890475095848 0.3326882433491863 0.3796349338378216 0.4055806329553952 0.6177654249945014 0.6773813259521632 1.0501831545115676 1.120248376485698 1.3300814451370773 1.9008584600423815
196 1960 -0.7802496280519122 -0.3343883707393337 0.20820681347118258 0.6441815172258064 0.3326882433491863 0.3796349338378216 0.4055806329553952 0.6177654249945014 0.6773813259521632 1.0501831545115676 1.120248376485698 1.3300814451370773 1.9008584600423815
197 1970 -0.7936571116432658 -0.3252614345794156 0.19606276529829675 0.6595909497750004 0.3326882433491863 0.3796349338378216 0.4055806329553952 0.6177654249945014 0.6773813259521632 1.0501831545115676 1.120248376485698 1.3300814451370773 1.9008584600423815
198 1980 -0.8103357786258181 -0.3284166428252001 0.21982155986495294 0.6795924357611953 0.3326882433491863 0.3796349338378216 0.4055806329553952 0.6177654249945014 0.6773813259521632 1.0501831545115676 1.120248376485698 1.3300814451370773 1.9008584600423815
199 1990 -0.8111893681061114 -0.34475458347159615 0.23707118024649204 0.670412257834626 0.3596180682731185 0.36741787011770777 0.40931458041350166 0.5852216098998713 0.7481790725722918 1.0455646399884624 1.0941336170870604 1.309529637429712 1.9132910418649467
200 2000 -0.8179369128135532 -0.34084046529414913 0.24056241865515554 0.6759612091005127 0.3596180682731185 0.36741787011770777 0.40931458041350166 0.5852216098998713 0.7481790725722918 1.0455646399884624 1.0941336170870604 1.309529637429712 1.9132910418649467
