% # columns="iter, evals, sigma, 0, fitness, xbest" seed=103144, Tue Feb 21 18:30:10 2023, <python>{}</python>
1 10 0.09248891716367734 0 -1482.3042203386683 0.5968113308286565 0.8923718701696284 0.5280833897262246 -0.011958281316063857 0.605536496093387 0.7751775209014753 0.5217425010165913 1.1364352471150212 0.32577605232230766
2 20 0.0966314216006598 0 4.717010287047165 0.6598044304348897 0.8800492747346221 0.39570143205466596 0.04787332803037724 0.686150339137179 0.9364549342629009 0.546646950419462 1.039693183831541 0.3784531136070141
3 30 0.10797982697645864 0 0.1693463151057597 0.7092215564362153 0.805476401846871 0.35961044265817216 -0.00436797282561481 0.8538603051131923 1.0639127808872015 0.3864090594909566 1.19476136333578 0.4919438543299526
4 40 0.10562632625618061 0 -101.28772325588938 0.7357527379021399 0.7138862008012389 0.405410153940063 -0.006151949866634296 0.6265560513208673 0.9998945365955401 0.4577353545961439 1.192485264368571 0.42428643161439933
5 50 0.11069057036445795 0 -38.66125659986873 0.7486278340569997 0.7155661291911757 0.38614484404012633 0.0169358850030941 0.45576073627921737 0.9065323655219042 0.3228798628359798 1.1625215566257894 0.5158711037998734
6 60 0.11416083995283913 0 2.6819023469916807 0.7408562704312968 0.5659008064640223 0.4984173084857187 -0.04861294770136891 0.4961920969158678 1.1675561379254067 0.5224592768139703 1.3619296799299805 0.622717444023017
7 70 0.11798815590317879 0 1.5276531599903214 0.7901831359846115 0.7413959599499312 0.508400309701684 0.06323811268909113 0.47409141076501776 0.9227319193833377 0.3953768073209329 1.353898082751727 0.5260577515066782
8 80 0.12170399111766589 0 1.9616475033636374 0.8008749144303444 0.9051263852918536 0.5139718603258214 -0.077901766768976 0.47196491678755226 0.8640592227846116 0.41468693216934377 1.3251357370885342 0.6093283503590394
9 90 0.1326609704244364 0 -0.04454618433844784 0.9543464360016777 0.8536996856659665 0.6532147320484458 -0.10361847875486319 0.6371299328947173 1.1059150742372583 0.7544460573851334 1.2022946453985326 0.697242584661708
10 100 0.14574858644321254 0 0.003231710525075898 1.04527065518758 1.2722701010019575 0.7697864325930082 0.008385807854186154 0.4572856586883117 0.9125180757490003 0.567446148915995 1.198101110209869 0.5506661759901849
11 110 0.15554265296262762 0 -99.18109566138074 1.2039539491977476 1.1383254635318367 0.7565869424268701 -0.08038873810448618 0.40038134446999546 0.6753505985281486 0.5192532700763602 1.2089282700238784 0.5139861629627592
12 120 0.14243122998555438 0 3.682623891657426 0.7987578552141448 0.842045227920837 0.7817638077801451 0.04902859765981656 0.35914549331603746 1.0075317254001612 0.6092967460693551 1.3364749875587616 0.40380610075732914
13 130 0.14641373226931287 0 0.9726014270979089 0.9217559601440468 1.19713931674479 0.6794116734011507 -0.09841627788536106 0.2979513918408977 1.046592865528009 0.8780852054986001 1.4456781626178954 0.5159981476921306
14 140 0.1482704568193917 0 0.08624900009999675 1.0304773449816635 1.136470870293484 0.8263696862377727 0.11883613955445968 0.4286024431909158 0.8194056248535979 0.6176293744837578 0.9603522525843191 0.519868778589662
15 150 0.15199931108020454 0 0.23809769492667635 1.2420675178550582 1.1214267691933948 0.8662206910616035 0.21668450428988983 0.5441220561577156 0.806404887989064 0.6852182954683391 0.8399956607227491 0.5553692443416041
16 160 0.16069301113390289 0 0.030253964139171613 1.265028393903141 1.4382062145557062 0.9062189843424356 0.026775471984848767 0.5370740268454975 0.8363867358942952 0.9802758265452254 0.9149952307331259 0.3815110201628889
17 170 0.166411626014903 0 -88.86348681610252 1.100809214551147 0.9904472086689173 0.9153663055941834 -0.09380050130789128 0.533190615201047 0.9877734715203266 0.9655633951283362 0.8479888949653129 0.4245052208814922
18 180 0.15871738872689217 0 0.005730682238797968 1.5240607182737382 1.1164218364911123 0.9021200697440978 0.04031886816985232 0.5436912743728414 0.7709079141280131 0.6806144948112365 0.6804386180231785 0.2929625999188771
19 190 0.15119372870127332 0 0.08879390326618053 1.2131814944995043 1.495472653486454 0.8376821209251355 0.013114261236789274 0.6396622959984267 0.8550057826336097 0.8285311033785555 0.6010825794765683 0.40638567847413126
20 200 0.15142511472706957 0 0.0510210986213741 1.48033941634497 1.2887084553474337 0.8134169123599764 0.10267392525749008 0.5504040649291793 0.7013984791523534 0.9386148052174866 0.6750012096973735 0.33233488863525135
21 210 0.16202051591285463 0 0.06271208828537028 1.78057004019953 1.742796409028978 0.8993885157096954 0.028050397893091175 0.30068740416599704 0.9245542346662152 0.914293059454307 0.5112225259300918 0.4946338311451962
22 220 0.1681357663909708 0 0.06344283338490894 1.4200514645385653 1.4774431845657885 1.0586190802592712 -0.024627321124208873 0.3110260308439532 0.9631539611960196 0.9861095716442349 0.644946894572318 0.10826715534268894
23 230 0.17652007318534454 0 -72.75498008935453 1.6475776218765508 1.567573450065249 1.077554630694769 0.059275316279033485 0.2278885585697662 0.7750649590561416 0.9289288210373418 0.4943491256561193 0.26948728662438404
24 240 0.18092426646279092 0 -20.525601744787775 1.8160554433180263 1.6882290237389939 0.9345238452580971 -0.07020781386111298 0.25496023980681404 0.8582489563094705 0.898650517301085 0.5597838786824677 0.08884909029369192
25 250 0.17608797071172444 0 -96.69762929874003 1.2663390913422041 1.5850007837338205 0.9535296328932737 0.05780894987462182 0.2763473525057303 0.8363386930360233 1.0126251058239557 0.6414876154019533 0.06534719888279647
26 260 0.17631753932948685 0 -155.70255020615465 1.723498319037146 1.8157108067081054 0.8407127543799358 -0.05497843849984541 0.2515420205104587 0.7438745556424916 0.6977750707924637 0.31667103276467545 0.02566333104650155
27 270 0.1859712591457701 0 -141.70583039606657 1.5130263347488722 2.0424575180082307 0.8545869686046328 -0.05449868485611559 0.2786121410911434 0.46744963787992383 0.9487442858787449 0.3066229629439716 0.02722487154618012
28 280 0.18908848619554525 0 -106.77873514028936 1.832008938449111 2.080649334779714 0.9675372730057472 0.046135308996745436 0.10191071040040381 0.7989764181761296 1.1625479641658276 0.3580244667368684 0.1144708004358253
29 290 0.18175028677942087 0 0.001370574509988752 1.607560898345102 1.7638681202572 0.7416623358291522 -0.04648380910568876 0.015141027078091701 0.764455655569229 0.9376898640562847 0.33194698748973134 0.164185721036184
30 300 0.1880885527972881 0 -68.22345562838915 1.561853576257236 2.1759972246195467 0.7655040964469988 0.05526565543449364 -0.28703326628756975 0.7023664554828397 1.1750439856818646 0.3973253239983326 0.3545795936838285
31 310 0.19280288370015433 0 0.0064936500068227335 1.750304514686194 2.4118222593992686 0.7838514339343845 -0.04385418575761508 0.1372186852805718 0.6537200840274568 1.261795809407061 0.45733846016249335 -0.0011602035453192328
32 320 0.1928961030505821 0 -205.21997363987907 2.0904173285967715 2.620296514785467 1.0558385064720766 -0.050773499213634714 -0.1841906811508368 0.8026268189307093 1.2553443066989773 0.03880974559344813 0.18938867018602812
33 330 0.19015162235579988 0 -174.8628405914399 1.6001266877220912 1.7385766581047868 0.9446523589026448 -0.05303850446637742 -0.2982797845466474 0.836996030660915 1.1539879726007338 0.3669413551861571 0.4408210988323426
34 340 0.1893203561604245 0 -119.79445628708012 1.9690186614903218 2.1045642775907707 1.2056708360551711 -0.05608862786218165 -0.061881782870527785 0.6304345875098981 1.3812810727928762 0.06894912958041921 0.1431485078495088
35 350 0.17833198962771565 0 -144.20649115698964 1.6604888837877723 2.144213404841031 1.214184106868385 -0.05475312141295621 -0.23821684582108635 0.7450462089835618 1.3526414860157423 0.0945653352288413 0.27262383840223836
36 360 0.16759226853626397 0 0.014557944511595658 1.6987167171661546 2.2243765975850502 1.1910442177864948 -0.04306290584474058 0.16955611615953814 0.781471599453338 1.5043961063552933 0.01477310739287857 0.1036858911961315
37 370 0.16559743694254395 0 -57.04987477980734 1.4214050930060516 2.0290817678262627 1.0399723868410475 -0.0554955912199768 -0.5756714996417279 0.5847768658610478 1.5158576017405907 -0.0221669189236349 0.26159644782310487
38 380 0.1585957083161616 0 -95.10090919633947 1.449261968220136 2.0299510229644664 0.8702727359667035 0.053718857299253714 -0.3267179774331102 0.6457171594199543 1.4130618306209977 0.2470717835977228 0.34795840837851766
39 390 0.1465862813786144 0 0.012978573239794594 1.6193218221748247 2.242602345829455 1.2293818528491016 0.052694521761230406 -0.3045841385372545 0.460728531945316 1.5633698324571328 -0.16452800577876164 0.08412364574682421
40 400 0.13585651975053029 0 0.006216502545508096 1.831881349611947 2.2474621306665306 1.3879066079734468 0.054700075540196 -0.3684103728445932 0.6335815627381554 1.287447128166673 -0.20736654362494525 0.1340974429066988
41 410 0.12656472410587497 0 0.01585068597503067 1.5869823295982328 2.067560961108737 1.2842469495530575 -0.05215738866033611 -0.12690861498081524 0.5839601723851561 1.3905595943431437 -0.09254262441230755 0.18192352017134494
42 420 0.12062585112118514 0 0.015254950446328443 1.6289769397659781 1.9341350412635596 1.2428116046052884 -0.0507113152951211 -0.025540541433901248 0.7668399852155249 1.349604549739745 -0.026953040709233277 0.20816531714195674
43 430 0.1081326342736534 0 -58.27852962910025 1.7187737143802495 2.048649367852757 1.1824953736736517 -0.04822018745523228 -0.24447343384063397 0.7093425805696677 1.4050590823494544 -0.052962074367614895 0.206713111156469
44 440 0.10798473613830623 0 0.009325982013007002 2.0028380727543142 2.2525766544744066 1.2053752700147118 -0.05470525549125449 -0.2696386187665941 0.7433929628881064 1.3272872680670937 -0.22062526893388737 0.34851767111693754
45 450 0.1082143832850592 0 0.013064743638083479 1.9909086329304309 2.1656462189362258 1.2038519186120975 -0.058406770977886595 -0.3571107430813247 0.7826657374157082 1.380191364319118 -0.12472116244821435 0.2457184918914169
46 460 0.11575141414878808 0 0.0164937909620171 1.933519386778476 2.260958392367513 1.1150829670910765 0.04305046488059183 -0.4938556202022678 0.7111707560001904 1.5829294056689356 -0.20688346813732664 0.28053788876565444
47 470 0.11978310230398147 0 0.016969334643300395 2.1933763108369444 2.2652935757736743 1.2587074374407912 -0.04050175577329463 -0.44916805565620727 0.6081573227081776 1.6056355667060478 -0.45565821230198433 0.20088826532361764
48 480 0.11945475719253687 0 0.011866226073218696 2.2368119418383063 2.4387252234508683 1.0779555869943005 0.05148217445187621 -0.5655764522559605 0.8025050476731795 1.4792567212087646 -0.3446277546582801 0.4476048974090223
49 490 0.11049452234293944 0 0.0009651300405846344 1.9765419586268553 2.362174080113011 1.0956884139176446 0.05859565891151629 -0.5192000752450316 0.653155123027495 1.5372107668715023 -0.40661755478227934 0.3010914303449584
50 500 0.11584030766722515 0 0.004181894830508862 2.0293031066970317 2.4378956867739943 1.4096043244616823 0.04718063235507035 -0.4341458922041392 0.5353854978887402 1.8022542903899321 -0.5726387969372403 0.15085401593152725
51 510 0.1313623332257568 0 -17.726142032228122 1.7951132401912109 2.307232574600135 1.468274855467497 0.053037742893727355 -0.5212688314436185 0.3813386484384673 1.7589359375295275 -0.8099198957033418 0.13844110924522712
52 520 0.13490608449994615 0 -0.0032102838826877614 1.9715868152210032 2.4315478340162415 1.396793926316 0.04894860166441135 -0.6351099111650906 0.5566656986907674 1.8277566075667246 -0.7376465572595927 0.07798897505113919
53 530 0.13354858286036292 0 -0.004868843123705283 1.7155326491357683 2.2596444095629873 1.436112679577852 0.04997844658661668 -0.5393067793140371 0.5335168909486908 1.7604334958572867 -0.7431090096149826 0.10974338012730149
54 540 0.12254654246788137 0 0.005019818902156081 2.052508760039035 2.567055672387087 1.3798899876993649 0.05933655946625202 -0.608544954623439 0.5006185078383496 1.853477987933025 -0.7245861024037931 0.2571202961172065
55 550 0.1202966060236017 0 0.009128530904077087 2.145931574426229 2.475949475085383 1.2551264871550354 0.05936415532207028 -0.6648911776448411 0.49586113915995716 1.8393763440065038 -0.6583616797908434 0.2821105888868353
56 560 0.11860860910787219 0 0.006566536139280439 2.0133656000200806 2.457047624913259 1.21096602218813 0.05366702012010914 -0.5916307239698708 0.4866485671482725 2.03181435482137 -0.6475432371762893 0.34144798044637015
57 570 0.12318544005113989 0 0.016528868823803992 2.1246923972923706 2.6426503661416434 1.0844216920031984 0.061765601510341474 -0.5766255779808256 0.4586199157635422 1.9900299605666416 -0.6504132118231799 0.33456413657941336
58 580 0.11936595734681436 0 -0.002857853816359156 2.0014048858314815 2.478765382584072 1.254961067104246 0.05015780424849949 -0.32819966986393123 0.46774169227686346 1.9934375445112873 -0.7109452190947945 0.23832618804611116
59 590 0.09956585640426069 0 0.0074556737282728686 1.776826955316696 2.191729111142507 1.2044214779195712 0.05006586321146798 -0.4584607317121067 0.45631471930346734 1.8762262468671562 -0.5155685181406655 0.30966489205287445
60 600 0.09344333640104599 0 0.006745339078357032 1.9726502940741553 2.5953591032619956 1.1623348979240837 0.04367769816385292 -0.6615517555332956 0.44754467805313003 1.9875393745004875 -0.6479103479743444 0.4468531703763319
61 610 0.09482841244256104 0 0.0016688927697053185 1.9608655378542756 2.5230756737800046 1.2631018339770725 0.056577087957808386 -0.8555368242140471 0.4058499841702508 1.9345373030500392 -0.7255198016401325 0.41576728539778207
62 620 0.09751256530699538 0 0.000363382557779679 2.1890467416234447 2.5506677569570253 1.1278318803053224 0.04800628842555482 -0.7452839071858787 0.3812368233447963 1.8880613612794714 -0.6660794303261162 0.6156699492128872
63 630 0.10123969689779701 0 0.00011218303379229022 2.1492558436875995 2.326772500424842 1.2989814681744365 0.05009341286922895 -0.6727721776641906 0.42522827417492365 1.7636014961225075 -0.5963948984242694 0.41975769033041976
64 640 0.10664706638276085 0 0.002291444776260844 2.346303830936697 2.6141206381497075 1.2562726368101054 0.056016283789156324 -0.7273349468012552 0.39778484896354854 1.8648256495670406 -0.7771472730768884 0.5043090789530321
65 650 0.09810216512791738 0 0.0016587290670750862 2.1435817768182233 2.4582153390818373 1.2533666298711292 0.050809213027670615 -0.7166368077683845 0.3858711120956965 1.7309560499457222 -0.6320922410983532 0.5460486806279974
66 660 0.08968039495330046 0 0.0019822218544751635 2.126894771027843 2.6063170627194627 1.3008564971991439 0.05525467156189478 -0.6386475972248765 0.5127386763678968 1.8833367240263554 -0.5981063378567382 0.38801834409147934
67 670 0.08701603891498425 0 0.0059667187788894765 2.2080167039489136 2.5283130984651097 1.3685469307314992 0.045776909982088 -0.7976383897203283 0.41283908374503187 1.839631102993877 -0.7038547200545362 0.37843420577224246
68 680 0.07783179360978841 0 0.004506020233450002 2.011412226051307 2.440620647000109 1.335714038013182 0.05117951187002247 -0.5678952154528456 0.35977380779346735 1.894709535184651 -0.6113186029093993 0.25332560728467146
69 690 0.08447755534284855 0 0.0005699992690771372 2.032613198213611 2.608640311234582 1.2806849646716472 0.04751481618362053 -0.6524909509638539 0.3451524733251127 1.9234114922062049 -0.7194659508318838 0.17026945253374412
70 700 0.09051408883639477 0 -0.0012916868908771288 2.120085951794244 2.562471547011241 1.35597992122139 0.05026429270178509 -0.710414845037441 0.29481436763569646 1.8262809235810846 -0.7326846463136231 0.23928131345015763
71 710 0.09892982361398384 0 0.003126292588258854 2.0498048092867367 2.5736450241031674 1.3717240526657495 0.04788660637127419 -0.7772104484920345 0.28720387643329526 1.865773344028263 -0.6707593991908535 0.22038831844666662
72 720 0.10214097269410218 0 0.0022553723648675236 2.1930839792624393 2.6503702289384194 1.351669700257178 0.05097365136638776 -0.5073756682207138 0.3513899343975762 1.9096174941724517 -0.6647097009419578 0.12206161153678419
73 730 0.09966115577649189 0 0.0016846892717255271 2.3503547056627307 2.6934904542546283 1.3270185123303935 0.048942528227732394 -0.5619644860936645 0.33896934933666967 1.781352743718349 -0.6886409850682115 0.2873309894145292
74 740 0.09217823573708389 0 -0.0008491846239289299 2.0564712219908117 2.4740363777013825 1.3409076721033628 0.05007941605377646 -0.8463558444320508 0.27134753110674614 1.703166839620365 -0.7166033618939773 0.3505196256072507
75 750 0.08795370232774306 0 0.0004722149091171829 1.9457491643596947 2.423994129878043 1.3085179075657487 0.05596216548741207 -0.6419009528502304 0.34405378890628274 1.665523251520116 -0.6840298465071759 0.2710014354243568
76 760 0.08173161418768757 0 -0.0011334105833875803 2.089384066744235 2.4632494985020594 1.298014906005697 0.05008505440645001 -0.6229131841053931 0.30166198304309655 1.7212667390578373 -0.7812002521424698 0.31361677320439846
77 770 0.07912192785097445 0 0.004432290117320069 2.109432631910583 2.5190283345713675 1.3426418776958329 0.05267233879686017 -0.6678142417766192 0.45078711883333317 1.7385944923439263 -0.597588407308801 0.4307389033849849
78 780 0.07725127593794943 0 -0.0005563018589138919 2.205273053461074 2.6342910464626166 1.319425041168603 0.05210425665659295 -0.7358868818979748 0.4042459888508355 1.675989746218579 -0.7487722122366978 0.4024472007472217
79 790 0.06982087912153939 0 -0.000726991719812917 1.9909736435632794 2.4925902869571352 1.3213992484087427 0.05263683113674821 -0.6889531054289655 0.3462758110071343 1.82391256995697 -0.7876535402845282 0.3300833639580426
80 800 0.06700586084840207 0 -0.0011465530918034407 1.977707901966658 2.630368642666116 1.2743230096126144 0.05233596662241525 -0.6756905214288248 0.36355752757571447 1.7984054576998316 -0.7818979555836891 0.2033236428405441
81 810 0.06160504757885975 0 0.002186985087806924 2.061206313175611 2.5530915831789724 1.2407356795493016 0.05523629213148785 -0.7986643442270888 0.4477576362286675 1.6693197153020511 -0.7162214699701319 0.5004876548624511
82 820 0.05733791304982618 0 0.0036503697733778206 1.9931016710888267 2.521842597416267 1.31313356614244 0.05565562260489791 -0.8068382330929359 0.3992131506025605 1.742772939278767 -0.7401566617111311 0.3831267627231896
83 830 0.055867829991465695 0 -8.322299961212079e-05 2.0345814276288023 2.665600242102038 1.3826295539583824 0.05266836972529893 -0.6949369128915432 0.36390241744290985 1.7643459526356835 -0.7842680862593587 0.2046597368851711
84 840 0.05187627710054984 0 0.0007687363492760654 1.9639551664966526 2.5453803748564336 1.3567047144374518 0.05381616379717226 -0.6301816047947151 0.38631591186225617 1.7522154417473499 -0.7764978442682319 0.2394080829907933
85 850 0.05136456046579111 0 0.0009264633980273079 1.888378183264286 2.528369618945936 1.2825771172886136 0.04893075586295602 -0.6520878714161215 0.36159200202555 1.7304254062462467 -0.773933149845637 0.26127328049317666
86 860 0.04990775270627881 0 -0.0005785785110797647 1.9536283533370395 2.54905770586436 1.3656562218902408 0.0526556317502665 -0.6434935414658827 0.391557520689665 1.7177574131141684 -0.7948963803276791 0.2644864846565527
87 870 0.04965902962727551 0 -4.0440060232653804e-05 2.005931725235099 2.605906868910196 1.3120142391169978 0.04940892603428798 -0.6443429912016646 0.36575423821601105 1.6377952155617694 -0.7580958102026935 0.2839376187027236
88 880 0.04898982345053895 0 -0.00041553584203779065 1.9307581664121958 2.6003392115920736 1.3336037377412737 0.04983427107376685 -0.5941152661961047 0.42547159551136066 1.6592096465951944 -0.7908323359243105 0.3025994839862818
89 890 0.04578412924504336 0 -0.0002276105436315957 1.9547009822871557 2.575811076382707 1.3078506409220139 0.05318243808018647 -0.604429248488255 0.36974690001749033 1.67866518342666 -0.7814098966652561 0.3017782329857706
90 900 0.04527717055456248 0 -0.0005057948893082462 1.8894340155772231 2.550631602819826 1.3241526341693526 0.05203645602894488 -0.5325524799603247 0.372520191754858 1.7643060027504203 -0.8063848809466895 0.28565672586571983
91 910 0.044624866386200036 0 -0.0011264529957305868 1.902996088540052 2.60078431496797 1.2832929541347378 0.05117718267323296 -0.5919772193463494 0.3543426875603813 1.7748090433041819 -0.828269683281063 0.25335658703930164
92 920 0.04650396681783162 0 -0.001494120992778476 1.7890056672331514 2.607930822658923 1.255555435178506 0.05272749985822626 -0.4699420655202061 0.3529720895941222 1.772975410266985 -0.8673852788871026 0.18470634555377607
93 930 0.04672355642229996 0 -0.18709007934352034 1.8845175781978016 2.644210988707338 1.28906346586227 0.0559188838564168 -0.46671325620853704 0.30588824862292874 1.7830766852209885 -0.8945852155579889 0.19208644735790925
94 940 0.04592421057635265 0 -0.2127986532567371 1.8127131953362583 2.632545810544784 1.2706226822570195 0.05531292035135777 -0.5235335305412293 0.315964707204108 1.7583130764554973 -0.8626226144340828 0.1844397059711088
95 950 0.044980668185747745 0 -1.7208363466371042 1.8238182571669492 2.6982071166601673 1.281807506080261 0.056225394608092276 -0.44864424541140985 0.35391423639781544 1.8342313494368794 -0.9013129907139525 0.156509561231031
96 960 0.04276253605043954 0 -2.560003860994309 1.7925755940475914 2.587004691561513 1.286433826241216 0.05485226956144761 -0.48379486248358305 0.3218971063546176 1.7852329292448288 -0.8928955428232686 0.15221150718929888
97 970 0.03989705725539803 0 -0.9350693441601582 1.8342255742479334 2.57796569834798 1.2979165644038564 0.05453487547909522 -0.46267765962961455 0.31397345851990455 1.7971620366285213 -0.8958399318007297 0.15793593460772806
98 980 0.04087838490414115 0 -3.1893356700823716 1.9035508912812324 2.549710699561222 1.286668225670002 0.05561328204273988 -0.5108568864483485 0.3189055150169697 1.7054313446040839 -0.8530604302737463 0.21000358778501407
99 990 0.03737721482685062 0 -0.3421135209526278 1.8357101776959335 2.6015718762856257 1.2797697870148284 0.05466100489162401 -0.4415600961574032 0.3081701832760258 1.7486457472242949 -0.8885170903056699 0.15606012385551613
100 1000 0.033202863799718554 0 -0.258960262562666 1.8948789967753226 2.6234864846546184 1.3185320249879795 0.055602575094946136 -0.4829476059238748 0.37345855607752376 1.7385526395359756 -0.8692374413471361 0.2341663169226557
101 1010 0.032286906864061965 0 -0.0010249073245480703 1.8686355909998278 2.6631629596293056 1.3055082796277298 0.05225908475310126 -0.3994817586540773 0.3164506458706566 1.7907221277989975 -0.9150821211142084 0.1824709463122305
102 1020 0.032653615321386435 0 -0.0013697583106584092 1.8365818595313939 2.6153595055295917 1.322067483163026 0.05200536189446966 -0.42914552568886866 0.3183467268557494 1.8219654629869253 -0.8972548925078112 0.13609027029478252
103 1030 0.03395366496805712 0 -0.0009693947574277425 1.8926058991185402 2.6296412681848107 1.2806285830961774 0.052300017106608525 -0.45936500454047247 0.3304374083883425 1.838132900292315 -0.8898527714534445 0.13760991620994512
104 1040 0.03507245002782093 0 -0.0011164833391263556 1.7785291416859494 2.59841250602078 1.2907371386478654 0.053042820437416045 -0.41537697981009325 0.3134947846274154 1.8843793557292232 -0.9333306242183574 0.0921710879498962
105 1050 0.0333153743229167 0 -0.001338040357667579 1.8532678393407884 2.700111059190705 1.2835393221652271 0.05319352223521329 -0.3861724415921824 0.315945424222188 1.8422455612685174 -0.9415190483138101 0.1410990114489691
106 1060 0.031187084677987708 0 -0.0013788304442050145 1.7883779248703802 2.6569938436400853 1.311321710497443 0.0525847867049045 -0.3960361788787444 0.3302635073757785 1.9285154079972318 -0.9413971131784975 0.07583092903839009
107 1070 0.03114521999803411 0 -0.000998788860194843 1.7688681118767104 2.635293528457004 1.2831503734380447 0.05077617628302384 -0.42596019217204806 0.29559974785055854 1.8607162270465194 -0.9155137926912962 0.11184916886679758
108 1080 0.029020890196498225 0 -0.0008948182682017092 1.8358586569415096 2.6482109855219162 1.3123784080859962 0.050973118292774344 -0.4219320841003479 0.3179067483925881 1.8599664190931917 -0.9261173983542784 0.13389770859713634
109 1090 0.030838145002064877 0 -0.001566897789695838 1.811390990456969 2.677749442760276 1.262319726896307 0.05185727296297927 -0.40518824792030256 0.3088404116445405 1.8901098809331558 -0.9370665708121781 0.1467374353233151
110 1100 0.03213850524619392 0 -0.0016748750949660922 1.8395889782804036 2.70416220666171 1.2523855038471259 0.05210975456179753 -0.38677121521591357 0.28501680699898735 1.905535356994772 -0.9585139838252499 0.09490450591008959
111 1110 0.03265552786149493 0 -0.0012324130147292616 1.8420169680923026 2.7178011476652295 1.2569924123204819 0.051556861893813005 -0.4030579068324688 0.29467461862787675 1.9080672752318883 -0.9425753104951962 0.1120733322955316
112 1120 0.03219939424396997 0 -0.0013136601016314163 1.7858989562981855 2.680941668154195 1.2726532001564612 0.05173407469874145 -0.3836505135106044 0.2684027268549959 1.8860331834265613 -0.9546304785175812 0.08806567310067691
113 1130 0.031832269170425344 0 -0.0011971849529260588 1.7789357861773591 2.6981807618239992 1.2610843443569362 0.05269715315007317 -0.3993937429462014 0.2591515814743335 1.938336496390677 -0.95745072964186 0.10141652099561316
114 1140 0.0306750720027058 0 -0.001229789734568437 1.8262239695946023 2.667628475298352 1.2867524344808843 0.0516616241545766 -0.4130388435081213 0.26050759635290627 1.8817667246163896 -0.9369464320641288 0.15610067749813736
115 1150 0.029756176767762155 0 -0.0009940826638141962 1.7672255212863566 2.6091492497778863 1.3022569399254496 0.05195265663508159 -0.42381433397653123 0.2970945946760072 1.8867396002482055 -0.9296780315334718 0.1271858849109138
116 1160 0.026731172612420993 0 -0.0009337766526177659 1.8263153166202488 2.6715610566535095 1.29214468862423 0.052205862340008964 -0.44111804394481835 0.320047361311694 1.8619158908789497 -0.927943953190713 0.15392692008054207
117 1170 0.0231832477246023 0 -0.0009675839856282329 1.8090864711226196 2.6432034242993896 1.288807954721104 0.051778090588325214 -0.4349242292794292 0.2907126543482588 1.861529349141778 -0.9194632151511145 0.1501542832226789
118 1180 0.020381125623041757 0 -0.0009153789002797145 1.8037428163979132 2.6467685423692227 1.276769730111515 0.0518149964312849 -0.4173563920542227 0.28476560682987856 1.8924916051344818 -0.933575346614361 0.12770660006785112
119 1190 0.021139765598722163 0 -0.0008382663319347238 1.765647120599757 2.6436441769610575 1.273524361243424 0.0522276697461412 -0.38877466575427877 0.27958933095462646 1.9080977485841448 -0.9323739987073766 0.12544120047292062
120 1200 0.02122434601616401 0 -0.000858217256455868 1.7747604237291368 2.65262357230191 1.2670856322711124 0.05218691674843997 -0.40038128210376034 0.27470786334836683 1.8761117625343535 -0.9326044374393435 0.1611701985598097
121 1210 0.019969034002150606 0 -0.0008312789644036464 1.7948390223996387 2.648105990861339 1.2757320987583554 0.052268377978313185 -0.39434541971151593 0.2696085411353657 1.8783124064005796 -0.9346120617224634 0.14570305508295758
122 1220 0.01912241867010582 0 -0.0009274162936507333 1.806252082232765 2.6532370196435657 1.2397871523585728 0.05253783642688266 -0.3941459698230821 0.26911685640549143 1.8236186156318095 -0.9300061155547944 0.1735906666544421
123 1230 0.020951077804822377 0 -0.0008544225395062804 1.8061097385035003 2.6084747667235275 1.2645958883957935 0.051938691686459516 -0.402626843107371 0.24035431744738833 1.83948871163389 -0.9250454876393123 0.18263959394411117
124 1240 0.020813493575146252 0 -0.0007808503680119342 1.787408449530214 2.6624122316625516 1.2753351196949676 0.05200318089174143 -0.38694204914287017 0.25954597585486283 1.9101147128474527 -0.9507236652028005 0.13540960278467168
125 1250 0.020913796575325428 0 -0.0006699219769710274 1.7604301906831772 2.607432467819778 1.2589021781655696 0.05187625823667031 -0.38299874143186713 0.22677920934689802 1.8817180528758084 -0.9465096101211922 0.13718233266223068
126 1260 0.020753868503813142 0 -0.0005851165568117544 1.7395263731425523 2.590966516340632 1.2453986635719265 0.05208713452336225 -0.395545790666239 0.22161522295299277 1.8564822927722946 -0.935927594892766 0.16201872144541124
127 1270 0.021952088740865128 0 -0.0006340539633886042 1.7480196306473617 2.6063226049952415 1.2546876368055286 0.0518693612326714 -0.3955455436704561 0.2272116089713377 1.8224492540616803 -0.9402053862707959 0.17006119101452669
128 1280 0.025370785808382753 0 -0.0006153970496978714 1.759346132336401 2.626520079878433 1.2414161771960748 0.05153682224781391 -0.4017422706745788 0.2156786075328713 1.8586824058835791 -0.9400269921486888 0.18624785068841493
129 1290 0.027458562055153717 0 -0.0007562341302906564 1.7417337738400531 2.6034220451745202 1.2596214032539552 0.05243298738872128 -0.3821078153063394 0.2067428986977677 1.84065503379622 -0.9502296331307367 0.17006307858324443
130 1300 0.02826977546081711 0 -0.0008496985209446036 1.7609179134246389 2.6468508475831896 1.2377361273930387 0.05171191864930096 -0.3996677431522904 0.19966315361696624 1.8581692947655988 -0.9506021327746655 0.15903071398960844
131 1310 0.029329984114299715 0 -0.000857206350816938 1.6989486423228166 2.6086561267133166 1.2420291137212405 0.051994457750879935 -0.39500350358284947 0.186921946628563 1.8383773701026807 -0.9489293943489138 0.21520628342574985
132 1320 0.03073532718715356 0 -0.0010084842187381114 1.7168393048932808 2.6277775602026026 1.1931044596229259 0.05139552511965044 -0.4241619777264556 0.14648425040712407 1.8110089881982563 -0.9483419111391403 0.216375533726281
133 1330 0.0301897567176768 0 -0.0010449215149303992 1.6870909460925814 2.6187418975482295 1.2063432580006204 0.051433349435852704 -0.4024564122813238 0.12102934167414647 1.8476449447222674 -0.9623416017081736 0.18254995022199078
134 1340 0.029425214012757005 0 -0.0007716114651786678 1.7732047437773075 2.6292827776522443 1.1941710424883714 0.05213328175993513 -0.4083710728420426 0.17800278756557994 1.788259427246116 -0.9421026762537248 0.2186083594439486
135 1350 0.02849574497408605 0 -0.0005471024994945703 1.8154635577333673 2.6510143827326385 1.211325168112472 0.052256943000425854 -0.43184098121550585 0.2038568230870875 1.7745261380323154 -0.942201808140319 0.24692663287484878
136 1360 0.02880622761457217 0 -0.0005852678918466901 1.7964626573608522 2.6407460557179725 1.1909727717732697 0.05237628490586688 -0.42003343229117773 0.13008073315571414 1.8114825097553535 -0.9591534521236516 0.23497119107389866
137 1370 0.029814267414807888 0 -0.0005884826240780748 1.7868738546203031 2.658475676726417 1.1831143641201436 0.05278683371941913 -0.37606750763981406 0.13215157089936444 1.8105935759212948 -0.9803475613370395 0.23027860982941362
138 1380 0.02933909507661911 0 -0.0004092993215574641 1.7744034297933837 2.6328557724944055 1.2045949528359454 0.05291222111746864 -0.3793196192774595 0.12774975867360203 1.8033912411481139 -0.9708927735594817 0.22459982923318658
139 1390 0.028583156328984848 0 -0.0005012036299604846 1.7827514799994242 2.6311181065045197 1.1707315022675253 0.05239077705194346 -0.380712949760795 0.10121358513515652 1.8417306911341538 -0.9759603965815926 0.25218690187922216
140 1400 0.030922674951593117 0 -0.0004865219752741459 1.7607391717998704 2.5972701016757433 1.164367226321446 0.05217571135252321 -0.4055017478867776 0.06670331824333595 1.7946269974892068 -0.9700497914731969 0.2854156709448374
141 1410 0.03368888150856787 0 -0.0004287443446572916 1.7329655877558172 2.6096384491356406 1.1583140610137197 0.052126511496480864 -0.38560265478698064 0.04430129853798921 1.835660090874669 -1.0032233907830044 0.2477467449358991
142 1420 0.03264057357056758 0 -0.00035026527026439593 1.755319872101421 2.5874364936802863 1.1806261660257154 0.05280215041463289 -0.39327870805966114 0.04068546597960059 1.799953837547738 -0.9869701846062239 0.2836164879399023
143 1430 0.03401374173396074 0 -0.00042743409288328253 1.7052005855103374 2.6227924098535538 1.19896362852274 0.05227700549034003 -0.37400041198657846 0.05260314499066446 1.885847625473894 -1.0097747339166938 0.21138510142313194
144 1440 0.03469362976957835 0 -0.00043884306374149566 1.6508321714304508 2.5546654698573974 1.1844596329512618 0.05215709306520378 -0.3713677172286095 -0.019561103707260927 1.8381084490397364 -1.0144038401932913 0.23513070064274924
145 1450 0.03202206476215884 0 -0.00029824070361050543 1.716894550465888 2.606346308078544 1.1779363849925004 0.051797954702087846 -0.3768397744716591 0.0356305726648544 1.845496448095179 -1.0011757314263507 0.21246535613048517
146 1460 0.029535982605965284 0 -1.7602519947832062e-05 1.6661867972353495 2.5771341195739996 1.2124474510501675 0.05282047528693406 -0.3811464812821869 0.07938484097134381 1.8550357069756214 -0.9851041327104207 0.1624252304252956
147 1470 0.029245622139714777 0 0.03402495132309749 1.69864177782103 2.5653181436558534 1.1579487553667314 0.05177841427778431 -0.38387455915932683 0.011920684132802329 1.7654154627953849 -0.9867395204649224 0.24540539658039195
148 1480 0.030649743841644327 0 0.03267580033635712 1.6131733556011463 2.586393764989211 1.159774964655339 0.051611958777830244 -0.37126672400984806 -0.006183857431062072 1.8553731124049038 -1.0241127581719032 0.21196408790446977
149 1490 0.030625157930116723 0 0.03271873883581424 1.6761958969870452 2.52554316696173 1.1590911872725191 0.051966811173894845 -0.378992662724201 0.011124060789825129 1.7468818102670487 -0.9853789537652662 0.2830087252626561
150 1500 0.02892703818233667 0 0.030382822817820385 1.6564426680731712 2.596018960412773 1.1551840148953618 0.05171064921194146 -0.3785631688059425 0.02689387667523745 1.823646391828873 -1.0109403785991988 0.2279854510950149
151 1510 0.02673061497911753 0 0.028191889730402167 1.702320210446356 2.6109657993973276 1.1178907633625583 0.05188865571430714 -0.3818083336001637 0.01780372277194909 1.7904944991728202 -1.0012129454554475 0.2799633012039896
152 1520 0.025949870073990175 0 0.023513873949243425 1.720759204549267 2.5789166221282116 1.1449531886394735 0.05191403301097786 -0.40042209177645716 0.0023104102174223247 1.7576124120053709 -0.989911531597182 0.2837918176433393
153 1530 0.027653472137693938 0 0.026330999075334132 1.7155892216132467 2.5649482374265498 1.146348547433999 0.05192820705334959 -0.40300563270328393 0.00690856776953406 1.7458192319418848 -0.998992927710119 0.27758754217419196
154 1540 0.026890674263778853 0 0.02633607940701613 1.7248345197174486 2.5956483629386087 1.1167671194079283 0.05171849037900373 -0.3883435830764537 2.0268731444421893e-05 1.7348239396289167 -1.0011625401070556 0.3042767251089967
155 1550 0.025041619115604763 0 0.027555995074602956 1.652201956713322 2.5778511855407227 1.1525060809840653 0.05229845766417495 -0.37789949824122804 -0.01085256276517427 1.8139595830829547 -1.0088085394764463 0.2204574526462752
156 1560 0.026082160460387964 0 0.025050245599607883 1.677704756277999 2.55653688995792 1.156920567695291 0.05206142341923884 -0.37563910139583506 -0.01081184048661698 1.795689831884978 -1.0294407908545775 0.22243872787379282
157 1570 0.025685301601034532 0 0.026464391692431553 1.6569601082064123 2.56736547214442 1.1573973343420711 0.05208106198911425 -0.37424535617341037 0.010771310340712579 1.7775605111360782 -1.0203572277149895 0.22145093905249832
158 1580 0.023866229289120862 0 0.02506342829711287 1.7095723203810789 2.5839648081366544 1.1565818855371157 0.05187223693746114 -0.3893748945476226 0.002350852635742727 1.8000841104041974 -1.0210929788462462 0.20884122681409864
159 1590 0.02641745119629558 0 0.025066606875351383 1.6345896974405976 2.530663847273679 1.177150920803191 0.051891248569804226 -0.3772521076724702 -0.008578634557049637 1.8530522728844996 -1.024926081406358 0.15209078885814165
160 1600 0.02481465967676715 0 0.029085121635514972 1.6622027597868967 2.5965615128965367 1.1515105855909082 0.051832716982343596 -0.3782464631512268 -0.0014619727913270705 1.8483769978077433 -1.0293358028974506 0.17134134970154904
161 1610 0.021905697315268764 0 0.029102436386459228 1.6712833945108059 2.5482549396106737 1.160711015233433 0.051983979138948415 -0.37609007151051554 -0.0006902875272293304 1.792081438334273 -1.0259592748929485 0.2093446235613818
162 1620 0.02071946453536277 0 0.03148785268478467 1.6148615124650019 2.5321147770519508 1.1814982671936414 0.05188481175404413 -0.37555382364196105 0.00046718720006017674 1.817619346558111 -1.0171221780785256 0.17360680822241403
163 1630 0.02001470250508166 0 0.03180330655443314 1.6281853530931472 2.538418588652731 1.176406791348072 0.05201366195141015 -0.36617374581935924 0.0018918576049521763 1.8471658942879272 -1.0362675807233654 0.15557434467961995
164 1640 0.02156269052173901 0 0.03180688522086807 1.581313233575322 2.569145615404016 1.191589406417384 0.052033007113317244 -0.36709081342702704 0.006402512125960657 1.8936045101732923 -1.0487666811625698 0.1168192330766353
165 1650 0.020713653298130887 0 0.030875627036728293 1.643838045149449 2.550281893290744 1.1902215952013102 0.051680948160080044 -0.3693118407612901 -0.0051665638778991725 1.8687545241202572 -1.0347054843969294 0.1366565496797846
166 1660 0.01836495923142481 0 0.03086772334244992 1.6457103048453852 2.5478567748233245 1.1828677562514147 0.05192199572728807 -0.3687603899593529 0.0034294271562831397 1.8334992932343175 -1.03269281716887 0.17438478713850983
167 1670 0.016540701441639567 0 0.027611628351707877 1.6242898316022636 2.559135867543309 1.1907868506773367 0.052235574373714296 -0.3701951437412269 -0.0028178983890198143 1.8708626535686153 -1.039800564769544 0.14025377913605933
168 1680 0.0157919229848906 0 -0.014530965050133422 1.6641136742791167 2.5721280064548435 1.178145974991804 0.05209123891205488 -0.36814536490769767 0.009872755612863836 1.850547199828607 -1.0335780798846648 0.15314527145763546
169 1690 0.01445110936756285 0 0.020198387000228725 1.6525447989094888 2.5652509581054552 1.1788158552914139 0.052197235198428234 -0.3679367122228562 -0.0007774563941831325 1.8699523618994578 -1.0411836640519845 0.145660555099642
170 1700 0.012600605239721615 0 0.020201901026551235 1.6444531554547288 2.552043470568147 1.197159878147946 0.05203534625659015 -0.3684816000122343 0.0020224113840874103 1.8743238205822756 -1.0338392599156627 0.13833625948890899
171 1710 0.011323619902153317 0 0.021075980630881997 1.6301270160611498 2.537202761883944 1.200166450506721 0.051961775690390434 -0.3695260371734202 0.0019178981196843305 1.8570850596856705 -1.0343603215618637 0.13520784957264126
172 1720 0.011321541735578727 0 0.017535752481404696 1.6603111531692385 2.5621304017198536 1.180676143104644 0.05208347903120687 -0.37778290175393237 0.0002907547837043881 1.845142508493125 -1.0353672538520755 0.14843513466668676
173 1730 0.011002500273131042 0 0.014503688795101565 1.6726421983416717 2.5605036084491726 1.1890882448136306 0.05203605029137057 -0.37423902546797533 0.0047014570991125385 1.851998408485001 -1.0316015052779697 0.1488136113361884
174 1740 0.010841072920131034 0 0.01449559495732081 1.6708353915452354 2.54849201730729 1.195006375410542 0.052148590036664506 -0.3761375980710318 8.65496035895503e-05 1.8450913713316677 -1.03605099761386 0.14274498811706496
175 1750 0.011043420320722102 0 0.019665160950676348 1.6434598595008092 2.5323676377234827 1.2010622728890443 0.051984995504984303 -0.3760898799195551 -0.00026666086675771004 1.8520526176783407 -1.0348672966155033 0.14205531037773209
176 1760 0.010774917746658298 0 0.01966742313668363 1.6331938777205304 2.532996769692168 1.1972602441869216 0.05209848341908819 -0.3731237511510029 0.00046276568702565996 1.857033106922345 -1.0355806320427758 0.134043666746221
177 1770 0.010695252005720099 0 0.018972273853173374 1.611621584442554 2.533443588994628 1.1988039780783362 0.05213792492100312 -0.3698651451855754 -0.0005807507348217792 1.851897020116294 -1.0370556918782654 0.13868196654863318
178 1780 0.010759846966285253 0 0.0225271652544333 1.63848074127372 2.5221592182249357 1.2039104535423764 0.05199461761283788 -0.3673706866323839 -0.0009975963744578938 1.8512773376326246 -1.032950268610183 0.13193679371586434
179 1790 0.009563179537522276 0 0.022534103133507902 1.645369669087587 2.52070991663656 1.2040473508897298 0.05196618768099686 -0.373272993930978 0.0015696558572534393 1.8310694779995544 -1.0243474955683836 0.14767138995705886
180 1800 0.009449223936558742 0 0.025982292393117057 1.638708333882798 2.52737750432672 1.1951669258745248 0.051939000638588716 -0.36986331844674464 0.00031985131097044916 1.8439894993020873 -1.0303646596818108 0.14863287262361782
181 1810 0.008791477333327115 0 0.025152807265865648 1.6466107877228624 2.544590675426463 1.1871763659365564 0.051992836621302635 -0.36801680300696626 -0.0009336648270611489 1.8481875458903652 -1.0360354385907806 0.14981656894405518
182 1820 0.008075865685117324 0 -0.0003946223152013091 1.633416102490526 2.5390142870520416 1.1924137527923915 0.05191228873077612 -0.3678436179777919 2.0645570767059175e-06 1.849013083730354 -1.032963116419644 0.14559786326333618
183 1830 0.007541471098664921 0 0.023194079948190446 1.6326095851720586 2.5367070091333694 1.1913817199959444 0.05187664710545589 -0.3737419122841987 -8.12410703043103e-05 1.8390313766389415 -1.0298529068742461 0.14594819285891472
184 1840 0.007114393042769452 0 0.023193375849430136 1.642253107722829 2.538780098129963 1.1957024367037707 0.05200748631794031 -0.36892249513891795 0.0010823883785507917 1.8448268194657311 -1.0349168570904026 0.14480497907496634
185 1850 0.006453622675512289 0 0.023042938309501666 1.6485762157584496 2.532553244911213 1.1909182116159451 0.05198992422349071 -0.36864516467228703 2.9773236575093013e-05 1.8367998177057894 -1.0300555959392237 0.1486823640568986
186 1860 0.005775049180214176 0 0.023041417628863144 1.6330283097561948 2.5373349723721694 1.1962567865045133 0.05201527385942698 -0.3670127076120474 -5.4541981782810356e-05 1.8456491935443906 -1.0345198459356053 0.1397294551849354
187 1870 0.005319691908114441 0 0.021908977652940767 1.6439433368592513 2.5362052515730213 1.197131582419697 0.052029624511158674 -0.36660323290213803 -4.200412870549463e-06 1.8421793059340397 -1.0342721600807665 0.14536290542851885
188 1880 0.005243642828675963 0 -2.8368903487005795e-05 1.6262162490009178 2.53669957907443 1.1933435391941625 0.051912361513964576 -0.36673427873272235 -4.811057481366758e-05 1.8561844398933187 -1.0355670063836175 0.13547383419505818
189 1890 0.005459922718311999 0 -0.0005197204263570262 1.6366231469969428 2.5426304775071227 1.1950353117360062 0.05195539609544239 -0.36687250530915766 0.0002705261517633289 1.8614701438966286 -1.0370909205493812 0.12999264450634615
190 1900 0.005861513646326374 0 0.016784870118603933 1.629168641064033 2.5425872956862525 1.192979867164706 0.05199028898837039 -0.3663438434234897 0.0009336948833946988 1.8670280913479205 -1.0386229507582574 0.13102326709964685
191 1910 0.007072687638309229 0 0.016784636820254044 1.6360193305312523 2.5465442603755535 1.191936444131882 0.05200503924521052 -0.3661619051899404 0.0012032559291885808 1.8728315859718032 -1.0400802217541278 0.13517295403311932
192 1920 0.008047064693671158 0 0.013560356514394245 1.6418283372850775 2.550025093943387 1.189645292390878 0.051983177931230626 -0.3658203769644684 -8.126575325444966e-05 1.8804936978563567 -1.0412989153493906 0.12786677862486204
193 1930 0.008575443033341715 0 -0.00040734907941582444 1.6461557395186976 2.5528804532201286 1.188660116327312 0.0519667995121109 -0.3659117027638151 -0.0014865617079502435 1.8711739465961725 -1.040874017224655 0.1401857375228847
194 1940 0.01064940702855042 0 -0.0003335050332496363 1.6328902973709305 2.5558505909762403 1.19152968222519 0.05195998638467589 -0.3656089236697929 -0.00139922200631182 1.9075297699896563 -1.0434482238941278 0.12395299149419604
195 1950 0.01222753801074215 0 0.010564443955922168 1.6334087343841996 2.5507713979407654 1.1896640383302017 0.05193159735606262 -0.36557453018477093 0.000662141400259342 1.9100961648957404 -1.0441378148441594 0.13494793688896187
196 1960 0.011773688809144684 0 0.0096648349588625 1.658766657048681 2.5633698065685024 1.1895763203606249 0.05197125989955126 -0.36924546907158645 -0.0006746933800179513 1.8866271830926995 -1.0429188432011203 0.13683406559940753
197 1970 0.01226342032571366 0 0.009551441009166425 1.6435802805420172 2.5704699827486204 1.1933336218961403 0.05184021654901259 -0.36703840811037497 -0.0008936541872719471 1.9335421488090874 -1.0500447090504128 0.11547695549694623
198 1980 0.012211270477879281 0 -5.687704430381717e-05 1.6285714850985413 2.5555501380900405 1.201519872250127 0.05204326381475982 -0.36699601402318 0.002372003159752175 1.9162793740988366 -1.0476236962460876 0.1120248449742875
199 1990 0.011887553560556255 0 0.008673274251088287 1.6119590934457988 2.555460270241604 1.203379619422848 0.05180613741467368 -0.36569842335032837 0.0016169427189960876 1.9261576745912556 -1.0499314122458723 0.0975106395264042
200 2000 0.010776729280680353 0 0.007062119288738927 1.631841236932584 2.5701684885788314 1.193475693303719 0.051943050665268886 -0.365975421694793 0.00018640236573210336 1.9034487932361495 -1.049508600053897 0.11853149221624765
