% # columns="iteration, evaluation, min max(neg(.)) min(pos(.)) max correlation, correlation matrix principal axes lengths  (sorted square roots of eigenvalues of correlation matrix)", seed=160723, Tue Feb 21 18:30:06 2023
1 10 -0.09774193888375743 -0.03650412263051467 0.0221611069271573 0.08791247756593494 0.8891990919976586 0.944196965192582 0.9841184474133231 0.9927631221961201 0.998922730534206 1.0006358337418815 1.0066007347532073 1.0398666433626509 1.1269707014158061
2 20 -0.16950446517635284 -0.05064757098843976 0.043939707094743236 0.16164319602407076 0.8891990919976586 0.944196965192582 0.9841184474133231 0.9927631221961201 0.998922730534206 1.0006358337418815 1.0066007347532073 1.0398666433626509 1.1269707014158061
3 30 -0.16001512473560453 -0.04944545846711322 0.06302444179340774 0.1942501889625722 0.8891990919976586 0.944196965192582 0.9841184474133231 0.9927631221961201 0.998922730534206 1.0006358337418815 1.0066007347532073 1.0398666433626509 1.1269707014158061
4 40 -0.16723475125678533 -0.05357995833727113 0.052243675296884916 0.19710618038649755 0.8891990919976586 0.944196965192582 0.9841184474133231 0.9927631221961201 0.998922730534206 1.0006358337418815 1.0066007347532073 1.0398666433626509 1.1269707014158061
5 50 -0.15336358155860905 -0.06080725313265374 0.065084713166945 0.20713192282803863 0.8891990919976586 0.944196965192582 0.9841184474133231 0.9927631221961201 0.998922730534206 1.0006358337418815 1.0066007347532073 1.0398666433626509 1.1269707014158061
6 60 -0.16148303998413677 -0.052825620879000945 0.0646015413721983 0.3043941415693181 0.8891990919976586 0.944196965192582 0.9841184474133231 0.9927631221961201 0.998922730534206 1.0006358337418815 1.0066007347532073 1.0398666433626509 1.1269707014158061
7 70 -0.1345458073309843 -0.06946333020486316 0.0741356724320235 0.3076296901635399 0.8891990919976586 0.944196965192582 0.9841184474133231 0.9927631221961201 0.998922730534206 1.0006358337418815 1.0066007347532073 1.0398666433626509 1.1269707014158061
8 80 -0.1447012636969053 -0.08349633128428235 0.09757780381954922 0.26864841604953504 0.8891990919976586 0.944196965192582 0.9841184474133231 0.9927631221961201 0.998922730534206 1.0006358337418815 1.0066007347532073 1.0398666433626509 1.1269707014158061
9 90 -0.15463487908724857 -0.09914203563333485 0.09287293116677296 0.2606103523437862 0.8891990919976586 0.944196965192582 0.9841184474133231 0.9927631221961201 0.998922730534206 1.0006358337418815 1.0066007347532073 1.0398666433626509 1.1269707014158061
10 100 -0.18664709542182445 -0.09692440512562575 0.07806771880840829 0.22575510999758694 0.7363531410660195 0.8572581658756813 0.8879660062414085 0.8883085969102211 0.9697072537237819 1.017363367341552 1.0859281992725303 1.194856390605424 1.2502137696481288
11 110 -0.2720118999890851 -0.08941534904169171 0.07137201016055195 0.20696162056981895 0.7363531410660195 0.8572581658756813 0.8879660062414085 0.8883085969102211 0.9697072537237819 1.017363367341552 1.0859281992725303 1.194856390605424 1.2502137696481288
12 120 -0.33771310764379936 -0.0917564215294635 0.0940618142921575 0.2214902222583621 0.7363531410660195 0.8572581658756813 0.8879660062414085 0.8883085969102211 0.9697072537237819 1.017363367341552 1.0859281992725303 1.194856390605424 1.2502137696481288
13 130 -0.3085666814140711 -0.1125815288413862 0.08762830697930732 0.223544370699971 0.7363531410660195 0.8572581658756813 0.8879660062414085 0.8883085969102211 0.9697072537237819 1.017363367341552 1.0859281992725303 1.194856390605424 1.2502137696481288
14 140 -0.37274259236954166 -0.11743189791540937 0.08389769225669177 0.22686344701828953 0.7363531410660195 0.8572581658756813 0.8879660062414085 0.8883085969102211 0.9697072537237819 1.017363367341552 1.0859281992725303 1.194856390605424 1.2502137696481288
15 150 -0.39388406301133383 -0.09792031234503216 0.08005512467146193 0.2913249499193152 0.7363531410660195 0.8572581658756813 0.8879660062414085 0.8883085969102211 0.9697072537237819 1.017363367341552 1.0859281992725303 1.194856390605424 1.2502137696481288
16 160 -0.394493102081883 -0.08601125975318732 0.09258819091499686 0.2909324228368114 0.7363531410660195 0.8572581658756813 0.8879660062414085 0.8883085969102211 0.9697072537237819 1.017363367341552 1.0859281992725303 1.194856390605424 1.2502137696481288
17 170 -0.38395970647930183 -0.07839885033912283 0.08419554939552565 0.2752624991814108 0.7363531410660195 0.8572581658756813 0.8879660062414085 0.8883085969102211 0.9697072537237819 1.017363367341552 1.0859281992725303 1.194856390605424 1.2502137696481288
18 180 -0.38654616934555147 -0.07099836654234444 0.09555214227339376 0.322155716526059 0.7363531410660195 0.8572581658756813 0.8879660062414085 0.8883085969102211 0.9697072537237819 1.017363367341552 1.0859281992725303 1.194856390605424 1.2502137696481288
19 190 -0.3444559637734906 -0.10311566313676951 0.09056235112714969 0.3266079502502232 0.6590158596891607 0.8149601464756907 0.8489444508306522 0.9093599623237734 0.9832534201955175 1.0383596954528889 1.1079026296562398 1.1467037302833463 1.329112488598566
20 200 -0.30202282105131817 -0.09308308246228295 0.08682193609951583 0.35403230546972014 0.6590158596891607 0.8149601464756907 0.8489444508306522 0.9093599623237734 0.9832534201955175 1.0383596954528889 1.1079026296562398 1.1467037302833463 1.329112488598566
21 210 -0.2866628638708723 -0.08709723776118117 0.07899240105557447 0.3672679422262962 0.6590158596891607 0.8149601464756907 0.8489444508306522 0.9093599623237734 0.9832534201955175 1.0383596954528889 1.1079026296562398 1.1467037302833463 1.329112488598566
22 220 -0.2505235065460065 -0.07559191617769756 0.07960862871060091 0.33314385455492723 0.6590158596891607 0.8149601464756907 0.8489444508306522 0.9093599623237734 0.9832534201955175 1.0383596954528889 1.1079026296562398 1.1467037302833463 1.329112488598566
23 230 -0.23528986226829818 -0.0853476017466328 0.10293467946221285 0.34270090855204033 0.6590158596891607 0.8149601464756907 0.8489444508306522 0.9093599623237734 0.9832534201955175 1.0383596954528889 1.1079026296562398 1.1467037302833463 1.329112488598566
24 240 -0.31673720192421284 -0.12116902826302628 0.11807148381089624 0.4270846751295775 0.6590158596891607 0.8149601464756907 0.8489444508306522 0.9093599623237734 0.9832534201955175 1.0383596954528889 1.1079026296562398 1.1467037302833463 1.329112488598566
25 250 -0.4284407152611948 -0.13110270258134127 0.14142468798162555 0.49233252988018583 0.6590158596891607 0.8149601464756907 0.8489444508306522 0.9093599623237734 0.9832534201955175 1.0383596954528889 1.1079026296562398 1.1467037302833463 1.329112488598566
26 260 -0.44158906361349165 -0.168660666979278 0.15196669683492692 0.533641693988913 0.6590158596891607 0.8149601464756907 0.8489444508306522 0.9093599623237734 0.9832534201955175 1.0383596954528889 1.1079026296562398 1.1467037302833463 1.329112488598566
27 270 -0.4389078483464801 -0.14936864027268743 0.15390234090824678 0.5488640973088512 0.6590158596891607 0.8149601464756907 0.8489444508306522 0.9093599623237734 0.9832534201955175 1.0383596954528889 1.1079026296562398 1.1467037302833463 1.329112488598566
28 280 -0.44276540625374067 -0.16069894072939594 0.15979038761058986 0.5554966318454546 0.6058979246018719 0.678906061666375 0.7899722811403205 0.8835903133732996 0.9185063328304377 0.9571378088784246 1.0179548259920104 1.12863112067052 1.6423700297429937
29 290 -0.46112754536876466 -0.15929886339193433 0.16398976645813002 0.5517683789743234 0.6058979246018719 0.678906061666375 0.7899722811403205 0.8835903133732996 0.9185063328304377 0.9571378088784246 1.0179548259920104 1.12863112067052 1.6423700297429937
30 300 -0.46831935374958444 -0.16088809918726044 0.15415767718264264 0.5476248512963902 0.6058979246018719 0.678906061666375 0.7899722811403205 0.8835903133732996 0.9185063328304377 0.9571378088784246 1.0179548259920104 1.12863112067052 1.6423700297429937
31 310 -0.4352716502174408 -0.15882565219542497 0.15913293584312782 0.5472470680294832 0.6058979246018719 0.678906061666375 0.7899722811403205 0.8835903133732996 0.9185063328304377 0.9571378088784246 1.0179548259920104 1.12863112067052 1.6423700297429937
32 320 -0.3947102086063761 -0.15824115019105442 0.14518186309070075 0.5462962779029531 0.6058979246018719 0.678906061666375 0.7899722811403205 0.8835903133732996 0.9185063328304377 0.9571378088784246 1.0179548259920104 1.12863112067052 1.6423700297429937
33 330 -0.3966360889450829 -0.15422156214936616 0.15240203057787036 0.5475716580019195 0.6058979246018719 0.678906061666375 0.7899722811403205 0.8835903133732996 0.9185063328304377 0.9571378088784246 1.0179548259920104 1.12863112067052 1.6423700297429937
34 340 -0.3961908720211214 -0.1347644706837846 0.18187985551255959 0.5644253124206385 0.6058979246018719 0.678906061666375 0.7899722811403205 0.8835903133732996 0.9185063328304377 0.9571378088784246 1.0179548259920104 1.12863112067052 1.6423700297429937
35 350 -0.38306116375063715 -0.13623714541249876 0.17789026445807288 0.5525541251332472 0.6058979246018719 0.678906061666375 0.7899722811403205 0.8835903133732996 0.9185063328304377 0.9571378088784246 1.0179548259920104 1.12863112067052 1.6423700297429937
36 360 -0.3976335096424883 -0.13146280793480558 0.13071681091072346 0.5471504139413867 0.6058979246018719 0.678906061666375 0.7899722811403205 0.8835903133732996 0.9185063328304377 0.9571378088784246 1.0179548259920104 1.12863112067052 1.6423700297429937
37 370 -0.39283978685830734 -0.12193588349008036 0.11939554958205792 0.548235492582134 0.5935752706183318 0.7008118769025287 0.7687746450885249 0.8355631802863039 0.8785961951386473 0.9718306047245421 1.0961358621292034 1.2078845610968159 1.5781209993370033
38 380 -0.3696198977292208 -0.12740981932285556 0.14850390814282144 0.489998714058665 0.5935752706183318 0.7008118769025287 0.7687746450885249 0.8355631802863039 0.8785961951386473 0.9718306047245421 1.0961358621292034 1.2078845610968159 1.5781209993370033
39 390 -0.36227524216914786 -0.12113759158449108 0.1725068668654598 0.47366953661804345 0.5935752706183318 0.7008118769025287 0.7687746450885249 0.8355631802863039 0.8785961951386473 0.9718306047245421 1.0961358621292034 1.2078845610968159 1.5781209993370033
40 400 -0.3696205310652156 -0.10325334091951331 0.17719072265963126 0.4601514072349882 0.5935752706183318 0.7008118769025287 0.7687746450885249 0.8355631802863039 0.8785961951386473 0.9718306047245421 1.0961358621292034 1.2078845610968159 1.5781209993370033
41 410 -0.3688968165074554 -0.11018106320335126 0.15880440650363936 0.47589598273480715 0.5935752706183318 0.7008118769025287 0.7687746450885249 0.8355631802863039 0.8785961951386473 0.9718306047245421 1.0961358621292034 1.2078845610968159 1.5781209993370033
42 420 -0.3816865058278276 -0.10066011076143963 0.1554635274728122 0.4481243560649501 0.5935752706183318 0.7008118769025287 0.7687746450885249 0.8355631802863039 0.8785961951386473 0.9718306047245421 1.0961358621292034 1.2078845610968159 1.5781209993370033
43 430 -0.42373638130678337 -0.10744516421499264 0.14015183115219362 0.45319754592014483 0.5935752706183318 0.7008118769025287 0.7687746450885249 0.8355631802863039 0.8785961951386473 0.9718306047245421 1.0961358621292034 1.2078845610968159 1.5781209993370033
44 440 -0.37061615136083276 -0.09953401187589983 0.1335765108399416 0.46591964089094223 0.5935752706183318 0.7008118769025287 0.7687746450885249 0.8355631802863039 0.8785961951386473 0.9718306047245421 1.0961358621292034 1.2078845610968159 1.5781209993370033
45 450 -0.3877466684805032 -0.1158021732502385 0.12201315558691431 0.48375001620450975 0.5935752706183318 0.7008118769025287 0.7687746450885249 0.8355631802863039 0.8785961951386473 0.9718306047245421 1.0961358621292034 1.2078845610968159 1.5781209993370033
46 460 -0.3902417733587318 -0.12811206745419373 0.09034581897231436 0.4692079125664974 0.5868752590656099 0.712731587972948 0.7628799392663428 0.8783756417959356 1.0028735526445 1.0467685956856094 1.0914591435722911 1.1514079753158497 1.4749773899117453
47 470 -0.3725528874727609 -0.12623874278578973 0.09564532132148112 0.47365884845377637 0.5868752590656099 0.712731587972948 0.7628799392663428 0.8783756417959356 1.0028735526445 1.0467685956856094 1.0914591435722911 1.1514079753158497 1.4749773899117453
48 480 -0.39680133124083433 -0.12454022455871669 0.11057776545971909 0.48182256113068156 0.5868752590656099 0.712731587972948 0.7628799392663428 0.8783756417959356 1.0028735526445 1.0467685956856094 1.0914591435722911 1.1514079753158497 1.4749773899117453
49 490 -0.3728921920823126 -0.1201870881732349 0.11443173975629214 0.47394454449384965 0.5868752590656099 0.712731587972948 0.7628799392663428 0.8783756417959356 1.0028735526445 1.0467685956856094 1.0914591435722911 1.1514079753158497 1.4749773899117453
50 500 -0.37141874027342003 -0.12046188123275572 0.10236809303927157 0.47264836288477663 0.5868752590656099 0.712731587972948 0.7628799392663428 0.8783756417959356 1.0028735526445 1.0467685956856094 1.0914591435722911 1.1514079753158497 1.4749773899117453
51 510 -0.41234329368825684 -0.11621290319393712 0.13659201116591344 0.5167603266838972 0.5868752590656099 0.712731587972948 0.7628799392663428 0.8783756417959356 1.0028735526445 1.0467685956856094 1.0914591435722911 1.1514079753158497 1.4749773899117453
52 520 -0.41828570278335764 -0.13609572314622212 0.1205737132428509 0.528359139620645 0.5868752590656099 0.712731587972948 0.7628799392663428 0.8783756417959356 1.0028735526445 1.0467685956856094 1.0914591435722911 1.1514079753158497 1.4749773899117453
53 530 -0.44378215769463747 -0.1252177192236989 0.11510273676717628 0.562618571762713 0.5868752590656099 0.712731587972948 0.7628799392663428 0.8783756417959356 1.0028735526445 1.0467685956856094 1.0914591435722911 1.1514079753158497 1.4749773899117453
54 540 -0.42772617363023663 -0.1415910037343384 0.11678841668956338 0.5696558525743763 0.5868752590656099 0.712731587972948 0.7628799392663428 0.8783756417959356 1.0028735526445 1.0467685956856094 1.0914591435722911 1.1514079753158497 1.4749773899117453
55 550 -0.43255253619699213 -0.12866145545326046 0.11526548259621014 0.553307051662743 0.5114183080042721 0.6720671411927179 0.779210602106799 0.8251114137490125 0.9836445818370332 1.001742847693483 1.1309188122327696 1.2175664636699919 1.5054262568569505
56 560 -0.4269237675703559 -0.1274703645950392 0.11910253514461447 0.5159824944237537 0.5114183080042721 0.6720671411927179 0.779210602106799 0.8251114137490125 0.9836445818370332 1.001742847693483 1.1309188122327696 1.2175664636699919 1.5054262568569505
57 570 -0.4016024323504476 -0.1403252259031612 0.12958457513140478 0.5086763081137656 0.5114183080042721 0.6720671411927179 0.779210602106799 0.8251114137490125 0.9836445818370332 1.001742847693483 1.1309188122327696 1.2175664636699919 1.5054262568569505
58 580 -0.42341238894016564 -0.14423199917781737 0.13952608430012908 0.5296245232804179 0.5114183080042721 0.6720671411927179 0.779210602106799 0.8251114137490125 0.9836445818370332 1.001742847693483 1.1309188122327696 1.2175664636699919 1.5054262568569505
59 590 -0.41121136292062377 -0.17356628129787338 0.15259389624873865 0.5000095294451614 0.5114183080042721 0.6720671411927179 0.779210602106799 0.8251114137490125 0.9836445818370332 1.001742847693483 1.1309188122327696 1.2175664636699919 1.5054262568569505
60 600 -0.40132623173762655 -0.16523497489991917 0.13295026280037592 0.5089259870864193 0.5114183080042721 0.6720671411927179 0.779210602106799 0.8251114137490125 0.9836445818370332 1.001742847693483 1.1309188122327696 1.2175664636699919 1.5054262568569505
61 610 -0.391190215088857 -0.165234590581408 0.13619548511484575 0.5272223247279944 0.5114183080042721 0.6720671411927179 0.779210602106799 0.8251114137490125 0.9836445818370332 1.001742847693483 1.1309188122327696 1.2175664636699919 1.5054262568569505
62 620 -0.39816652687150417 -0.16778362850377398 0.10432622253179813 0.4963664387675615 0.5114183080042721 0.6720671411927179 0.779210602106799 0.8251114137490125 0.9836445818370332 1.001742847693483 1.1309188122327696 1.2175664636699919 1.5054262568569505
63 630 -0.4352331308777566 -0.1598719336819221 0.12687596443389176 0.49278397221680087 0.5114183080042721 0.6720671411927179 0.779210602106799 0.8251114137490125 0.9836445818370332 1.001742847693483 1.1309188122327696 1.2175664636699919 1.5054262568569505
64 640 -0.4203385057693227 -0.16502695826096486 0.13788789512484984 0.5202302435964873 0.4875087582231278 0.6457639305271482 0.7051464242626254 0.7883171085306383 0.942608261411831 1.0072789400975746 1.1557093971912313 1.4094815396771703 1.4146466676667457
65 650 -0.4068016582545838 -0.18123131731575437 0.14213974632524218 0.5274565106979247 0.4875087582231278 0.6457639305271482 0.7051464242626254 0.7883171085306383 0.942608261411831 1.0072789400975746 1.1557093971912313 1.4094815396771703 1.4146466676667457
66 660 -0.400610158255565 -0.18662293475649616 0.1313496566136324 0.5082752901283666 0.4875087582231278 0.6457639305271482 0.7051464242626254 0.7883171085306383 0.942608261411831 1.0072789400975746 1.1557093971912313 1.4094815396771703 1.4146466676667457
67 670 -0.4270263500115274 -0.22323027956669034 0.1312413692767796 0.522955651850433 0.4875087582231278 0.6457639305271482 0.7051464242626254 0.7883171085306383 0.942608261411831 1.0072789400975746 1.1557093971912313 1.4094815396771703 1.4146466676667457
68 680 -0.4165384508097314 -0.22640871289339232 0.14074049743271302 0.524403548501894 0.4875087582231278 0.6457639305271482 0.7051464242626254 0.7883171085306383 0.942608261411831 1.0072789400975746 1.1557093971912313 1.4094815396771703 1.4146466676667457
69 690 -0.45566298306463077 -0.2087032926061432 0.15968620099187633 0.5279316463395743 0.4875087582231278 0.6457639305271482 0.7051464242626254 0.7883171085306383 0.942608261411831 1.0072789400975746 1.1557093971912313 1.4094815396771703 1.4146466676667457
70 700 -0.4423000022326323 -0.20020860602371465 0.15700218706045835 0.5025714789148243 0.4875087582231278 0.6457639305271482 0.7051464242626254 0.7883171085306383 0.942608261411831 1.0072789400975746 1.1557093971912313 1.4094815396771703 1.4146466676667457
71 710 -0.4563965550649419 -0.19603531385770312 0.1809681579958095 0.49295961040806946 0.4875087582231278 0.6457639305271482 0.7051464242626254 0.7883171085306383 0.942608261411831 1.0072789400975746 1.1557093971912313 1.4094815396771703 1.4146466676667457
72 720 -0.44318566853286284 -0.1722103644267844 0.16753691453116176 0.48118285900376906 0.4875087582231278 0.6457639305271482 0.7051464242626254 0.7883171085306383 0.942608261411831 1.0072789400975746 1.1557093971912313 1.4094815396771703 1.4146466676667457
73 730 -0.46703881244062834 -0.20538704615256037 0.18031356281652028 0.4682806992586322 0.5256118510699976 0.6064326315794581 0.6678709294326491 0.7950145807296344 0.8615800606046828 1.0031539190790084 1.1597291781310308 1.337894651932778 1.5473525877906722
74 740 -0.48943346826525264 -0.1878532780065223 0.18644986420899623 0.4730145595138011 0.5256118510699976 0.6064326315794581 0.6678709294326491 0.7950145807296344 0.8615800606046828 1.0031539190790084 1.1597291781310308 1.337894651932778 1.5473525877906722
75 750 -0.511239194294017 -0.18958547945439277 0.18307597237907342 0.4645188561634355 0.5256118510699976 0.6064326315794581 0.6678709294326491 0.7950145807296344 0.8615800606046828 1.0031539190790084 1.1597291781310308 1.337894651932778 1.5473525877906722
76 760 -0.5121537549893013 -0.18604634569570316 0.1942501535318022 0.4977010793521168 0.5256118510699976 0.6064326315794581 0.6678709294326491 0.7950145807296344 0.8615800606046828 1.0031539190790084 1.1597291781310308 1.337894651932778 1.5473525877906722
77 770 -0.5041997230515967 -0.15968077245150325 0.1883892684127918 0.4962363004530295 0.5256118510699976 0.6064326315794581 0.6678709294326491 0.7950145807296344 0.8615800606046828 1.0031539190790084 1.1597291781310308 1.337894651932778 1.5473525877906722
78 780 -0.5018868380760383 -0.18856846995601367 0.1930661099293045 0.4787954448649172 0.5256118510699976 0.6064326315794581 0.6678709294326491 0.7950145807296344 0.8615800606046828 1.0031539190790084 1.1597291781310308 1.337894651932778 1.5473525877906722
79 790 -0.5149770567986058 -0.21857737829782264 0.1973264859591101 0.4818200857464356 0.5256118510699976 0.6064326315794581 0.6678709294326491 0.7950145807296344 0.8615800606046828 1.0031539190790084 1.1597291781310308 1.337894651932778 1.5473525877906722
80 800 -0.5239858976445835 -0.2176005667146534 0.18868935947905682 0.47336005374095874 0.5256118510699976 0.6064326315794581 0.6678709294326491 0.7950145807296344 0.8615800606046828 1.0031539190790084 1.1597291781310308 1.337894651932778 1.5473525877906722
81 810 -0.543421914816565 -0.22698775849463315 0.19994673417235942 0.4757886880273393 0.5256118510699976 0.6064326315794581 0.6678709294326491 0.7950145807296344 0.8615800606046828 1.0031539190790084 1.1597291781310308 1.337894651932778 1.5473525877906722
82 820 -0.5442850042023586 -0.22281033495817298 0.216113457388289 0.46442880290209293 0.48335706630483716 0.5414902300268026 0.6791316764274677 0.8031307545931999 0.8384566629315601 0.935898107507283 1.183724985814285 1.2862411392756874 1.65299107096251
83 830 -0.5563890876181515 -0.26981631319586347 0.20636564215759007 0.5182969067351709 0.48335706630483716 0.5414902300268026 0.6791316764274677 0.8031307545931999 0.8384566629315601 0.935898107507283 1.183724985814285 1.2862411392756874 1.65299107096251
84 840 -0.5664531286830141 -0.2768654147376601 0.236043582388369 0.5082974587978283 0.48335706630483716 0.5414902300268026 0.6791316764274677 0.8031307545931999 0.8384566629315601 0.935898107507283 1.183724985814285 1.2862411392756874 1.65299107096251
85 850 -0.5657103919240127 -0.2705653065767144 0.2473804839628448 0.5291463171751819 0.48335706630483716 0.5414902300268026 0.6791316764274677 0.8031307545931999 0.8384566629315601 0.935898107507283 1.183724985814285 1.2862411392756874 1.65299107096251
86 860 -0.6005248240259174 -0.2902188426357318 0.25824316710787065 0.5111581843926033 0.48335706630483716 0.5414902300268026 0.6791316764274677 0.8031307545931999 0.8384566629315601 0.935898107507283 1.183724985814285 1.2862411392756874 1.65299107096251
87 870 -0.6394785728812264 -0.36230850243722634 0.2816435854736695 0.5973757288086341 0.48335706630483716 0.5414902300268026 0.6791316764274677 0.8031307545931999 0.8384566629315601 0.935898107507283 1.183724985814285 1.2862411392756874 1.65299107096251
88 880 -0.6757864534465055 -0.36521070322492893 0.29774935561463084 0.6057843099838638 0.48335706630483716 0.5414902300268026 0.6791316764274677 0.8031307545931999 0.8384566629315601 0.935898107507283 1.183724985814285 1.2862411392756874 1.65299107096251
89 890 -0.6924871634708757 -0.35559839667193727 0.31705314001338386 0.6040024268901868 0.48335706630483716 0.5414902300268026 0.6791316764274677 0.8031307545931999 0.8384566629315601 0.935898107507283 1.183724985814285 1.2862411392756874 1.65299107096251
90 900 -0.7189332163327508 -0.38355876117954624 0.31407514281789584 0.5941143190923912 0.48335706630483716 0.5414902300268026 0.6791316764274677 0.8031307545931999 0.8384566629315601 0.935898107507283 1.183724985814285 1.2862411392756874 1.65299107096251
91 910 -0.7330414073858154 -0.40286159207412725 0.3195452853124212 0.6127714618889253 0.39264771985686475 0.5202572803125028 0.5570408397744162 0.7054997305813515 0.7569535860262442 0.8192634611337706 1.1154354196710639 1.1631643008927477 1.9813674689141196
92 920 -0.7313970629200193 -0.3932156775009409 0.3285145095553987 0.5764657757696033 0.39264771985686475 0.5202572803125028 0.5570408397744162 0.7054997305813515 0.7569535860262442 0.8192634611337706 1.1154354196710639 1.1631643008927477 1.9813674689141196
93 930 -0.7055175398528013 -0.3797815335446303 0.31143125581152703 0.5739714240294775 0.39264771985686475 0.5202572803125028 0.5570408397744162 0.7054997305813515 0.7569535860262442 0.8192634611337706 1.1154354196710639 1.1631643008927477 1.9813674689141196
94 940 -0.7084274269988902 -0.3957284141921579 0.32746619950754635 0.5723381801538976 0.39264771985686475 0.5202572803125028 0.5570408397744162 0.7054997305813515 0.7569535860262442 0.8192634611337706 1.1154354196710639 1.1631643008927477 1.9813674689141196
95 950 -0.7012564589713264 -0.36558448184674397 0.32407859683638607 0.5585292173860597 0.39264771985686475 0.5202572803125028 0.5570408397744162 0.7054997305813515 0.7569535860262442 0.8192634611337706 1.1154354196710639 1.1631643008927477 1.9813674689141196
96 960 -0.7197132029410058 -0.36134871447023525 0.31527027997167356 0.5447364732612133 0.39264771985686475 0.5202572803125028 0.5570408397744162 0.7054997305813515 0.7569535860262442 0.8192634611337706 1.1154354196710639 1.1631643008927477 1.9813674689141196
97 970 -0.7122523656490101 -0.3483079666698894 0.3253753342917731 0.5444802559585402 0.39264771985686475 0.5202572803125028 0.5570408397744162 0.7054997305813515 0.7569535860262442 0.8192634611337706 1.1154354196710639 1.1631643008927477 1.9813674689141196
98 980 -0.6999402429692154 -0.3298963222305373 0.31665841584382703 0.5273246413416209 0.39264771985686475 0.5202572803125028 0.5570408397744162 0.7054997305813515 0.7569535860262442 0.8192634611337706 1.1154354196710639 1.1631643008927477 1.9813674689141196
99 990 -0.7114204437133301 -0.34252675579131064 0.33370273239289666 0.525690639862888 0.39264771985686475 0.5202572803125028 0.5570408397744162 0.7054997305813515 0.7569535860262442 0.8192634611337706 1.1154354196710639 1.1631643008927477 1.9813674689141196
100 1000 -0.7168171170580518 -0.34446253958071316 0.346095535198623 0.5525583508783937 0.391466769199507 0.48041105639751003 0.5242102630913511 0.6371539252863583 0.7574327290708027 0.8318004063307398 1.1290095831840137 1.2672391590020864 1.946546552486255
101 1010 -0.7344714417288049 -0.38831551068391634 0.37606988385110784 0.5518416106029735 0.391466769199507 0.48041105639751003 0.5242102630913511 0.6371539252863583 0.7574327290708027 0.8318004063307398 1.1290095831840137 1.2672391590020864 1.946546552486255
102 1020 -0.746583343608752 -0.3890741446928162 0.3842200089101971 0.5645417622327865 0.391466769199507 0.48041105639751003 0.5242102630913511 0.6371539252863583 0.7574327290708027 0.8318004063307398 1.1290095831840137 1.2672391590020864 1.946546552486255
103 1030 -0.7514158529479967 -0.3838922568744535 0.3736093623176298 0.5486026757370088 0.391466769199507 0.48041105639751003 0.5242102630913511 0.6371539252863583 0.7574327290708027 0.8318004063307398 1.1290095831840137 1.2672391590020864 1.946546552486255
104 1040 -0.7472216097860722 -0.3882578672920718 0.3990594420050324 0.5514967368534908 0.391466769199507 0.48041105639751003 0.5242102630913511 0.6371539252863583 0.7574327290708027 0.8318004063307398 1.1290095831840137 1.2672391590020864 1.946546552486255
105 1050 -0.7584155900019585 -0.3954049288014074 0.4009336545291159 0.5680424965106285 0.391466769199507 0.48041105639751003 0.5242102630913511 0.6371539252863583 0.7574327290708027 0.8318004063307398 1.1290095831840137 1.2672391590020864 1.946546552486255
106 1060 -0.775650498405408 -0.4116691696447117 0.38265818662340734 0.5836698508422367 0.391466769199507 0.48041105639751003 0.5242102630913511 0.6371539252863583 0.7574327290708027 0.8318004063307398 1.1290095831840137 1.2672391590020864 1.946546552486255
107 1070 -0.7608182255000618 -0.4098725808560637 0.35064198071984154 0.5700307931211748 0.391466769199507 0.48041105639751003 0.5242102630913511 0.6371539252863583 0.7574327290708027 0.8318004063307398 1.1290095831840137 1.2672391590020864 1.946546552486255
108 1080 -0.7487295751111888 -0.4114557136027674 0.3409283387543476 0.5727100917521164 0.391466769199507 0.48041105639751003 0.5242102630913511 0.6371539252863583 0.7574327290708027 0.8318004063307398 1.1290095831840137 1.2672391590020864 1.946546552486255
109 1090 -0.7433694054019628 -0.413051231989089 0.34033893973418317 0.5725386745697193 0.36779683539883645 0.45023538064861135 0.5621101378074281 0.6419112694217497 0.7889136604645332 0.8539482981579177 1.0616747552844998 1.2208634373599372 1.9911610750416946
110 1100 -0.756324185495827 -0.4349348164720377 0.3553586146034846 0.5899871444640873 0.36779683539883645 0.45023538064861135 0.5621101378074281 0.6419112694217497 0.7889136604645332 0.8539482981579177 1.0616747552844998 1.2208634373599372 1.9911610750416946
111 1110 -0.7591612865927908 -0.4353937761316061 0.34563048931854917 0.600356663339772 0.36779683539883645 0.45023538064861135 0.5621101378074281 0.6419112694217497 0.7889136604645332 0.8539482981579177 1.0616747552844998 1.2208634373599372 1.9911610750416946
112 1120 -0.7590358993638421 -0.4508108040919133 0.33728343357872503 0.6133564832847852 0.36779683539883645 0.45023538064861135 0.5621101378074281 0.6419112694217497 0.7889136604645332 0.8539482981579177 1.0616747552844998 1.2208634373599372 1.9911610750416946
113 1130 -0.754333560156181 -0.33943291552973 0.28560901981648334 0.5769189577528329 0.36779683539883645 0.45023538064861135 0.5621101378074281 0.6419112694217497 0.7889136604645332 0.8539482981579177 1.0616747552844998 1.2208634373599372 1.9911610750416946
114 1140 -0.7822670552537614 -0.30747685104470945 0.281730216686928 0.6196369733564293 0.36779683539883645 0.45023538064861135 0.5621101378074281 0.6419112694217497 0.7889136604645332 0.8539482981579177 1.0616747552844998 1.2208634373599372 1.9911610750416946
115 1150 -0.802798705637737 -0.3105606780532 0.24104584621989406 0.6260583759797995 0.36779683539883645 0.45023538064861135 0.5621101378074281 0.6419112694217497 0.7889136604645332 0.8539482981579177 1.0616747552844998 1.2208634373599372 1.9911610750416946
116 1160 -0.7940086354016983 -0.32060687146346356 0.24086071682204432 0.6177220613086402 0.36779683539883645 0.45023538064861135 0.5621101378074281 0.6419112694217497 0.7889136604645332 0.8539482981579177 1.0616747552844998 1.2208634373599372 1.9911610750416946
117 1170 -0.7931165797597363 -0.3007609218160108 0.22222329320918993 0.6229805063157098 0.36779683539883645 0.45023538064861135 0.5621101378074281 0.6419112694217497 0.7889136604645332 0.8539482981579177 1.0616747552844998 1.2208634373599372 1.9911610750416946
118 1180 -0.7961560465994022 -0.3264572880931386 0.23298415677682707 0.5871284623062368 0.359077351466286 0.41891733707116036 0.5189098712811865 0.6098009641937024 0.811331527407599 0.9164054183512601 1.1525356346264188 1.3638831730628114 1.8351767252566817
119 1190 -0.7891364431901511 -0.32266639796597246 0.2306385024932715 0.594262106944266 0.359077351466286 0.41891733707116036 0.5189098712811865 0.6098009641937024 0.811331527407599 0.9164054183512601 1.1525356346264188 1.3638831730628114 1.8351767252566817
120 1200 -0.7772741187595238 -0.31432165234514475 0.23159157207655062 0.582128322872613 0.359077351466286 0.41891733707116036 0.5189098712811865 0.6098009641937024 0.811331527407599 0.9164054183512601 1.1525356346264188 1.3638831730628114 1.8351767252566817
121 1210 -0.7774487653308089 -0.32739996084450074 0.22759612391358902 0.5827494328003504 0.359077351466286 0.41891733707116036 0.5189098712811865 0.6098009641937024 0.811331527407599 0.9164054183512601 1.1525356346264188 1.3638831730628114 1.8351767252566817
122 1220 -0.7829789040489775 -0.35138238366659375 0.22569681946980633 0.5850597391840839 0.359077351466286 0.41891733707116036 0.5189098712811865 0.6098009641937024 0.811331527407599 0.9164054183512601 1.1525356346264188 1.3638831730628114 1.8351767252566817
123 1230 -0.7797093790471981 -0.34477619418323713 0.15531862344352065 0.5965116379168246 0.359077351466286 0.41891733707116036 0.5189098712811865 0.6098009641937024 0.811331527407599 0.9164054183512601 1.1525356346264188 1.3638831730628114 1.8351767252566817
124 1240 -0.7691290141218549 -0.3277156724584169 0.13782005881145587 0.5834676531993621 0.359077351466286 0.41891733707116036 0.5189098712811865 0.6098009641937024 0.811331527407599 0.9164054183512601 1.1525356346264188 1.3638831730628114 1.8351767252566817
125 1250 -0.7714115792918647 -0.3239498027721416 0.141752617742648 0.5657244837393121 0.359077351466286 0.41891733707116036 0.5189098712811865 0.6098009641937024 0.811331527407599 0.9164054183512601 1.1525356346264188 1.3638831730628114 1.8351767252566817
126 1260 -0.7724962304963483 -0.30136123361970446 0.16477017293388257 0.5646191900315465 0.359077351466286 0.41891733707116036 0.5189098712811865 0.6098009641937024 0.811331527407599 0.9164054183512601 1.1525356346264188 1.3638831730628114 1.8351767252566817
127 1270 -0.766267881375326 -0.32312742953679574 0.18165502252326632 0.5598625334848332 0.36070221275221537 0.38376141511607154 0.528830613884139 0.5643237488907252 0.7813877292582377 0.959400283799541 1.2172361092791995 1.4187946432767735 1.7603523240324919
128 1280 -0.7623367761599763 -0.3139545725825603 0.19328742765179846 0.5607503159832026 0.36070221275221537 0.38376141511607154 0.528830613884139 0.5643237488907252 0.7813877292582377 0.959400283799541 1.2172361092791995 1.4187946432767735 1.7603523240324919
129 1290 -0.7514731094482244 -0.310219285344154 0.20704141956504518 0.581205581377221 0.36070221275221537 0.38376141511607154 0.528830613884139 0.5643237488907252 0.7813877292582377 0.959400283799541 1.2172361092791995 1.4187946432767735 1.7603523240324919
130 1300 -0.7202343721553832 -0.3220234736704548 0.22794326364669518 0.5779076619937401 0.36070221275221537 0.38376141511607154 0.528830613884139 0.5643237488907252 0.7813877292582377 0.959400283799541 1.2172361092791995 1.4187946432767735 1.7603523240324919
131 1310 -0.7246138850991711 -0.3353744153644137 0.1931002961356706 0.5740554019709682 0.36070221275221537 0.38376141511607154 0.528830613884139 0.5643237488907252 0.7813877292582377 0.959400283799541 1.2172361092791995 1.4187946432767735 1.7603523240324919
132 1320 -0.7199250416158539 -0.3442530449109814 0.21764065091036439 0.5768955733989457 0.36070221275221537 0.38376141511607154 0.528830613884139 0.5643237488907252 0.7813877292582377 0.959400283799541 1.2172361092791995 1.4187946432767735 1.7603523240324919
133 1330 -0.7298595542579251 -0.3249805775815068 0.22115021243404284 0.599391674418675 0.36070221275221537 0.38376141511607154 0.528830613884139 0.5643237488907252 0.7813877292582377 0.959400283799541 1.2172361092791995 1.4187946432767735 1.7603523240324919
134 1340 -0.7364040859477468 -0.33340324807094696 0.20287943244167916 0.6134854294171401 0.36070221275221537 0.38376141511607154 0.528830613884139 0.5643237488907252 0.7813877292582377 0.959400283799541 1.2172361092791995 1.4187946432767735 1.7603523240324919
135 1350 -0.7632260426382623 -0.31332282904495035 0.21528571045892775 0.6054747380877211 0.36070221275221537 0.38376141511607154 0.528830613884139 0.5643237488907252 0.7813877292582377 0.959400283799541 1.2172361092791995 1.4187946432767735 1.7603523240324919
136 1360 -0.7665503943852398 -0.3205178430141881 0.2475498987792668 0.5994325093210098 0.33350206620041056 0.38460427830177724 0.4546344516284909 0.545138345775638 0.758653409583841 0.9163776768681393 1.2145743946944942 1.4962657229231557 1.7628620206731438
137 1370 -0.7729854613179074 -0.34616173491573043 0.2334418843115212 0.5822959682775133 0.33350206620041056 0.38460427830177724 0.4546344516284909 0.545138345775638 0.758653409583841 0.9163776768681393 1.2145743946944942 1.4962657229231557 1.7628620206731438
138 1380 -0.777458062683803 -0.33864055683415506 0.21619227066716062 0.5821592823882435 0.33350206620041056 0.38460427830177724 0.4546344516284909 0.545138345775638 0.758653409583841 0.9163776768681393 1.2145743946944942 1.4962657229231557 1.7628620206731438
139 1390 -0.7643089833926128 -0.32742844594727805 0.20520664442585163 0.5378633980278541 0.33350206620041056 0.38460427830177724 0.4546344516284909 0.545138345775638 0.758653409583841 0.9163776768681393 1.2145743946944942 1.4962657229231557 1.7628620206731438
140 1400 -0.7590748481843327 -0.3116222080156444 0.21416442976129824 0.5728123291626052 0.33350206620041056 0.38460427830177724 0.4546344516284909 0.545138345775638 0.758653409583841 0.9163776768681393 1.2145743946944942 1.4962657229231557 1.7628620206731438
141 1410 -0.7709532938774749 -0.3336124005094186 0.1700472121168691 0.5752633793194412 0.33350206620041056 0.38460427830177724 0.4546344516284909 0.545138345775638 0.758653409583841 0.9163776768681393 1.2145743946944942 1.4962657229231557 1.7628620206731438
142 1420 -0.7767269145260752 -0.34208094893967544 0.1907330928173009 0.5721550835833275 0.33350206620041056 0.38460427830177724 0.4546344516284909 0.545138345775638 0.758653409583841 0.9163776768681393 1.2145743946944942 1.4962657229231557 1.7628620206731438
143 1430 -0.7944521329053825 -0.35135926041357723 0.19924300884480772 0.5960670074043395 0.33350206620041056 0.38460427830177724 0.4546344516284909 0.545138345775638 0.758653409583841 0.9163776768681393 1.2145743946944942 1.4962657229231557 1.7628620206731438
144 1440 -0.8038270079375232 -0.35130666703495295 0.19168349001356466 0.6203218890900228 0.33350206620041056 0.38460427830177724 0.4546344516284909 0.545138345775638 0.758653409583841 0.9163776768681393 1.2145743946944942 1.4962657229231557 1.7628620206731438
145 1450 -0.8019550341406907 -0.33320814884713024 0.1977916818545204 0.6059837874012388 0.2929693185904136 0.3615736724755972 0.46135994929109336 0.552983353834379 0.6733233020976812 0.9463448528999198 1.2323630218324573 1.4023514320827692 1.8521740897947112
146 1460 -0.7976243439534082 -0.3328992912093013 0.20125045904458816 0.6019321968385826 0.2929693185904136 0.3615736724755972 0.46135994929109336 0.552983353834379 0.6733233020976812 0.9463448528999198 1.2323630218324573 1.4023514320827692 1.8521740897947112
147 1470 -0.7934362264729055 -0.3246246889721691 0.20265538213176468 0.5817736918063698 0.2929693185904136 0.3615736724755972 0.46135994929109336 0.552983353834379 0.6733233020976812 0.9463448528999198 1.2323630218324573 1.4023514320827692 1.8521740897947112
148 1480 -0.7977129229314893 -0.36364408721532493 0.24221510806462637 0.5975816175569283 0.2929693185904136 0.3615736724755972 0.46135994929109336 0.552983353834379 0.6733233020976812 0.9463448528999198 1.2323630218324573 1.4023514320827692 1.8521740897947112
149 1490 -0.810810561636728 -0.41164725362574023 0.27589560459593354 0.6387130410366635 0.2929693185904136 0.3615736724755972 0.46135994929109336 0.552983353834379 0.6733233020976812 0.9463448528999198 1.2323630218324573 1.4023514320827692 1.8521740897947112
150 1500 -0.8213094281025402 -0.40228572018594255 0.27590135347844313 0.65564708223429 0.2929693185904136 0.3615736724755972 0.46135994929109336 0.552983353834379 0.6733233020976812 0.9463448528999198 1.2323630218324573 1.4023514320827692 1.8521740897947112
151 1510 -0.8525488487788105 -0.46220394635314566 0.3275772128676169 0.6964931082576097 0.2929693185904136 0.3615736724755972 0.46135994929109336 0.552983353834379 0.6733233020976812 0.9463448528999198 1.2323630218324573 1.4023514320827692 1.8521740897947112
152 1520 -0.85642813148603 -0.4602793227900274 0.33272556202785 0.6992330301080297 0.2929693185904136 0.3615736724755972 0.46135994929109336 0.552983353834379 0.6733233020976812 0.9463448528999198 1.2323630218324573 1.4023514320827692 1.8521740897947112
153 1530 -0.8579040753643876 -0.47956443072133337 0.338091959061236 0.703427849280195 0.2929693185904136 0.3615736724755972 0.46135994929109336 0.552983353834379 0.6733233020976812 0.9463448528999198 1.2323630218324573 1.4023514320827692 1.8521740897947112
154 1540 -0.8676410601833147 -0.5006853788526826 0.3674188317845116 0.7236012521070424 0.2169340917380585 0.3127511011147537 0.40650133197826 0.4650631814512422 0.5622022463448925 0.7586071689550827 1.1483022356214663 1.2761661876342898 2.152868989876545
155 1550 -0.8739858369471647 -0.5173172954833289 0.3711967485891992 0.7344249135451273 0.2169340917380585 0.3127511011147537 0.40650133197826 0.4650631814512422 0.5622022463448925 0.7586071689550827 1.1483022356214663 1.2761661876342898 2.152868989876545
156 1560 -0.8792105446145172 -0.5283767192106517 0.3902594698895766 0.7544522962083017 0.2169340917380585 0.3127511011147537 0.40650133197826 0.4650631814512422 0.5622022463448925 0.7586071689550827 1.1483022356214663 1.2761661876342898 2.152868989876545
157 1570 -0.8752647463908929 -0.5206143129109224 0.37144523886357145 0.7495781437332744 0.2169340917380585 0.3127511011147537 0.40650133197826 0.4650631814512422 0.5622022463448925 0.7586071689550827 1.1483022356214663 1.2761661876342898 2.152868989876545
158 1580 -0.8631935809640294 -0.5395358902108737 0.3691817905823295 0.7440184278099328 0.2169340917380585 0.3127511011147537 0.40650133197826 0.4650631814512422 0.5622022463448925 0.7586071689550827 1.1483022356214663 1.2761661876342898 2.152868989876545
159 1590 -0.8561593183264679 -0.5523910458346959 0.3762300294214274 0.750400774901877 0.2169340917380585 0.3127511011147537 0.40650133197826 0.4650631814512422 0.5622022463448925 0.7586071689550827 1.1483022356214663 1.2761661876342898 2.152868989876545
160 1600 -0.8586286309247749 -0.5645740954573513 0.3646825317049738 0.7501468365069759 0.2169340917380585 0.3127511011147537 0.40650133197826 0.4650631814512422 0.5622022463448925 0.7586071689550827 1.1483022356214663 1.2761661876342898 2.152868989876545
161 1610 -0.8544056150019175 -0.5491959472443659 0.36071247223657943 0.7439569860345954 0.2169340917380585 0.3127511011147537 0.40650133197826 0.4650631814512422 0.5622022463448925 0.7586071689550827 1.1483022356214663 1.2761661876342898 2.152868989876545
162 1620 -0.8522106804018353 -0.5366648133244494 0.3571134173781587 0.7501251526512963 0.2169340917380585 0.3127511011147537 0.40650133197826 0.4650631814512422 0.5622022463448925 0.7586071689550827 1.1483022356214663 1.2761661876342898 2.152868989876545
163 1630 -0.8353333223978734 -0.5279921448585021 0.35373090863877565 0.7405510849795223 0.20647779405173067 0.33966955049621783 0.40165368606168067 0.4729050294606355 0.5572612987278394 0.7794938233953256 1.1674835632705385 1.240265032772266 2.153508920069142
164 1640 -0.8310557258789262 -0.4788155569710545 0.3397404634372072 0.7509184745736186 0.20647779405173067 0.33966955049621783 0.40165368606168067 0.4729050294606355 0.5572612987278394 0.7794938233953256 1.1674835632705385 1.240265032772266 2.153508920069142
165 1650 -0.8281874072500836 -0.46344372875194356 0.33334275258270996 0.7523751962676208 0.20647779405173067 0.33966955049621783 0.40165368606168067 0.4729050294606355 0.5572612987278394 0.7794938233953256 1.1674835632705385 1.240265032772266 2.153508920069142
166 1660 -0.8216943705373403 -0.444883778726919 0.3136649342030702 0.7514678203759064 0.20647779405173067 0.33966955049621783 0.40165368606168067 0.4729050294606355 0.5572612987278394 0.7794938233953256 1.1674835632705385 1.240265032772266 2.153508920069142
167 1670 -0.7962866047780404 -0.41461121281031765 0.29311183641054855 0.7532227621123375 0.20647779405173067 0.33966955049621783 0.40165368606168067 0.4729050294606355 0.5572612987278394 0.7794938233953256 1.1674835632705385 1.240265032772266 2.153508920069142
168 1680 -0.7845720962622745 -0.40102384237624755 0.2939053572521697 0.7539512888034179 0.20647779405173067 0.33966955049621783 0.40165368606168067 0.4729050294606355 0.5572612987278394 0.7794938233953256 1.1674835632705385 1.240265032772266 2.153508920069142
169 1690 -0.7412086866937754 -0.38270163285292924 0.29819492003063974 0.7267006177792815 0.20647779405173067 0.33966955049621783 0.40165368606168067 0.4729050294606355 0.5572612987278394 0.7794938233953256 1.1674835632705385 1.240265032772266 2.153508920069142
170 1700 -0.7379069658546007 -0.39884568035877616 0.30428131498449995 0.7363621966109133 0.20647779405173067 0.33966955049621783 0.40165368606168067 0.4729050294606355 0.5572612987278394 0.7794938233953256 1.1674835632705385 1.240265032772266 2.153508920069142
171 1710 -0.7515245037438483 -0.37327989804009043 0.2835692362023783 0.7400444455746323 0.20647779405173067 0.33966955049621783 0.40165368606168067 0.4729050294606355 0.5572612987278394 0.7794938233953256 1.1674835632705385 1.240265032772266 2.153508920069142
172 1720 -0.742362018447084 -0.349431809430367 0.268340680214868 0.7689528406017567 0.26991156954030926 0.3749972872221972 0.41858749043730653 0.5118974530116702 0.714401569852122 0.9244161222845717 1.1653753955888484 1.2764006170053865 1.9992641575768377
173 1730 -0.7461907249131947 -0.33405921803770816 0.26284316233100935 0.779065017304555 0.26991156954030926 0.3749972872221972 0.41858749043730653 0.5118974530116702 0.714401569852122 0.9244161222845717 1.1653753955888484 1.2764006170053865 1.9992641575768377
174 1740 -0.7256849170045013 -0.29669317460502354 0.24150020424782168 0.7748531828899424 0.26991156954030926 0.3749972872221972 0.41858749043730653 0.5118974530116702 0.714401569852122 0.9244161222845717 1.1653753955888484 1.2764006170053865 1.9992641575768377
175 1750 -0.7280616358742491 -0.3072442050890313 0.23341552388743253 0.7598225289470085 0.26991156954030926 0.3749972872221972 0.41858749043730653 0.5118974530116702 0.714401569852122 0.9244161222845717 1.1653753955888484 1.2764006170053865 1.9992641575768377
176 1760 -0.7412192208387333 -0.2989464679962114 0.2171490151416296 0.7683374402218958 0.26991156954030926 0.3749972872221972 0.41858749043730653 0.5118974530116702 0.714401569852122 0.9244161222845717 1.1653753955888484 1.2764006170053865 1.9992641575768377
177 1770 -0.7264425138772362 -0.28176164432637363 0.23029711336263653 0.7500308856225063 0.26991156954030926 0.3749972872221972 0.41858749043730653 0.5118974530116702 0.714401569852122 0.9244161222845717 1.1653753955888484 1.2764006170053865 1.9992641575768377
178 1780 -0.7334484884437359 -0.3035546171428517 0.2433705838947381 0.7633630524842582 0.26991156954030926 0.3749972872221972 0.41858749043730653 0.5118974530116702 0.714401569852122 0.9244161222845717 1.1653753955888484 1.2764006170053865 1.9992641575768377
179 1790 -0.7483692171887142 -0.289660046677379 0.260819074846894 0.7804641787958663 0.26991156954030926 0.3749972872221972 0.41858749043730653 0.5118974530116702 0.714401569852122 0.9244161222845717 1.1653753955888484 1.2764006170053865 1.9992641575768377
180 1800 -0.7446366142139992 -0.28245729739001124 0.23445664302444885 0.7881053710974606 0.26991156954030926 0.3749972872221972 0.41858749043730653 0.5118974530116702 0.714401569852122 0.9244161222845717 1.1653753955888484 1.2764006170053865 1.9992641575768377
181 1810 -0.7767632254889956 -0.319152546879898 0.2096252954059348 0.8285007055012974 0.26171524733525753 0.32202614687701847 0.394958371949983 0.5141455425747496 0.7789842491619766 0.9988024199606204 1.0791767201846012 1.2757433042225474 2.0027232532974266
182 1820 -0.7842287544297779 -0.35222310530878 0.2295394832901111 0.8348995901918908 0.26171524733525753 0.32202614687701847 0.394958371949983 0.5141455425747496 0.7789842491619766 0.9988024199606204 1.0791767201846012 1.2757433042225474 2.0027232532974266
183 1830 -0.7827827071149687 -0.34120624290092477 0.23593741079098982 0.827888802827256 0.26171524733525753 0.32202614687701847 0.394958371949983 0.5141455425747496 0.7789842491619766 0.9988024199606204 1.0791767201846012 1.2757433042225474 2.0027232532974266
184 1840 -0.792584988507051 -0.405041169634952 0.22996727571674863 0.8295107868440207 0.26171524733525753 0.32202614687701847 0.394958371949983 0.5141455425747496 0.7789842491619766 0.9988024199606204 1.0791767201846012 1.2757433042225474 2.0027232532974266
185 1850 -0.8052816568069717 -0.39541320776787137 0.21078682002102606 0.8273604858977184 0.26171524733525753 0.32202614687701847 0.394958371949983 0.5141455425747496 0.7789842491619766 0.9988024199606204 1.0791767201846012 1.2757433042225474 2.0027232532974266
186 1860 -0.8102590083340832 -0.4073775352007333 0.2249153575155966 0.8140554966962456 0.26171524733525753 0.32202614687701847 0.394958371949983 0.5141455425747496 0.7789842491619766 0.9988024199606204 1.0791767201846012 1.2757433042225474 2.0027232532974266
187 1870 -0.8101897921905776 -0.4138604069403446 0.25475902622587443 0.82545969536135 0.26171524733525753 0.32202614687701847 0.394958371949983 0.5141455425747496 0.7789842491619766 0.9988024199606204 1.0791767201846012 1.2757433042225474 2.0027232532974266
188 1880 -0.8091853602563057 -0.4286528376152623 0.25887241901536084 0.836356248635326 0.26171524733525753 0.32202614687701847 0.394958371949983 0.5141455425747496 0.7789842491619766 0.9988024199606204 1.0791767201846012 1.2757433042225474 2.0027232532974266
189 1890 -0.8097547469984502 -0.4231742526792036 0.2557416875777707 0.8324726185108583 0.26171524733525753 0.32202614687701847 0.394958371949983 0.5141455425747496 0.7789842491619766 0.9988024199606204 1.0791767201846012 1.2757433042225474 2.0027232532974266
190 1900 -0.8001287060693871 -0.4268659383634589 0.23969418074596882 0.8414399024507859 0.2274411248087006 0.2968708570201808 0.40777849996985954 0.4814306615795442 0.7713557582130219 0.9903538413388204 1.0218914338040215 1.3262705486646311 2.0206517103477055
191 1910 -0.7993143597688381 -0.425030545403639 0.2190162870339894 0.8395482636456312 0.2274411248087006 0.2968708570201808 0.40777849996985954 0.4814306615795442 0.7713557582130219 0.9903538413388204 1.0218914338040215 1.3262705486646311 2.0206517103477055
192 1920 -0.8051182549666898 -0.39613582676485826 0.230003354665336 0.8297903803795055 0.2274411248087006 0.2968708570201808 0.40777849996985954 0.4814306615795442 0.7713557582130219 0.9903538413388204 1.0218914338040215 1.3262705486646311 2.0206517103477055
193 1930 -0.80348953767149 -0.3904927142152127 0.2149082752270164 0.8220205765883996 0.2274411248087006 0.2968708570201808 0.40777849996985954 0.4814306615795442 0.7713557582130219 0.9903538413388204 1.0218914338040215 1.3262705486646311 2.0206517103477055
194 1940 -0.8178021234338577 -0.39101907454725404 0.21220568873917772 0.8358833282663233 0.2274411248087006 0.2968708570201808 0.40777849996985954 0.4814306615795442 0.7713557582130219 0.9903538413388204 1.0218914338040215 1.3262705486646311 2.0206517103477055
195 1950 -0.8248525118991561 -0.36325580998565804 0.19222331309723184 0.830813700417563 0.2274411248087006 0.2968708570201808 0.40777849996985954 0.4814306615795442 0.7713557582130219 0.9903538413388204 1.0218914338040215 1.3262705486646311 2.0206517103477055
196 1960 -0.8117510083053341 -0.3580049036181825 0.19860592704285585 0.8237353625544954 0.2274411248087006 0.2968708570201808 0.40777849996985954 0.4814306615795442 0.7713557582130219 0.9903538413388204 1.0218914338040215 1.3262705486646311 2.0206517103477055
197 1970 -0.8219064011753187 -0.36313619688679455 0.22343525134966677 0.8293831864608858 0.2274411248087006 0.2968708570201808 0.40777849996985954 0.4814306615795442 0.7713557582130219 0.9903538413388204 1.0218914338040215 1.3262705486646311 2.0206517103477055
198 1980 -0.8273865261728441 -0.3292188722883302 0.19631667123775826 0.8269402364060051 0.2274411248087006 0.2968708570201808 0.40777849996985954 0.4814306615795442 0.7713557582130219 0.9903538413388204 1.0218914338040215 1.3262705486646311 2.0206517103477055
199 1990 -0.8239934554065292 -0.30050234931271014 0.1674984735864547 0.8241655149105527 0.23063216414684964 0.29706240491736163 0.40145766800372945 0.5735530914138403 0.8762069160322047 0.9580169206493685 1.066491088747148 1.2649867058586939 1.9862783632328118
200 2000 -0.8234936091977579 -0.31483465778078784 0.15237792173584264 0.8181902879432087 0.23063216414684964 0.29706240491736163 0.40145766800372945 0.5735530914138403 0.8762069160322047 0.9580169206493685 1.066491088747148 1.2649867058586939 1.9862783632328118
