% # columns="iteration, evaluation, min max(neg(.)) min(pos(.)) max correlation, correlation matrix principal axes lengths  (sorted square roots of eigenvalues of correlation matrix)", seed=160723, Tue Feb 21 18:30:06 2023
1 10 -0.08889749232328169 -0.02672176641509463 0.03528306078499956 0.09275203272028977 0.8780403643880386 0.9557556820410337 0.9870273918316137 0.9939568311450432 0.9950280659148674 1.0032226916478748 1.0094935780236467 1.0455796511181574 1.115595010945703
2 20 -0.08889749232328169 -0.02672176641509463 0.03528306078499956 0.09275203272028977 0.8780403643880386 0.9557556820410337 0.9870273918316137 0.9939568311450432 0.9950280659148674 1.0032226916478748 1.0094935780236467 1.0455796511181574 1.115595010945703
3 30 -0.08889749232328169 -0.02672176641509463 0.03528306078499956 0.09275203272028977 0.8780403643880386 0.9557556820410337 0.9870273918316137 0.9939568311450432 0.9950280659148674 1.0032226916478748 1.0094935780236467 1.0455796511181574 1.115595010945703
4 40 -0.08889749232328169 -0.02672176641509463 0.03528306078499956 0.09275203272028977 0.8780403643880386 0.9557556820410337 0.9870273918316137 0.9939568311450432 0.9950280659148674 1.0032226916478748 1.0094935780236467 1.0455796511181574 1.115595010945703
5 50 -0.08889749232328169 -0.02672176641509463 0.03528306078499956 0.09275203272028977 0.8780403643880386 0.9557556820410337 0.9870273918316137 0.9939568311450432 0.9950280659148674 1.0032226916478748 1.0094935780236467 1.0455796511181574 1.115595010945703
6 60 -0.08889749232328169 -0.02672176641509463 0.03528306078499956 0.09275203272028977 0.8780403643880386 0.9557556820410337 0.9870273918316137 0.9939568311450432 0.9950280659148674 1.0032226916478748 1.0094935780236467 1.0455796511181574 1.115595010945703
7 70 -0.08889749232328169 -0.02672176641509463 0.03528306078499956 0.09275203272028977 0.8780403643880386 0.9557556820410337 0.9870273918316137 0.9939568311450432 0.9950280659148674 1.0032226916478748 1.0094935780236467 1.0455796511181574 1.115595010945703
8 80 -0.08889749232328169 -0.02672176641509463 0.03528306078499956 0.09275203272028977 0.8780403643880386 0.9557556820410337 0.9870273918316137 0.9939568311450432 0.9950280659148674 1.0032226916478748 1.0094935780236467 1.0455796511181574 1.115595010945703
9 90 -0.08889749232328169 -0.02672176641509463 0.03528306078499956 0.09275203272028977 0.8780403643880386 0.9557556820410337 0.9870273918316137 0.9939568311450432 0.9950280659148674 1.0032226916478748 1.0094935780236467 1.0455796511181574 1.115595010945703
10 100 -0.21296738621244093 -0.09871920111958782 0.07356029932379604 0.18272484602188954 0.7516192296403953 0.7896465480097341 0.8826752950237761 0.9533447216463162 0.9894080967538911 1.0668202427467133 1.0731734422662682 1.1031365011569354 1.2798046094963786
11 110 -0.21296738621244093 -0.09871920111958782 0.07356029932379604 0.18272484602188954 0.7516192296403953 0.7896465480097341 0.8826752950237761 0.9533447216463162 0.9894080967538911 1.0668202427467133 1.0731734422662682 1.1031365011569354 1.2798046094963786
12 120 -0.21296738621244093 -0.09871920111958782 0.07356029932379604 0.18272484602188954 0.7516192296403953 0.7896465480097341 0.8826752950237761 0.9533447216463162 0.9894080967538911 1.0668202427467133 1.0731734422662682 1.1031365011569354 1.2798046094963786
13 130 -0.21296738621244093 -0.09871920111958782 0.07356029932379604 0.18272484602188954 0.7516192296403953 0.7896465480097341 0.8826752950237761 0.9533447216463162 0.9894080967538911 1.0668202427467133 1.0731734422662682 1.1031365011569354 1.2798046094963786
14 140 -0.21296738621244093 -0.09871920111958782 0.07356029932379604 0.18272484602188954 0.7516192296403953 0.7896465480097341 0.8826752950237761 0.9533447216463162 0.9894080967538911 1.0668202427467133 1.0731734422662682 1.1031365011569354 1.2798046094963786
15 150 -0.21296738621244093 -0.09871920111958782 0.07356029932379604 0.18272484602188954 0.7516192296403953 0.7896465480097341 0.8826752950237761 0.9533447216463162 0.9894080967538911 1.0668202427467133 1.0731734422662682 1.1031365011569354 1.2798046094963786
16 160 -0.21296738621244093 -0.09871920111958782 0.07356029932379604 0.18272484602188954 0.7516192296403953 0.7896465480097341 0.8826752950237761 0.9533447216463162 0.9894080967538911 1.0668202427467133 1.0731734422662682 1.1031365011569354 1.2798046094963786
17 170 -0.21296738621244093 -0.09871920111958782 0.07356029932379604 0.18272484602188954 0.7516192296403953 0.7896465480097341 0.8826752950237761 0.9533447216463162 0.9894080967538911 1.0668202427467133 1.0731734422662682 1.1031365011569354 1.2798046094963786
18 180 -0.21296738621244093 -0.09871920111958782 0.07356029932379604 0.18272484602188954 0.7516192296403953 0.7896465480097341 0.8826752950237761 0.9533447216463162 0.9894080967538911 1.0668202427467133 1.0731734422662682 1.1031365011569354 1.2798046094963786
19 190 -0.32564318789780494 -0.11765148413851417 0.10766109845913074 0.31465897636889695 0.6663707606229746 0.8221153062110064 0.8435405189547327 0.9164479895022807 0.9615890347156126 1.0519943327492078 1.0741109169993617 1.1172914044468127 1.3766768015076936
20 200 -0.32564318789780494 -0.11765148413851417 0.10766109845913074 0.31465897636889695 0.6663707606229746 0.8221153062110064 0.8435405189547327 0.9164479895022807 0.9615890347156126 1.0519943327492078 1.0741109169993617 1.1172914044468127 1.3766768015076936
21 210 -0.32564318789780494 -0.11765148413851417 0.10766109845913074 0.31465897636889695 0.6663707606229746 0.8221153062110064 0.8435405189547327 0.9164479895022807 0.9615890347156126 1.0519943327492078 1.0741109169993617 1.1172914044468127 1.3766768015076936
22 220 -0.32564318789780494 -0.11765148413851417 0.10766109845913074 0.31465897636889695 0.6663707606229746 0.8221153062110064 0.8435405189547327 0.9164479895022807 0.9615890347156126 1.0519943327492078 1.0741109169993617 1.1172914044468127 1.3766768015076936
23 230 -0.32564318789780494 -0.11765148413851417 0.10766109845913074 0.31465897636889695 0.6663707606229746 0.8221153062110064 0.8435405189547327 0.9164479895022807 0.9615890347156126 1.0519943327492078 1.0741109169993617 1.1172914044468127 1.3766768015076936
24 240 -0.32564318789780494 -0.11765148413851417 0.10766109845913074 0.31465897636889695 0.6663707606229746 0.8221153062110064 0.8435405189547327 0.9164479895022807 0.9615890347156126 1.0519943327492078 1.0741109169993617 1.1172914044468127 1.3766768015076936
25 250 -0.32564318789780494 -0.11765148413851417 0.10766109845913074 0.31465897636889695 0.6663707606229746 0.8221153062110064 0.8435405189547327 0.9164479895022807 0.9615890347156126 1.0519943327492078 1.0741109169993617 1.1172914044468127 1.3766768015076936
26 260 -0.32564318789780494 -0.11765148413851417 0.10766109845913074 0.31465897636889695 0.6663707606229746 0.8221153062110064 0.8435405189547327 0.9164479895022807 0.9615890347156126 1.0519943327492078 1.0741109169993617 1.1172914044468127 1.3766768015076936
27 270 -0.32564318789780494 -0.11765148413851417 0.10766109845913074 0.31465897636889695 0.6663707606229746 0.8221153062110064 0.8435405189547327 0.9164479895022807 0.9615890347156126 1.0519943327492078 1.0741109169993617 1.1172914044468127 1.3766768015076936
28 280 -0.41875315233612614 -0.09304822790131471 0.11926672132071968 0.3463230045489305 0.4927769063635875 0.7912548989266208 0.8867851158933703 0.9474480902904521 0.9833314385450558 1.0346533343474233 1.0958012931680814 1.1729064087415668 1.3539212391535578
29 290 -0.41875315233612614 -0.09304822790131471 0.11926672132071968 0.3463230045489305 0.4927769063635875 0.7912548989266208 0.8867851158933703 0.9474480902904521 0.9833314385450558 1.0346533343474233 1.0958012931680814 1.1729064087415668 1.3539212391535578
30 300 -0.41875315233612614 -0.09304822790131471 0.11926672132071968 0.3463230045489305 0.4927769063635875 0.7912548989266208 0.8867851158933703 0.9474480902904521 0.9833314385450558 1.0346533343474233 1.0958012931680814 1.1729064087415668 1.3539212391535578
31 310 -0.41875315233612614 -0.09304822790131471 0.11926672132071968 0.3463230045489305 0.4927769063635875 0.7912548989266208 0.8867851158933703 0.9474480902904521 0.9833314385450558 1.0346533343474233 1.0958012931680814 1.1729064087415668 1.3539212391535578
32 320 -0.41875315233612614 -0.09304822790131471 0.11926672132071968 0.3463230045489305 0.4927769063635875 0.7912548989266208 0.8867851158933703 0.9474480902904521 0.9833314385450558 1.0346533343474233 1.0958012931680814 1.1729064087415668 1.3539212391535578
33 330 -0.41875315233612614 -0.09304822790131471 0.11926672132071968 0.3463230045489305 0.4927769063635875 0.7912548989266208 0.8867851158933703 0.9474480902904521 0.9833314385450558 1.0346533343474233 1.0958012931680814 1.1729064087415668 1.3539212391535578
34 340 -0.41875315233612614 -0.09304822790131471 0.11926672132071968 0.3463230045489305 0.4927769063635875 0.7912548989266208 0.8867851158933703 0.9474480902904521 0.9833314385450558 1.0346533343474233 1.0958012931680814 1.1729064087415668 1.3539212391535578
35 350 -0.41875315233612614 -0.09304822790131471 0.11926672132071968 0.3463230045489305 0.4927769063635875 0.7912548989266208 0.8867851158933703 0.9474480902904521 0.9833314385450558 1.0346533343474233 1.0958012931680814 1.1729064087415668 1.3539212391535578
36 360 -0.41875315233612614 -0.09304822790131471 0.11926672132071968 0.3463230045489305 0.4927769063635875 0.7912548989266208 0.8867851158933703 0.9474480902904521 0.9833314385450558 1.0346533343474233 1.0958012931680814 1.1729064087415668 1.3539212391535578
37 370 -0.4612647006397913 -0.1296189549957263 0.10001839567180304 0.2777034980578069 0.5131518952477713 0.7493616580163015 0.8038933969900685 0.8922793022163907 1.0087960441818782 1.0381602554890357 1.1395660191071364 1.2268292335497677 1.3540895228826693
38 380 -0.4612647006397913 -0.1296189549957263 0.10001839567180304 0.2777034980578069 0.5131518952477713 0.7493616580163015 0.8038933969900685 0.8922793022163907 1.0087960441818782 1.0381602554890357 1.1395660191071364 1.2268292335497677 1.3540895228826693
39 390 -0.4612647006397913 -0.1296189549957263 0.10001839567180304 0.2777034980578069 0.5131518952477713 0.7493616580163015 0.8038933969900685 0.8922793022163907 1.0087960441818782 1.0381602554890357 1.1395660191071364 1.2268292335497677 1.3540895228826693
40 400 -0.4612647006397913 -0.1296189549957263 0.10001839567180304 0.2777034980578069 0.5131518952477713 0.7493616580163015 0.8038933969900685 0.8922793022163907 1.0087960441818782 1.0381602554890357 1.1395660191071364 1.2268292335497677 1.3540895228826693
41 410 -0.4612647006397913 -0.1296189549957263 0.10001839567180304 0.2777034980578069 0.5131518952477713 0.7493616580163015 0.8038933969900685 0.8922793022163907 1.0087960441818782 1.0381602554890357 1.1395660191071364 1.2268292335497677 1.3540895228826693
42 420 -0.4612647006397913 -0.1296189549957263 0.10001839567180304 0.2777034980578069 0.5131518952477713 0.7493616580163015 0.8038933969900685 0.8922793022163907 1.0087960441818782 1.0381602554890357 1.1395660191071364 1.2268292335497677 1.3540895228826693
43 430 -0.4612647006397913 -0.1296189549957263 0.10001839567180304 0.2777034980578069 0.5131518952477713 0.7493616580163015 0.8038933969900685 0.8922793022163907 1.0087960441818782 1.0381602554890357 1.1395660191071364 1.2268292335497677 1.3540895228826693
44 440 -0.4612647006397913 -0.1296189549957263 0.10001839567180304 0.2777034980578069 0.5131518952477713 0.7493616580163015 0.8038933969900685 0.8922793022163907 1.0087960441818782 1.0381602554890357 1.1395660191071364 1.2268292335497677 1.3540895228826693
45 450 -0.4612647006397913 -0.1296189549957263 0.10001839567180304 0.2777034980578069 0.5131518952477713 0.7493616580163015 0.8038933969900685 0.8922793022163907 1.0087960441818782 1.0381602554890357 1.1395660191071364 1.2268292335497677 1.3540895228826693
46 460 -0.43899432930973176 -0.08660264102492601 0.09758692491627974 0.37273716204662277 0.5527379176470477 0.7794581560532425 0.7984010107034111 0.8733569118996543 0.9188528693088538 1.0349820554543199 1.170769761743979 1.2083401128923472 1.3930050947192723
47 470 -0.43899432930973176 -0.08660264102492601 0.09758692491627974 0.37273716204662277 0.5527379176470477 0.7794581560532425 0.7984010107034111 0.8733569118996543 0.9188528693088538 1.0349820554543199 1.170769761743979 1.2083401128923472 1.3930050947192723
48 480 -0.43899432930973176 -0.08660264102492601 0.09758692491627974 0.37273716204662277 0.5527379176470477 0.7794581560532425 0.7984010107034111 0.8733569118996543 0.9188528693088538 1.0349820554543199 1.170769761743979 1.2083401128923472 1.3930050947192723
49 490 -0.43899432930973176 -0.08660264102492601 0.09758692491627974 0.37273716204662277 0.5527379176470477 0.7794581560532425 0.7984010107034111 0.8733569118996543 0.9188528693088538 1.0349820554543199 1.170769761743979 1.2083401128923472 1.3930050947192723
50 500 -0.43899432930973176 -0.08660264102492601 0.09758692491627974 0.37273716204662277 0.5527379176470477 0.7794581560532425 0.7984010107034111 0.8733569118996543 0.9188528693088538 1.0349820554543199 1.170769761743979 1.2083401128923472 1.3930050947192723
51 510 -0.43899432930973176 -0.08660264102492601 0.09758692491627974 0.37273716204662277 0.5527379176470477 0.7794581560532425 0.7984010107034111 0.8733569118996543 0.9188528693088538 1.0349820554543199 1.170769761743979 1.2083401128923472 1.3930050947192723
52 520 -0.43899432930973176 -0.08660264102492601 0.09758692491627974 0.37273716204662277 0.5527379176470477 0.7794581560532425 0.7984010107034111 0.8733569118996543 0.9188528693088538 1.0349820554543199 1.170769761743979 1.2083401128923472 1.3930050947192723
53 530 -0.43899432930973176 -0.08660264102492601 0.09758692491627974 0.37273716204662277 0.5527379176470477 0.7794581560532425 0.7984010107034111 0.8733569118996543 0.9188528693088538 1.0349820554543199 1.170769761743979 1.2083401128923472 1.3930050947192723
54 540 -0.43899432930973176 -0.08660264102492601 0.09758692491627974 0.37273716204662277 0.5527379176470477 0.7794581560532425 0.7984010107034111 0.8733569118996543 0.9188528693088538 1.0349820554543199 1.170769761743979 1.2083401128923472 1.3930050947192723
55 550 -0.5429259335086594 -0.16974941720223896 0.1198334017244406 0.3841901341210934 0.5068725081392216 0.6912315803145668 0.7580041467902597 0.8773080954586304 0.9098597034434024 1.0152170182137221 1.1396296819871856 1.2256236742739062 1.503868313693802
56 560 -0.5429259335086594 -0.16974941720223896 0.1198334017244406 0.3841901341210934 0.5068725081392216 0.6912315803145668 0.7580041467902597 0.8773080954586304 0.9098597034434024 1.0152170182137221 1.1396296819871856 1.2256236742739062 1.503868313693802
57 570 -0.5429259335086594 -0.16974941720223896 0.1198334017244406 0.3841901341210934 0.5068725081392216 0.6912315803145668 0.7580041467902597 0.8773080954586304 0.9098597034434024 1.0152170182137221 1.1396296819871856 1.2256236742739062 1.503868313693802
58 580 -0.5429259335086594 -0.16974941720223896 0.1198334017244406 0.3841901341210934 0.5068725081392216 0.6912315803145668 0.7580041467902597 0.8773080954586304 0.9098597034434024 1.0152170182137221 1.1396296819871856 1.2256236742739062 1.503868313693802
59 590 -0.5429259335086594 -0.16974941720223896 0.1198334017244406 0.3841901341210934 0.5068725081392216 0.6912315803145668 0.7580041467902597 0.8773080954586304 0.9098597034434024 1.0152170182137221 1.1396296819871856 1.2256236742739062 1.503868313693802
60 600 -0.5429259335086594 -0.16974941720223896 0.1198334017244406 0.3841901341210934 0.5068725081392216 0.6912315803145668 0.7580041467902597 0.8773080954586304 0.9098597034434024 1.0152170182137221 1.1396296819871856 1.2256236742739062 1.503868313693802
61 610 -0.5429259335086594 -0.16974941720223896 0.1198334017244406 0.3841901341210934 0.5068725081392216 0.6912315803145668 0.7580041467902597 0.8773080954586304 0.9098597034434024 1.0152170182137221 1.1396296819871856 1.2256236742739062 1.503868313693802
62 620 -0.5429259335086594 -0.16974941720223896 0.1198334017244406 0.3841901341210934 0.5068725081392216 0.6912315803145668 0.7580041467902597 0.8773080954586304 0.9098597034434024 1.0152170182137221 1.1396296819871856 1.2256236742739062 1.503868313693802
63 630 -0.5429259335086594 -0.16974941720223896 0.1198334017244406 0.3841901341210934 0.5068725081392216 0.6912315803145668 0.7580041467902597 0.8773080954586304 0.9098597034434024 1.0152170182137221 1.1396296819871856 1.2256236742739062 1.503868313693802
64 640 -0.5480735367965633 -0.153157972980981 0.1543805191101133 0.48099320244554583 0.5085052421343995 0.5732133184156174 0.7250863323715926 0.8579689015288757 0.8972096229559653 1.0891471854686423 1.1436110952290397 1.2680194920483696 1.4980125555032633
65 650 -0.5480735367965633 -0.153157972980981 0.1543805191101133 0.48099320244554583 0.5085052421343995 0.5732133184156174 0.7250863323715926 0.8579689015288757 0.8972096229559653 1.0891471854686423 1.1436110952290397 1.2680194920483696 1.4980125555032633
66 660 -0.5480735367965633 -0.153157972980981 0.1543805191101133 0.48099320244554583 0.5085052421343995 0.5732133184156174 0.7250863323715926 0.8579689015288757 0.8972096229559653 1.0891471854686423 1.1436110952290397 1.2680194920483696 1.4980125555032633
67 670 -0.5480735367965633 -0.153157972980981 0.1543805191101133 0.48099320244554583 0.5085052421343995 0.5732133184156174 0.7250863323715926 0.8579689015288757 0.8972096229559653 1.0891471854686423 1.1436110952290397 1.2680194920483696 1.4980125555032633
68 680 -0.5480735367965633 -0.153157972980981 0.1543805191101133 0.48099320244554583 0.5085052421343995 0.5732133184156174 0.7250863323715926 0.8579689015288757 0.8972096229559653 1.0891471854686423 1.1436110952290397 1.2680194920483696 1.4980125555032633
69 690 -0.5480735367965633 -0.153157972980981 0.1543805191101133 0.48099320244554583 0.5085052421343995 0.5732133184156174 0.7250863323715926 0.8579689015288757 0.8972096229559653 1.0891471854686423 1.1436110952290397 1.2680194920483696 1.4980125555032633
70 700 -0.5480735367965633 -0.153157972980981 0.1543805191101133 0.48099320244554583 0.5085052421343995 0.5732133184156174 0.7250863323715926 0.8579689015288757 0.8972096229559653 1.0891471854686423 1.1436110952290397 1.2680194920483696 1.4980125555032633
71 710 -0.5480735367965633 -0.153157972980981 0.1543805191101133 0.48099320244554583 0.5085052421343995 0.5732133184156174 0.7250863323715926 0.8579689015288757 0.8972096229559653 1.0891471854686423 1.1436110952290397 1.2680194920483696 1.4980125555032633
72 720 -0.5480735367965633 -0.153157972980981 0.1543805191101133 0.48099320244554583 0.5085052421343995 0.5732133184156174 0.7250863323715926 0.8579689015288757 0.8972096229559653 1.0891471854686423 1.1436110952290397 1.2680194920483696 1.4980125555032633
73 730 -0.46373718274610204 -0.18398530359417248 0.13057774735492747 0.4823300670019015 0.4946672882898692 0.5841412231902492 0.7154888698033905 0.8080138865902942 0.9771425556556811 1.0485210770878621 1.2006240991939507 1.3230652831749052 1.41529804184549
74 740 -0.46373718274610204 -0.18398530359417248 0.13057774735492747 0.4823300670019015 0.4946672882898692 0.5841412231902492 0.7154888698033905 0.8080138865902942 0.9771425556556811 1.0485210770878621 1.2006240991939507 1.3230652831749052 1.41529804184549
75 750 -0.46373718274610204 -0.18398530359417248 0.13057774735492747 0.4823300670019015 0.4946672882898692 0.5841412231902492 0.7154888698033905 0.8080138865902942 0.9771425556556811 1.0485210770878621 1.2006240991939507 1.3230652831749052 1.41529804184549
76 760 -0.46373718274610204 -0.18398530359417248 0.13057774735492747 0.4823300670019015 0.4946672882898692 0.5841412231902492 0.7154888698033905 0.8080138865902942 0.9771425556556811 1.0485210770878621 1.2006240991939507 1.3230652831749052 1.41529804184549
77 770 -0.46373718274610204 -0.18398530359417248 0.13057774735492747 0.4823300670019015 0.4946672882898692 0.5841412231902492 0.7154888698033905 0.8080138865902942 0.9771425556556811 1.0485210770878621 1.2006240991939507 1.3230652831749052 1.41529804184549
78 780 -0.46373718274610204 -0.18398530359417248 0.13057774735492747 0.4823300670019015 0.4946672882898692 0.5841412231902492 0.7154888698033905 0.8080138865902942 0.9771425556556811 1.0485210770878621 1.2006240991939507 1.3230652831749052 1.41529804184549
79 790 -0.46373718274610204 -0.18398530359417248 0.13057774735492747 0.4823300670019015 0.4946672882898692 0.5841412231902492 0.7154888698033905 0.8080138865902942 0.9771425556556811 1.0485210770878621 1.2006240991939507 1.3230652831749052 1.41529804184549
80 800 -0.46373718274610204 -0.18398530359417248 0.13057774735492747 0.4823300670019015 0.4946672882898692 0.5841412231902492 0.7154888698033905 0.8080138865902942 0.9771425556556811 1.0485210770878621 1.2006240991939507 1.3230652831749052 1.41529804184549
81 810 -0.46373718274610204 -0.18398530359417248 0.13057774735492747 0.4823300670019015 0.4946672882898692 0.5841412231902492 0.7154888698033905 0.8080138865902942 0.9771425556556811 1.0485210770878621 1.2006240991939507 1.3230652831749052 1.41529804184549
82 820 -0.41668842110262194 -0.19640048646251768 0.1289800254452321 0.5401558772734216 0.43730814353497316 0.5860259584496598 0.6671450908660976 0.8185849856259566 0.970453115911403 1.017438022754074 1.1436815483637575 1.4018709876613011 1.4491245916828912
83 830 -0.41668842110262194 -0.19640048646251768 0.1289800254452321 0.5401558772734216 0.43730814353497316 0.5860259584496598 0.6671450908660976 0.8185849856259566 0.970453115911403 1.017438022754074 1.1436815483637575 1.4018709876613011 1.4491245916828912
84 840 -0.41668842110262194 -0.19640048646251768 0.1289800254452321 0.5401558772734216 0.43730814353497316 0.5860259584496598 0.6671450908660976 0.8185849856259566 0.970453115911403 1.017438022754074 1.1436815483637575 1.4018709876613011 1.4491245916828912
85 850 -0.41668842110262194 -0.19640048646251768 0.1289800254452321 0.5401558772734216 0.43730814353497316 0.5860259584496598 0.6671450908660976 0.8185849856259566 0.970453115911403 1.017438022754074 1.1436815483637575 1.4018709876613011 1.4491245916828912
86 860 -0.41668842110262194 -0.19640048646251768 0.1289800254452321 0.5401558772734216 0.43730814353497316 0.5860259584496598 0.6671450908660976 0.8185849856259566 0.970453115911403 1.017438022754074 1.1436815483637575 1.4018709876613011 1.4491245916828912
87 870 -0.41668842110262194 -0.19640048646251768 0.1289800254452321 0.5401558772734216 0.43730814353497316 0.5860259584496598 0.6671450908660976 0.8185849856259566 0.970453115911403 1.017438022754074 1.1436815483637575 1.4018709876613011 1.4491245916828912
88 880 -0.41668842110262194 -0.19640048646251768 0.1289800254452321 0.5401558772734216 0.43730814353497316 0.5860259584496598 0.6671450908660976 0.8185849856259566 0.970453115911403 1.017438022754074 1.1436815483637575 1.4018709876613011 1.4491245916828912
89 890 -0.41668842110262194 -0.19640048646251768 0.1289800254452321 0.5401558772734216 0.43730814353497316 0.5860259584496598 0.6671450908660976 0.8185849856259566 0.970453115911403 1.017438022754074 1.1436815483637575 1.4018709876613011 1.4491245916828912
90 900 -0.41668842110262194 -0.19640048646251768 0.1289800254452321 0.5401558772734216 0.43730814353497316 0.5860259584496598 0.6671450908660976 0.8185849856259566 0.970453115911403 1.017438022754074 1.1436815483637575 1.4018709876613011 1.4491245916828912
91 910 -0.39528542170060793 -0.17425544264441262 0.18940997281111827 0.567622870823739 0.3116253510519332 0.6084440088747303 0.6548791403255196 0.8888014014486817 0.924973354484908 1.0217267181129481 1.2079992281475553 1.2908668701759913 1.5128616275983748
92 920 -0.39528542170060793 -0.17425544264441262 0.18940997281111827 0.567622870823739 0.3116253510519332 0.6084440088747303 0.6548791403255196 0.8888014014486817 0.924973354484908 1.0217267181129481 1.2079992281475553 1.2908668701759913 1.5128616275983748
93 930 -0.39528542170060793 -0.17425544264441262 0.18940997281111827 0.567622870823739 0.3116253510519332 0.6084440088747303 0.6548791403255196 0.8888014014486817 0.924973354484908 1.0217267181129481 1.2079992281475553 1.2908668701759913 1.5128616275983748
94 940 -0.39528542170060793 -0.17425544264441262 0.18940997281111827 0.567622870823739 0.3116253510519332 0.6084440088747303 0.6548791403255196 0.8888014014486817 0.924973354484908 1.0217267181129481 1.2079992281475553 1.2908668701759913 1.5128616275983748
95 950 -0.39528542170060793 -0.17425544264441262 0.18940997281111827 0.567622870823739 0.3116253510519332 0.6084440088747303 0.6548791403255196 0.8888014014486817 0.924973354484908 1.0217267181129481 1.2079992281475553 1.2908668701759913 1.5128616275983748
96 960 -0.39528542170060793 -0.17425544264441262 0.18940997281111827 0.567622870823739 0.3116253510519332 0.6084440088747303 0.6548791403255196 0.8888014014486817 0.924973354484908 1.0217267181129481 1.2079992281475553 1.2908668701759913 1.5128616275983748
97 970 -0.39528542170060793 -0.17425544264441262 0.18940997281111827 0.567622870823739 0.3116253510519332 0.6084440088747303 0.6548791403255196 0.8888014014486817 0.924973354484908 1.0217267181129481 1.2079992281475553 1.2908668701759913 1.5128616275983748
98 980 -0.39528542170060793 -0.17425544264441262 0.18940997281111827 0.567622870823739 0.3116253510519332 0.6084440088747303 0.6548791403255196 0.8888014014486817 0.924973354484908 1.0217267181129481 1.2079992281475553 1.2908668701759913 1.5128616275983748
99 990 -0.39528542170060793 -0.17425544264441262 0.18940997281111827 0.567622870823739 0.3116253510519332 0.6084440088747303 0.6548791403255196 0.8888014014486817 0.924973354484908 1.0217267181129481 1.2079992281475553 1.2908668701759913 1.5128616275983748
100 1000 -0.5069851923632888 -0.1751906935185219 0.13280111511528286 0.5528604986840923 0.31234449548218174 0.5363626706699552 0.5853024034416897 0.839040112489429 0.9014362113580953 1.0705629233570257 1.2251634233333022 1.3538477916452987 1.5084983642622478
101 1010 -0.5069851923632888 -0.1751906935185219 0.13280111511528286 0.5528604986840923 0.31234449548218174 0.5363626706699552 0.5853024034416897 0.839040112489429 0.9014362113580953 1.0705629233570257 1.2251634233333022 1.3538477916452987 1.5084983642622478
102 1020 -0.5069851923632888 -0.1751906935185219 0.13280111511528286 0.5528604986840923 0.31234449548218174 0.5363626706699552 0.5853024034416897 0.839040112489429 0.9014362113580953 1.0705629233570257 1.2251634233333022 1.3538477916452987 1.5084983642622478
103 1030 -0.5069851923632888 -0.1751906935185219 0.13280111511528286 0.5528604986840923 0.31234449548218174 0.5363626706699552 0.5853024034416897 0.839040112489429 0.9014362113580953 1.0705629233570257 1.2251634233333022 1.3538477916452987 1.5084983642622478
104 1040 -0.5069851923632888 -0.1751906935185219 0.13280111511528286 0.5528604986840923 0.31234449548218174 0.5363626706699552 0.5853024034416897 0.839040112489429 0.9014362113580953 1.0705629233570257 1.2251634233333022 1.3538477916452987 1.5084983642622478
105 1050 -0.5069851923632888 -0.1751906935185219 0.13280111511528286 0.5528604986840923 0.31234449548218174 0.5363626706699552 0.5853024034416897 0.839040112489429 0.9014362113580953 1.0705629233570257 1.2251634233333022 1.3538477916452987 1.5084983642622478
106 1060 -0.5069851923632888 -0.1751906935185219 0.13280111511528286 0.5528604986840923 0.31234449548218174 0.5363626706699552 0.5853024034416897 0.839040112489429 0.9014362113580953 1.0705629233570257 1.2251634233333022 1.3538477916452987 1.5084983642622478
107 1070 -0.5069851923632888 -0.1751906935185219 0.13280111511528286 0.5528604986840923 0.31234449548218174 0.5363626706699552 0.5853024034416897 0.839040112489429 0.9014362113580953 1.0705629233570257 1.2251634233333022 1.3538477916452987 1.5084983642622478
108 1080 -0.5069851923632888 -0.1751906935185219 0.13280111511528286 0.5528604986840923 0.31234449548218174 0.5363626706699552 0.5853024034416897 0.839040112489429 0.9014362113580953 1.0705629233570257 1.2251634233333022 1.3538477916452987 1.5084983642622478
109 1090 -0.4840743027748533 -0.1925193026961174 0.13225987734489697 0.5664963710428945 0.2960915211113552 0.5632640695177429 0.619510548062385 0.7712566385134265 0.8910733368418898 1.0659285989241913 1.1101589453629734 1.4056967532184377 1.5740970624111374
110 1100 -0.4840743027748533 -0.1925193026961174 0.13225987734489697 0.5664963710428945 0.2960915211113552 0.5632640695177429 0.619510548062385 0.7712566385134265 0.8910733368418898 1.0659285989241913 1.1101589453629734 1.4056967532184377 1.5740970624111374
111 1110 -0.4840743027748533 -0.1925193026961174 0.13225987734489697 0.5664963710428945 0.2960915211113552 0.5632640695177429 0.619510548062385 0.7712566385134265 0.8910733368418898 1.0659285989241913 1.1101589453629734 1.4056967532184377 1.5740970624111374
112 1120 -0.4840743027748533 -0.1925193026961174 0.13225987734489697 0.5664963710428945 0.2960915211113552 0.5632640695177429 0.619510548062385 0.7712566385134265 0.8910733368418898 1.0659285989241913 1.1101589453629734 1.4056967532184377 1.5740970624111374
113 1130 -0.4840743027748533 -0.1925193026961174 0.13225987734489697 0.5664963710428945 0.2960915211113552 0.5632640695177429 0.619510548062385 0.7712566385134265 0.8910733368418898 1.0659285989241913 1.1101589453629734 1.4056967532184377 1.5740970624111374
114 1140 -0.4840743027748533 -0.1925193026961174 0.13225987734489697 0.5664963710428945 0.2960915211113552 0.5632640695177429 0.619510548062385 0.7712566385134265 0.8910733368418898 1.0659285989241913 1.1101589453629734 1.4056967532184377 1.5740970624111374
115 1150 -0.4840743027748533 -0.1925193026961174 0.13225987734489697 0.5664963710428945 0.2960915211113552 0.5632640695177429 0.619510548062385 0.7712566385134265 0.8910733368418898 1.0659285989241913 1.1101589453629734 1.4056967532184377 1.5740970624111374
116 1160 -0.4840743027748533 -0.1925193026961174 0.13225987734489697 0.5664963710428945 0.2960915211113552 0.5632640695177429 0.619510548062385 0.7712566385134265 0.8910733368418898 1.0659285989241913 1.1101589453629734 1.4056967532184377 1.5740970624111374
117 1170 -0.4840743027748533 -0.1925193026961174 0.13225987734489697 0.5664963710428945 0.2960915211113552 0.5632640695177429 0.619510548062385 0.7712566385134265 0.8910733368418898 1.0659285989241913 1.1101589453629734 1.4056967532184377 1.5740970624111374
118 1180 -0.4848415787915029 -0.19507678143363827 0.12562266484685997 0.5873057635100795 0.3007555826035219 0.46487479172225354 0.5579646603206126 0.7988471326012242 0.9146735384144933 1.0844922253277964 1.1729566018281374 1.4432513449342212 1.5074493361381462
119 1190 -0.4848415787915029 -0.19507678143363827 0.12562266484685997 0.5873057635100795 0.3007555826035219 0.46487479172225354 0.5579646603206126 0.7988471326012242 0.9146735384144933 1.0844922253277964 1.1729566018281374 1.4432513449342212 1.5074493361381462
120 1200 -0.4848415787915029 -0.19507678143363827 0.12562266484685997 0.5873057635100795 0.3007555826035219 0.46487479172225354 0.5579646603206126 0.7988471326012242 0.9146735384144933 1.0844922253277964 1.1729566018281374 1.4432513449342212 1.5074493361381462
121 1210 -0.4848415787915029 -0.19507678143363827 0.12562266484685997 0.5873057635100795 0.3007555826035219 0.46487479172225354 0.5579646603206126 0.7988471326012242 0.9146735384144933 1.0844922253277964 1.1729566018281374 1.4432513449342212 1.5074493361381462
122 1220 -0.4848415787915029 -0.19507678143363827 0.12562266484685997 0.5873057635100795 0.3007555826035219 0.46487479172225354 0.5579646603206126 0.7988471326012242 0.9146735384144933 1.0844922253277964 1.1729566018281374 1.4432513449342212 1.5074493361381462
123 1230 -0.4848415787915029 -0.19507678143363827 0.12562266484685997 0.5873057635100795 0.3007555826035219 0.46487479172225354 0.5579646603206126 0.7988471326012242 0.9146735384144933 1.0844922253277964 1.1729566018281374 1.4432513449342212 1.5074493361381462
124 1240 -0.4848415787915029 -0.19507678143363827 0.12562266484685997 0.5873057635100795 0.3007555826035219 0.46487479172225354 0.5579646603206126 0.7988471326012242 0.9146735384144933 1.0844922253277964 1.1729566018281374 1.4432513449342212 1.5074493361381462
125 1250 -0.4848415787915029 -0.19507678143363827 0.12562266484685997 0.5873057635100795 0.3007555826035219 0.46487479172225354 0.5579646603206126 0.7988471326012242 0.9146735384144933 1.0844922253277964 1.1729566018281374 1.4432513449342212 1.5074493361381462
126 1260 -0.4848415787915029 -0.19507678143363827 0.12562266484685997 0.5873057635100795 0.3007555826035219 0.46487479172225354 0.5579646603206126 0.7988471326012242 0.9146735384144933 1.0844922253277964 1.1729566018281374 1.4432513449342212 1.5074493361381462
127 1270 -0.45424897512944457 -0.20784341286737412 0.20416111496523132 0.6563169070255492 0.3078642506509494 0.4072236847007196 0.5243965554973878 0.8187477244471264 0.9104468920058107 1.1000803132043973 1.146590151646696 1.421846378901966 1.5551985565747781
128 1280 -0.45424897512944457 -0.20784341286737412 0.20416111496523132 0.6563169070255492 0.3078642506509494 0.4072236847007196 0.5243965554973878 0.8187477244471264 0.9104468920058107 1.1000803132043973 1.146590151646696 1.421846378901966 1.5551985565747781
129 1290 -0.45424897512944457 -0.20784341286737412 0.20416111496523132 0.6563169070255492 0.3078642506509494 0.4072236847007196 0.5243965554973878 0.8187477244471264 0.9104468920058107 1.1000803132043973 1.146590151646696 1.421846378901966 1.5551985565747781
130 1300 -0.45424897512944457 -0.20784341286737412 0.20416111496523132 0.6563169070255492 0.3078642506509494 0.4072236847007196 0.5243965554973878 0.8187477244471264 0.9104468920058107 1.1000803132043973 1.146590151646696 1.421846378901966 1.5551985565747781
131 1310 -0.45424897512944457 -0.20784341286737412 0.20416111496523132 0.6563169070255492 0.3078642506509494 0.4072236847007196 0.5243965554973878 0.8187477244471264 0.9104468920058107 1.1000803132043973 1.146590151646696 1.421846378901966 1.5551985565747781
132 1320 -0.45424897512944457 -0.20784341286737412 0.20416111496523132 0.6563169070255492 0.3078642506509494 0.4072236847007196 0.5243965554973878 0.8187477244471264 0.9104468920058107 1.1000803132043973 1.146590151646696 1.421846378901966 1.5551985565747781
133 1330 -0.45424897512944457 -0.20784341286737412 0.20416111496523132 0.6563169070255492 0.3078642506509494 0.4072236847007196 0.5243965554973878 0.8187477244471264 0.9104468920058107 1.1000803132043973 1.146590151646696 1.421846378901966 1.5551985565747781
134 1340 -0.45424897512944457 -0.20784341286737412 0.20416111496523132 0.6563169070255492 0.3078642506509494 0.4072236847007196 0.5243965554973878 0.8187477244471264 0.9104468920058107 1.1000803132043973 1.146590151646696 1.421846378901966 1.5551985565747781
135 1350 -0.45424897512944457 -0.20784341286737412 0.20416111496523132 0.6563169070255492 0.3078642506509494 0.4072236847007196 0.5243965554973878 0.8187477244471264 0.9104468920058107 1.1000803132043973 1.146590151646696 1.421846378901966 1.5551985565747781
136 1360 -0.4678520060808316 -0.22855617624560753 0.16813406137261344 0.5706233874739003 0.28723602353947914 0.3805016772694721 0.4974182037442391 0.797498792269912 0.8656504303154232 1.1636081140130545 1.2273493736660723 1.3646206802180514 1.5547907096675933
137 1370 -0.4678520060808316 -0.22855617624560753 0.16813406137261344 0.5706233874739003 0.28723602353947914 0.3805016772694721 0.4974182037442391 0.797498792269912 0.8656504303154232 1.1636081140130545 1.2273493736660723 1.3646206802180514 1.5547907096675933
138 1380 -0.4678520060808316 -0.22855617624560753 0.16813406137261344 0.5706233874739003 0.28723602353947914 0.3805016772694721 0.4974182037442391 0.797498792269912 0.8656504303154232 1.1636081140130545 1.2273493736660723 1.3646206802180514 1.5547907096675933
139 1390 -0.4678520060808316 -0.22855617624560753 0.16813406137261344 0.5706233874739003 0.28723602353947914 0.3805016772694721 0.4974182037442391 0.797498792269912 0.8656504303154232 1.1636081140130545 1.2273493736660723 1.3646206802180514 1.5547907096675933
140 1400 -0.4678520060808316 -0.22855617624560753 0.16813406137261344 0.5706233874739003 0.28723602353947914 0.3805016772694721 0.4974182037442391 0.797498792269912 0.8656504303154232 1.1636081140130545 1.2273493736660723 1.3646206802180514 1.5547907096675933
141 1410 -0.4678520060808316 -0.22855617624560753 0.16813406137261344 0.5706233874739003 0.28723602353947914 0.3805016772694721 0.4974182037442391 0.797498792269912 0.8656504303154232 1.1636081140130545 1.2273493736660723 1.3646206802180514 1.5547907096675933
142 1420 -0.4678520060808316 -0.22855617624560753 0.16813406137261344 0.5706233874739003 0.28723602353947914 0.3805016772694721 0.4974182037442391 0.797498792269912 0.8656504303154232 1.1636081140130545 1.2273493736660723 1.3646206802180514 1.5547907096675933
143 1430 -0.4678520060808316 -0.22855617624560753 0.16813406137261344 0.5706233874739003 0.28723602353947914 0.3805016772694721 0.4974182037442391 0.797498792269912 0.8656504303154232 1.1636081140130545 1.2273493736660723 1.3646206802180514 1.5547907096675933
144 1440 -0.4678520060808316 -0.22855617624560753 0.16813406137261344 0.5706233874739003 0.28723602353947914 0.3805016772694721 0.4974182037442391 0.797498792269912 0.8656504303154232 1.1636081140130545 1.2273493736660723 1.3646206802180514 1.5547907096675933
145 1450 -0.47807483638546466 -0.20211700285635176 0.21815572285470633 0.6463139685223704 0.2569758593162815 0.3756582167284445 0.4768185993524947 0.7470620727030597 0.8999235253676288 1.1387628132925551 1.1894428153587937 1.3684703752812857 1.616557490253275
146 1460 -0.47807483638546466 -0.20211700285635176 0.21815572285470633 0.6463139685223704 0.2569758593162815 0.3756582167284445 0.4768185993524947 0.7470620727030597 0.8999235253676288 1.1387628132925551 1.1894428153587937 1.3684703752812857 1.616557490253275
147 1470 -0.47807483638546466 -0.20211700285635176 0.21815572285470633 0.6463139685223704 0.2569758593162815 0.3756582167284445 0.4768185993524947 0.7470620727030597 0.8999235253676288 1.1387628132925551 1.1894428153587937 1.3684703752812857 1.616557490253275
148 1480 -0.47807483638546466 -0.20211700285635176 0.21815572285470633 0.6463139685223704 0.2569758593162815 0.3756582167284445 0.4768185993524947 0.7470620727030597 0.8999235253676288 1.1387628132925551 1.1894428153587937 1.3684703752812857 1.616557490253275
149 1490 -0.47807483638546466 -0.20211700285635176 0.21815572285470633 0.6463139685223704 0.2569758593162815 0.3756582167284445 0.4768185993524947 0.7470620727030597 0.8999235253676288 1.1387628132925551 1.1894428153587937 1.3684703752812857 1.616557490253275
150 1500 -0.47807483638546466 -0.20211700285635176 0.21815572285470633 0.6463139685223704 0.2569758593162815 0.3756582167284445 0.4768185993524947 0.7470620727030597 0.8999235253676288 1.1387628132925551 1.1894428153587937 1.3684703752812857 1.616557490253275
151 1510 -0.47807483638546466 -0.20211700285635176 0.21815572285470633 0.6463139685223704 0.2569758593162815 0.3756582167284445 0.4768185993524947 0.7470620727030597 0.8999235253676288 1.1387628132925551 1.1894428153587937 1.3684703752812857 1.616557490253275
152 1520 -0.47807483638546466 -0.20211700285635176 0.21815572285470633 0.6463139685223704 0.2569758593162815 0.3756582167284445 0.4768185993524947 0.7470620727030597 0.8999235253676288 1.1387628132925551 1.1894428153587937 1.3684703752812857 1.616557490253275
153 1530 -0.47807483638546466 -0.20211700285635176 0.21815572285470633 0.6463139685223704 0.2569758593162815 0.3756582167284445 0.4768185993524947 0.7470620727030597 0.8999235253676288 1.1387628132925551 1.1894428153587937 1.3684703752812857 1.616557490253275
154 1540 -0.5258606769027947 -0.19836738733821419 0.13358623724137844 0.6704044571656238 0.1786496492510328 0.3527973109635913 0.5010289254555438 0.759321100741061 0.9185742727795665 1.1536808713505617 1.2543455140438418 1.2976575599885474 1.60747123859046
155 1550 -0.5258606769027947 -0.19836738733821419 0.13358623724137844 0.6704044571656238 0.1786496492510328 0.3527973109635913 0.5010289254555438 0.759321100741061 0.9185742727795665 1.1536808713505617 1.2543455140438418 1.2976575599885474 1.60747123859046
156 1560 -0.5258606769027947 -0.19836738733821419 0.13358623724137844 0.6704044571656238 0.1786496492510328 0.3527973109635913 0.5010289254555438 0.759321100741061 0.9185742727795665 1.1536808713505617 1.2543455140438418 1.2976575599885474 1.60747123859046
157 1570 -0.5258606769027947 -0.19836738733821419 0.13358623724137844 0.6704044571656238 0.1786496492510328 0.3527973109635913 0.5010289254555438 0.759321100741061 0.9185742727795665 1.1536808713505617 1.2543455140438418 1.2976575599885474 1.60747123859046
158 1580 -0.5258606769027947 -0.19836738733821419 0.13358623724137844 0.6704044571656238 0.1786496492510328 0.3527973109635913 0.5010289254555438 0.759321100741061 0.9185742727795665 1.1536808713505617 1.2543455140438418 1.2976575599885474 1.60747123859046
159 1590 -0.5258606769027947 -0.19836738733821419 0.13358623724137844 0.6704044571656238 0.1786496492510328 0.3527973109635913 0.5010289254555438 0.759321100741061 0.9185742727795665 1.1536808713505617 1.2543455140438418 1.2976575599885474 1.60747123859046
160 1600 -0.5258606769027947 -0.19836738733821419 0.13358623724137844 0.6704044571656238 0.1786496492510328 0.3527973109635913 0.5010289254555438 0.759321100741061 0.9185742727795665 1.1536808713505617 1.2543455140438418 1.2976575599885474 1.60747123859046
161 1610 -0.5258606769027947 -0.19836738733821419 0.13358623724137844 0.6704044571656238 0.1786496492510328 0.3527973109635913 0.5010289254555438 0.759321100741061 0.9185742727795665 1.1536808713505617 1.2543455140438418 1.2976575599885474 1.60747123859046
162 1620 -0.5258606769027947 -0.19836738733821419 0.13358623724137844 0.6704044571656238 0.1786496492510328 0.3527973109635913 0.5010289254555438 0.759321100741061 0.9185742727795665 1.1536808713505617 1.2543455140438418 1.2976575599885474 1.60747123859046
163 1630 -0.5653307989560559 -0.2345953911206293 0.20252397512179363 0.7243489937336208 0.1773686958758998 0.37046173481704914 0.469167660372189 0.7122373608233983 0.9315873945775336 1.083840899645624 1.1431233934092635 1.325856998472193 1.7310990886226696
164 1640 -0.5653307989560559 -0.2345953911206293 0.20252397512179363 0.7243489937336208 0.1773686958758998 0.37046173481704914 0.469167660372189 0.7122373608233983 0.9315873945775336 1.083840899645624 1.1431233934092635 1.325856998472193 1.7310990886226696
165 1650 -0.5653307989560559 -0.2345953911206293 0.20252397512179363 0.7243489937336208 0.1773686958758998 0.37046173481704914 0.469167660372189 0.7122373608233983 0.9315873945775336 1.083840899645624 1.1431233934092635 1.325856998472193 1.7310990886226696
166 1660 -0.5653307989560559 -0.2345953911206293 0.20252397512179363 0.7243489937336208 0.1773686958758998 0.37046173481704914 0.469167660372189 0.7122373608233983 0.9315873945775336 1.083840899645624 1.1431233934092635 1.325856998472193 1.7310990886226696
167 1670 -0.5653307989560559 -0.2345953911206293 0.20252397512179363 0.7243489937336208 0.1773686958758998 0.37046173481704914 0.469167660372189 0.7122373608233983 0.9315873945775336 1.083840899645624 1.1431233934092635 1.325856998472193 1.7310990886226696
168 1680 -0.5653307989560559 -0.2345953911206293 0.20252397512179363 0.7243489937336208 0.1773686958758998 0.37046173481704914 0.469167660372189 0.7122373608233983 0.9315873945775336 1.083840899645624 1.1431233934092635 1.325856998472193 1.7310990886226696
169 1690 -0.5653307989560559 -0.2345953911206293 0.20252397512179363 0.7243489937336208 0.1773686958758998 0.37046173481704914 0.469167660372189 0.7122373608233983 0.9315873945775336 1.083840899645624 1.1431233934092635 1.325856998472193 1.7310990886226696
170 1700 -0.5653307989560559 -0.2345953911206293 0.20252397512179363 0.7243489937336208 0.1773686958758998 0.37046173481704914 0.469167660372189 0.7122373608233983 0.9315873945775336 1.083840899645624 1.1431233934092635 1.325856998472193 1.7310990886226696
171 1710 -0.5653307989560559 -0.2345953911206293 0.20252397512179363 0.7243489937336208 0.1773686958758998 0.37046173481704914 0.469167660372189 0.7122373608233983 0.9315873945775336 1.083840899645624 1.1431233934092635 1.325856998472193 1.7310990886226696
172 1720 -0.5492338634744494 -0.2659499120630192 0.22120442518875344 0.656118590657466 0.22308402800604338 0.4281488757756589 0.4980170867995148 0.7403377193780242 0.9072351508410451 1.1186839224236949 1.2079666534279443 1.2523224501380525 1.693746382141667
173 1730 -0.5492338634744494 -0.2659499120630192 0.22120442518875344 0.656118590657466 0.22308402800604338 0.4281488757756589 0.4980170867995148 0.7403377193780242 0.9072351508410451 1.1186839224236949 1.2079666534279443 1.2523224501380525 1.693746382141667
174 1740 -0.5492338634744494 -0.2659499120630192 0.22120442518875344 0.656118590657466 0.22308402800604338 0.4281488757756589 0.4980170867995148 0.7403377193780242 0.9072351508410451 1.1186839224236949 1.2079666534279443 1.2523224501380525 1.693746382141667
175 1750 -0.5492338634744494 -0.2659499120630192 0.22120442518875344 0.656118590657466 0.22308402800604338 0.4281488757756589 0.4980170867995148 0.7403377193780242 0.9072351508410451 1.1186839224236949 1.2079666534279443 1.2523224501380525 1.693746382141667
176 1760 -0.5492338634744494 -0.2659499120630192 0.22120442518875344 0.656118590657466 0.22308402800604338 0.4281488757756589 0.4980170867995148 0.7403377193780242 0.9072351508410451 1.1186839224236949 1.2079666534279443 1.2523224501380525 1.693746382141667
177 1770 -0.5492338634744494 -0.2659499120630192 0.22120442518875344 0.656118590657466 0.22308402800604338 0.4281488757756589 0.4980170867995148 0.7403377193780242 0.9072351508410451 1.1186839224236949 1.2079666534279443 1.2523224501380525 1.693746382141667
178 1780 -0.5492338634744494 -0.2659499120630192 0.22120442518875344 0.656118590657466 0.22308402800604338 0.4281488757756589 0.4980170867995148 0.7403377193780242 0.9072351508410451 1.1186839224236949 1.2079666534279443 1.2523224501380525 1.693746382141667
179 1790 -0.5492338634744494 -0.2659499120630192 0.22120442518875344 0.656118590657466 0.22308402800604338 0.4281488757756589 0.4980170867995148 0.7403377193780242 0.9072351508410451 1.1186839224236949 1.2079666534279443 1.2523224501380525 1.693746382141667
180 1800 -0.5492338634744494 -0.2659499120630192 0.22120442518875344 0.656118590657466 0.22308402800604338 0.4281488757756589 0.4980170867995148 0.7403377193780242 0.9072351508410451 1.1186839224236949 1.2079666534279443 1.2523224501380525 1.693746382141667
181 1810 -0.5331928303053047 -0.30586158884572456 0.21246690264103152 0.6273294456078111 0.20284364187063572 0.44743715029482545 0.5341953842779573 0.6662486368025589 0.8490382360039533 1.1640495853732615 1.2210955819685292 1.2920642189451137 1.6712333078531805
182 1820 -0.5331928303053047 -0.30586158884572456 0.21246690264103152 0.6273294456078111 0.20284364187063572 0.44743715029482545 0.5341953842779573 0.6662486368025589 0.8490382360039533 1.1640495853732615 1.2210955819685292 1.2920642189451137 1.6712333078531805
183 1830 -0.5331928303053047 -0.30586158884572456 0.21246690264103152 0.6273294456078111 0.20284364187063572 0.44743715029482545 0.5341953842779573 0.6662486368025589 0.8490382360039533 1.1640495853732615 1.2210955819685292 1.2920642189451137 1.6712333078531805
184 1840 -0.5331928303053047 -0.30586158884572456 0.21246690264103152 0.6273294456078111 0.20284364187063572 0.44743715029482545 0.5341953842779573 0.6662486368025589 0.8490382360039533 1.1640495853732615 1.2210955819685292 1.2920642189451137 1.6712333078531805
185 1850 -0.5331928303053047 -0.30586158884572456 0.21246690264103152 0.6273294456078111 0.20284364187063572 0.44743715029482545 0.5341953842779573 0.6662486368025589 0.8490382360039533 1.1640495853732615 1.2210955819685292 1.2920642189451137 1.6712333078531805
186 1860 -0.5331928303053047 -0.30586158884572456 0.21246690264103152 0.6273294456078111 0.20284364187063572 0.44743715029482545 0.5341953842779573 0.6662486368025589 0.8490382360039533 1.1640495853732615 1.2210955819685292 1.2920642189451137 1.6712333078531805
187 1870 -0.5331928303053047 -0.30586158884572456 0.21246690264103152 0.6273294456078111 0.20284364187063572 0.44743715029482545 0.5341953842779573 0.6662486368025589 0.8490382360039533 1.1640495853732615 1.2210955819685292 1.2920642189451137 1.6712333078531805
188 1880 -0.5331928303053047 -0.30586158884572456 0.21246690264103152 0.6273294456078111 0.20284364187063572 0.44743715029482545 0.5341953842779573 0.6662486368025589 0.8490382360039533 1.1640495853732615 1.2210955819685292 1.2920642189451137 1.6712333078531805
189 1890 -0.5331928303053047 -0.30586158884572456 0.21246690264103152 0.6273294456078111 0.20284364187063572 0.44743715029482545 0.5341953842779573 0.6662486368025589 0.8490382360039533 1.1640495853732615 1.2210955819685292 1.2920642189451137 1.6712333078531805
190 1900 -0.7108793128756581 -0.27997759606498307 0.26071012989760656 0.632495992707955 0.1848076508648257 0.4019844765759966 0.5227990330876227 0.6567540738584196 0.847562328257237 0.9472060303521606 1.2252195254668992 1.3597661942683807 1.7702885971982045
191 1910 -0.7108793128756581 -0.27997759606498307 0.26071012989760656 0.632495992707955 0.1848076508648257 0.4019844765759966 0.5227990330876227 0.6567540738584196 0.847562328257237 0.9472060303521606 1.2252195254668992 1.3597661942683807 1.7702885971982045
192 1920 -0.7108793128756581 -0.27997759606498307 0.26071012989760656 0.632495992707955 0.1848076508648257 0.4019844765759966 0.5227990330876227 0.6567540738584196 0.847562328257237 0.9472060303521606 1.2252195254668992 1.3597661942683807 1.7702885971982045
193 1930 -0.7108793128756581 -0.27997759606498307 0.26071012989760656 0.632495992707955 0.1848076508648257 0.4019844765759966 0.5227990330876227 0.6567540738584196 0.847562328257237 0.9472060303521606 1.2252195254668992 1.3597661942683807 1.7702885971982045
194 1940 -0.7108793128756581 -0.27997759606498307 0.26071012989760656 0.632495992707955 0.1848076508648257 0.4019844765759966 0.5227990330876227 0.6567540738584196 0.847562328257237 0.9472060303521606 1.2252195254668992 1.3597661942683807 1.7702885971982045
195 1950 -0.7108793128756581 -0.27997759606498307 0.26071012989760656 0.632495992707955 0.1848076508648257 0.4019844765759966 0.5227990330876227 0.6567540738584196 0.847562328257237 0.9472060303521606 1.2252195254668992 1.3597661942683807 1.7702885971982045
196 1960 -0.7108793128756581 -0.27997759606498307 0.26071012989760656 0.632495992707955 0.1848076508648257 0.4019844765759966 0.5227990330876227 0.6567540738584196 0.847562328257237 0.9472060303521606 1.2252195254668992 1.3597661942683807 1.7702885971982045
197 1970 -0.7108793128756581 -0.27997759606498307 0.26071012989760656 0.632495992707955 0.1848076508648257 0.4019844765759966 0.5227990330876227 0.6567540738584196 0.847562328257237 0.9472060303521606 1.2252195254668992 1.3597661942683807 1.7702885971982045
198 1980 -0.7108793128756581 -0.27997759606498307 0.26071012989760656 0.632495992707955 0.1848076508648257 0.4019844765759966 0.5227990330876227 0.6567540738584196 0.847562328257237 0.9472060303521606 1.2252195254668992 1.3597661942683807 1.7702885971982045
199 1990 -0.727111990076289 -0.3376719294005639 0.2775608231170786 0.6068941127372196 0.19090406472340662 0.4134049945858102 0.5288523152823777 0.6633745120728354 0.7726493783084727 0.9323898241206695 1.1744003483983196 1.3582425536502392 1.8391640968351697
200 2000 -0.727111990076289 -0.3376719294005639 0.2775608231170786 0.6068941127372196 0.19090406472340662 0.4134049945858102 0.5288523152823777 0.6633745120728354 0.7726493783084727 0.9323898241206695 1.1744003483983196 1.3582425536502392 1.8391640968351697
