% # columns="iteration, evaluation, sigma, max axis length,  min axis length, all principal axes lengths  (sorted square roots of eigenvalues of C)", seed=160723, Tue Feb 21 18:30:06 2023
1 10 0.09981178928170424 1.0000444454321133 1.0 1.0 1.0000055555709877 1.0000111111728396 1.0000166668055563 1.0000222224691375 1.0000277781635838 1.0000333338888951 1.0000388896450716 1.0000444454321133
2 20 0.10658035450468001 1.1642959852880144 0.8794675190382076 0.8794675190382076 0.9580329171414782 0.9780479393567578 0.9952664750917477 0.9994343718664516 1.0000335179831175 1.0043582994555735 1.0412022535593057 1.1642959852880144
3 30 0.10180457290900644 1.2657122283411204 0.8653450018112612 0.8653450018112612 0.8980597117711023 0.9563198020115247 0.9790977878374929 0.9957535141172988 1.0038954976689456 1.0169571334100833 1.0260768440337287 1.2657122283411204
4 40 0.09856848550967381 1.2751412621674625 0.8340717902116844 0.8340717902116844 0.8901248121106475 0.9406087924984907 0.9634321657916242 0.9758334377435087 1.0043559453317423 1.0176612155287932 1.0720326645829554 1.2751412621674625
5 50 0.0974447637852446 1.2761455502696837 0.7856494958590173 0.7856494958590173 0.9090216750135051 0.9249394605064327 0.9630800933565619 0.9820955302966081 0.9937072714945544 1.0082059213339885 1.082351729374397 1.2761455502696837
6 60 0.1064196679160303 1.2729917083200983 0.8232411507297723 0.8232411507297723 0.8756266843883924 0.9093145553138338 0.9451758980589802 0.9582920174367638 0.9829647601774941 1.0298363221994737 1.0844290995240755 1.2729917083200983
7 70 0.10806903618555581 1.334515760383371 0.8425515637503659 0.8425515637503659 0.8653411982342623 0.9007762949031277 0.9144360676967994 0.9555587422151843 0.9849728880604156 1.0549400910379196 1.084478551229695 1.334515760383371
8 80 0.11485573967675748 1.3494881104974705 0.8184580505127171 0.8184580505127171 0.8611171483321965 0.882534594349512 0.9207807567580828 0.9480974660999077 0.9747942226133839 1.0422492511407218 1.0946813158860715 1.3494881104974705
9 90 0.11767200148936043 1.3295078745057636 0.7826694988685184 0.7826694988685184 0.8402190840307152 0.8833323014354234 0.9197734340289588 0.9473875477964588 0.9810809106330549 1.055105973444828 1.1755843571341227 1.3295078745057636
10 100 0.13158737956969063 1.332634448272494 0.757861119200295 0.757861119200295 0.8299614613899742 0.8860859724309094 0.9084209229183449 0.9543839792776442 0.9750095266201977 1.054437210870269 1.1897957505720456 1.332634448272494
11 110 0.1429864172055472 1.3423253567665672 0.7345405009690836 0.7345405009690836 0.8384004272486774 0.8818344835321238 0.8971114211475505 0.9588785581783481 1.015860044557075 1.0909211755020132 1.1824060811336308 1.3423253567665672
12 120 0.15872467777269494 1.3253472798867922 0.7222082270439997 0.7222082270439997 0.8332120571922773 0.881480328099015 0.903455301503571 0.9496435582892003 1.0198344719226193 1.0540974934099334 1.2133490697642606 1.3253472798867922
13 130 0.17286417233525186 1.4263267961772446 0.726919709744419 0.726919709744419 0.8048118206459127 0.8549552565699732 0.9108351998564035 0.9422390542810878 1.0110937606958317 1.0407244048397601 1.1986272673350327 1.4263267961772446
14 140 0.17577740035221934 1.4772808997985047 0.7091585417566402 0.7091585417566402 0.7849842014725685 0.8621354849840189 0.8982363614401444 0.9430674050506014 1.0236112771577357 1.0673852536212172 1.18813584709084 1.4772808997985047
15 150 0.16784505080392265 1.5132933148750343 0.6816206527555935 0.6816206527555935 0.7794127923895905 0.8539432589872166 0.920755227737255 0.9407294925711995 1.0122713076076173 1.0378212799535385 1.1859904139707145 1.5132933148750343
16 160 0.16473932636126795 1.5373374915534535 0.6826713573867678 0.6826713573867678 0.764461640232558 0.8319681785470724 0.9058420078527601 0.9395266254553691 1.0074930440870598 1.018688294204787 1.1519404736082708 1.5373374915534535
17 170 0.16722251588758621 1.5365150519609674 0.6769518496780119 0.6769518496780119 0.7694424392551015 0.8499968963802705 0.8670082729075177 0.93357551827463 0.9915373428632825 1.0185373286960306 1.1405336267243835 1.5365150519609674
18 180 0.16549669848822318 1.513983636918308 0.6064744103736704 0.6064744103736704 0.7758343041455124 0.8542429236841925 0.8741847277925087 0.935164690374127 0.9953581147410424 1.0573455051525156 1.1368221802459686 1.513983636918308
19 190 0.15439731460140477 1.508230327794278 0.5515140922802776 0.5515140922802776 0.7581586400848009 0.8566091385279692 0.8840393706896919 0.9241994500069787 1.0320295627751936 1.1026929088092976 1.1357991828671758 1.508230327794278
20 200 0.15266289842927144 1.4897961036922558 0.5434632210461934 0.5434632210461934 0.7597951677592404 0.8358931525901235 0.8591806621866015 0.9087457065967491 1.0259534233877758 1.0919964681114755 1.1281473587936375 1.4897961036922558
21 210 0.15216027900251813 1.4602925962275266 0.5446394284628528 0.5446394284628528 0.7685582193128306 0.8263404700902112 0.8638749234852863 0.8957029693907721 1.0140935846968913 1.0479034509612797 1.1346464844438313 1.4602925962275266
22 220 0.15268035647178682 1.4304368424882445 0.5390008772971795 0.5390008772971795 0.7650718531653309 0.8458849474611434 0.8604738030438854 0.8643797297957013 1.0048776499369525 1.0330039153285018 1.121160779034992 1.4304368424882445
23 230 0.15386415698570483 1.3608457668876597 0.536817085638462 0.536817085638462 0.782880756242146 0.8446300821674897 0.8531116924715776 0.8857548285081508 1.0035361957617142 1.044304232341588 1.1030382603706026 1.3608457668876597
24 240 0.17639747609471923 1.3902901220990742 0.5315523220612447 0.5315523220612447 0.7790222672612755 0.8124003217651588 0.8572647939470774 0.8841372149568617 1.03645092127611 1.0585266059793765 1.0821754408269255 1.3902901220990742
25 250 0.19910144615930436 1.5860127294591115 0.526488928766327 0.526488928766327 0.771373569329099 0.794563742901227 0.8553306235352611 0.8694108597357094 1.0214988440036397 1.0435843874006545 1.0964738056469587 1.5860127294591115
26 260 0.2071037752901969 1.8142240400399832 0.5125785821727252 0.5125785821727252 0.7373143245495553 0.788518083345417 0.8392443097702883 0.86462640223571 1.0008260071099169 1.019619296171418 1.108513528315637 1.8142240400399832
27 270 0.2105001386494394 1.87994585985111 0.5064520156192761 0.5064520156192761 0.7156202650244008 0.7937023341193965 0.832938700011872 0.8490976605785101 0.9835721839960666 1.0160856960725468 1.105295436520727 1.87994585985111
28 280 0.2026242786346181 1.8661836356456811 0.49306032390681154 0.49306032390681154 0.7051521456578245 0.7541976928645077 0.82883629396543 0.8429804429176984 0.9807074496585999 1.0154468927590359 1.1534976236499175 1.8661836356456811
29 290 0.17603973114223573 1.89706441985766 0.4747924828094001 0.4747924828094001 0.7011902737948267 0.7865914137390159 0.8331214228010495 0.8529400824238249 0.953508942723278 0.9783848383960527 1.1413968953270304 1.89706441985766
30 300 0.1611031334661043 1.889895519378514 0.42852110323124964 0.42852110323124964 0.6916930906554218 0.7852987948207378 0.8380540624096399 0.8450233370964502 0.9397217026400586 0.9810612624630716 1.1065211333967881 1.889895519378514
31 310 0.14934722134612935 1.8785986777019155 0.4150056246628595 0.4150056246628595 0.6946281406399997 0.7808041782057417 0.8249707377842741 0.8405204721903183 0.9414171576457784 0.9699438480652425 1.0804940657769175 1.8785986777019155
32 320 0.14932262782610276 1.8027033545763835 0.41028498687576137 0.41028498687576137 0.6784348215419131 0.7742948566790006 0.8286153709577095 0.8456109948478032 0.9366913485984892 1.0012757890065869 1.059403361563028 1.8027033545763835
33 330 0.13905986079088364 1.7745255791808106 0.3970513790843163 0.3970513790843163 0.7034875555761889 0.7658526062124791 0.8061539025450092 0.8443800266244937 0.9559675120978429 1.0014851639513291 1.0920399548312045 1.7745255791808106
34 340 0.14053530960035265 1.7677756721572755 0.3812385078140104 0.3812385078140104 0.7167852483768915 0.7495759813619066 0.7983669312446573 0.8587549318307738 0.9681738318661062 1.0037839523985168 1.1013223806998702 1.7677756721572755
35 350 0.1413075746541435 1.7980172718259295 0.3697226991867115 0.3697226991867115 0.7111866326306128 0.7336453031412954 0.7888184092370227 0.8629833846634166 0.9919630336236434 1.0273009601198886 1.0836938805367922 1.7980172718259295
36 360 0.133417397531194 1.7541248786253953 0.3677454596534912 0.3677454596534912 0.7051478420950394 0.7326752906564463 0.7620180270135818 0.8538962675861821 1.0120462836403217 1.0258613344974183 1.126604135570596 1.7541248786253953
37 370 0.11736092451208947 1.7261796319917542 0.36656604672437715 0.36656604672437715 0.668949180141853 0.7331226531614431 0.7566605390631416 0.8644808891919387 1.0118085680167541 1.0227854038611663 1.1557131110258358 1.7261796319917542
38 380 0.11129036463506323 1.705083995850151 0.35667037446509453 0.35667037446509453 0.6725725007187109 0.7185108381555475 0.7609287316161027 0.8588363618145008 0.9932680040142973 1.0229798184186054 1.1166403523926685 1.705083995850151
39 390 0.11452993733841603 1.5616581193061776 0.3638195482827583 0.3638195482827583 0.6655219649058499 0.718928323863175 0.7527080718389496 0.8478432997624734 0.9768168241611511 1.0530467675133666 1.1138466946614285 1.5616581193061776
40 400 0.11927047054682548 1.5657889192174788 0.3643297301664088 0.3643297301664088 0.6660668278261472 0.7187776767062932 0.7503204360087234 0.8524296684172277 0.9516264181812651 1.0648334542133235 1.098444687171738 1.5657889192174788
41 410 0.119330191713297 1.5609265578860578 0.3669406461099876 0.3669406461099876 0.6505954250889805 0.7042926733548601 0.7409877417957581 0.8714203373222242 0.9543497882536082 1.07581346234562 1.0910642196654505 1.5609265578860578
42 420 0.12009951454203457 1.5832258059483324 0.3722042537500708 0.3722042537500708 0.6559544953056473 0.7061576526024058 0.721194038800174 0.845444379016379 0.9538887710026013 1.0368072531628691 1.0979923434081267 1.5832258059483324
43 430 0.1318745761073863 1.5576479005005286 0.3656343133952875 0.3656343133952875 0.6600381085111503 0.6815256569404001 0.766249567969885 0.8559086426003868 0.9299695511773622 1.040422012785438 1.0825694408123139 1.5576479005005286
44 440 0.13509766138662274 1.574936478179485 0.34847251706142546 0.34847251706142546 0.6515597738393525 0.6956949892410511 0.7697052041447279 0.8774136649390392 0.9273652359335012 1.0182450569236625 1.1009781018861833 1.574936478179485
45 450 0.12032709358435459 1.5411149279169725 0.3330225807028752 0.3330225807028752 0.615151788639649 0.6980309220041937 0.7843016710584509 0.8793584320968569 0.9667045669583209 1.0096315775054616 1.1045874789664103 1.5411149279169725
46 460 0.1064006461221879 1.5504309731294623 0.32387437257632545 0.32387437257632545 0.5799356356406462 0.7164878273613555 0.7504420980524555 0.8786814559114164 0.9741077264299486 1.0137258666931808 1.101363645841247 1.5504309731294623
47 470 0.09323717364219236 1.5545282269216123 0.2972509231762809 0.2972509231762809 0.5799284134419769 0.7068633818787315 0.7512817389540171 0.8583895517141108 0.9465220827382259 0.9999211348913097 1.1097171193275823 1.5545282269216123
48 480 0.08948867998650162 1.5054778007828151 0.2906121121867488 0.2906121121867488 0.5730722326086733 0.7092765053895975 0.7486786187676568 0.8458237456982071 0.9383391532615627 0.9833215755734301 1.0745035302551478 1.5054778007828151
49 490 0.08801911054063727 1.517084644918979 0.28094284288927807 0.28094284288927807 0.5600145481512521 0.7113665753881993 0.721070905031022 0.8569880876409169 0.9582100518796373 0.9888395139138605 1.0649393042736512 1.517084644918979
50 500 0.07733265188938285 1.4897199850860965 0.27863189149519757 0.27863189149519757 0.5607607901105277 0.688003279586909 0.717128567755074 0.8552645619556731 0.9416855354462217 0.9933568037635746 1.0508184516580024 1.4897199850860965
51 510 0.07107257788765102 1.4455818664657363 0.2789599833827723 0.2789599833827723 0.5612525832697849 0.6675748356917307 0.7164458582070707 0.8468946829901128 0.9257618688704268 0.9718309353075165 1.0453136569250587 1.4455818664657363
52 520 0.06831808998239951 1.5288272113175212 0.2650819730522824 0.2650819730522824 0.5258151357289373 0.663969718671729 0.7196584176494867 0.8520723307312418 0.9371047331140623 0.9716860818793288 1.04441237173573 1.5288272113175212
53 530 0.0672657073096381 1.5532328342970083 0.25456903969327255 0.25456903969327255 0.5379998162784646 0.6583256421059931 0.716516113551001 0.8562666573865305 0.9248898053217839 0.9521474585535596 1.0050819270565512 1.5532328342970083
54 540 0.06639458063631609 1.622220810901989 0.23440705236354228 0.23440705236354228 0.531105842151953 0.640139697721 0.7113022336409919 0.8499624224668599 0.9204012064321309 0.9614332934418234 1.0045555750777282 1.622220810901989
55 550 0.07189957373745393 1.608959684542116 0.22854594217991805 0.22854594217991805 0.4985613768019637 0.6369902828916719 0.7236305007032072 0.8506766119462698 0.9515121994173654 0.9555095596549352 1.0054938870298284 1.608959684542116
56 560 0.08248114707247498 1.5715202150533476 0.22438961145821376 0.22438961145821376 0.49099628274369744 0.6387558740750948 0.7292903904330501 0.8516057642672784 0.9159565372721925 1.008335768560866 1.0521202009226993 1.5715202150533476
57 570 0.0824871166241386 1.5532915168438026 0.21594233954270245 0.21594233954270245 0.5020865689603047 0.6465926245695596 0.737481445456794 0.8220160272995807 0.8608885195941235 1.008973293503671 1.1876610552529172 1.5532915168438026
58 580 0.0824445893361193 1.501584089658956 0.20853711697627517 0.20853711697627517 0.5017463063368749 0.6289471538842997 0.7366000113499681 0.8162531235644046 0.8299186847173392 1.017720966374927 1.2247397623961571 1.501584089658956
59 590 0.07699918835769425 1.5296777357672178 0.20442361492755223 0.20442361492755223 0.4979311060330577 0.6002162073851933 0.7280651892419685 0.8020640816796872 0.8223796914388495 1.0178289524735757 1.26975351693283 1.5296777357672178
60 600 0.07120166684988792 1.4781281025742072 0.20203654132855342 0.20203654132855342 0.4844063596589241 0.5996311902465359 0.7186496262230712 0.790771693753021 0.8217996307628949 1.0147023653829355 1.2983475224369394 1.4781281025742072
61 610 0.0647318437324733 1.462807429907512 0.19440010723694962 0.19440010723694962 0.4822758956972382 0.5918081801214167 0.7101816822138193 0.7943188984814178 0.8384912578914775 0.9663525475761643 1.2931875206224044 1.462807429907512
62 620 0.060776915267798645 1.4402298022852165 0.18312490869571493 0.18312490869571493 0.4840510405339616 0.5810230910336918 0.6986700640715718 0.7811695204111584 0.8456426166957461 0.9632752964361161 1.282694114488545 1.4402298022852165
63 630 0.06267866537084699 1.4193381727253025 0.17901350227808885 0.17901350227808885 0.47918403024581613 0.5802778333026072 0.6905772186838379 0.7704839232774104 0.8519896700759331 0.9540444055731869 1.2635810715967897 1.4193381727253025
64 640 0.06508926790292917 1.470321664448713 0.17483181644776025 0.17483181644776025 0.49424901141015215 0.5769567394637853 0.6722405648568262 0.7298231101449631 0.8582572059236186 0.9950251253173865 1.243967455787946 1.470321664448713
65 650 0.06423167556581123 1.4918902328278392 0.17064601710783786 0.17064601710783786 0.4732295588127739 0.5736058025201518 0.6365209553735849 0.744924102656119 0.8609696166518434 1.0377925431798452 1.240988129743851 1.4918902328278392
66 660 0.059953653091931944 1.5047474557309417 0.16518994435505913 0.16518994435505913 0.47115583968056324 0.5595713147148008 0.6226596488885057 0.7465733750326072 0.8457928459968654 1.0537788502788838 1.2483491198302303 1.5047474557309417
67 670 0.06315239630098134 1.49599599288503 0.15822475707205044 0.15822475707205044 0.4697970088757346 0.5629841116969923 0.6428632002712223 0.7306390988313489 0.8310940861774194 1.0481498480925648 1.250022841685653 1.49599599288503
68 680 0.06713574073698966 1.5455657838968442 0.1526032808436973 0.1526032808436973 0.46355003404633366 0.5654195512112832 0.6626535832722917 0.7040042284398089 0.8133385888808452 1.0506661408729598 1.335382110546787 1.5455657838968442
69 690 0.06279970940945608 1.5528437766357324 0.1366358738553575 0.1366358738553575 0.46885218741395335 0.561369561975584 0.6806367669001173 0.7001942304393999 0.807803388924353 1.0634271712177417 1.3476532006895787 1.5528437766357324
70 700 0.06267380039800781 1.5595484594597655 0.1359331571440991 0.1359331571440991 0.4637939358534704 0.5527769586026327 0.6860442712089853 0.7064603525853759 0.7753534388699531 1.036346132251725 1.3164366582905058 1.5595484594597655
71 710 0.05672890211650298 1.5339771362716064 0.13342131034656213 0.13342131034656213 0.4464591502306499 0.5549455278053774 0.6674123573551016 0.7021233751539602 0.8253826804055118 1.0473610664747763 1.2953985423197139 1.5339771362716064
72 720 0.05070077909336272 1.5316308636449043 0.13089528014598661 0.13089528014598661 0.4494152671261826 0.5607366993020471 0.6277391285965453 0.7089251761970865 0.8482070893015183 1.0429756176254905 1.2949788904080146 1.5316308636449043
73 730 0.047982374281562656 1.489886539671116 0.12547882980384537 0.12547882980384537 0.43863586859255965 0.558437535925938 0.6235007209124414 0.7068637598204187 0.8284643018120236 1.0466546669261805 1.304738710961464 1.489886539671116
74 740 0.04241513915210609 1.5179609330273693 0.11402033011690427 0.11402033011690427 0.43160349190844693 0.5540964703226401 0.6291610932749883 0.70240991694602 0.8424976184328515 1.031253432799432 1.3142962455306046 1.5179609330273693
75 750 0.03685074424201628 1.5468949915119095 0.10818946642025205 0.10818946642025205 0.4285977718698207 0.551876066529705 0.6225380624957014 0.6780859575755711 0.8534399631732391 1.0227879165553755 1.3234472047026062 1.5468949915119095
76 760 0.03581220463003531 1.5273191341763523 0.1053027599884383 0.1053027599884383 0.4249216339852231 0.5467550317617448 0.6187864604810355 0.6757470351801913 0.8597939067829645 1.0084868447458228 1.2814683428879805 1.5273191341763523
77 770 0.036624460870464344 1.5653487969690656 0.10121289211077007 0.10121289211077007 0.41728866780986085 0.5476453654698387 0.6042939298057446 0.6830893218050219 0.894277031747488 0.966806731245567 1.2837163656972872 1.5653487969690656
78 780 0.03901884905663545 1.5402192329392999 0.09837346748955746 0.09837346748955746 0.4096366912900216 0.5542499356303532 0.5850982443725792 0.6751788480245734 0.9098009617714492 0.9858775886841369 1.2814436408470318 1.5402192329392999
79 790 0.04062308102066009 1.5328693223176533 0.091850870139608 0.091850870139608 0.40455976700959967 0.545621211347582 0.6084974069679154 0.6827076580479503 0.939093697989338 0.979766881591717 1.2896207276976992 1.5328693223176533
80 800 0.04068743734130224 1.5156505227834371 0.08764626037303051 0.08764626037303051 0.4045173123201795 0.549867622624027 0.6142164097781174 0.6698312031293898 0.9371482608936644 0.9955834120969639 1.2614715308699382 1.5156505227834371
81 810 0.03669187459340272 1.5223806148723849 0.08344620783036145 0.08344620783036145 0.4021411235384531 0.5346328482083227 0.6139689194344887 0.7165565999174905 0.934164259319772 0.9989716524803574 1.2346586507134933 1.5223806148723849
82 820 0.03628627582098324 1.5287789594398988 0.08075975747841777 0.08075975747841777 0.39607863596325127 0.5148014998096384 0.6028360798760359 0.7187310553668692 0.9042752992973877 0.9935322182007117 1.2400075854473909 1.5287789594398988
83 830 0.03755288252813881 1.5601080314713862 0.07565688627986887 0.07565688627986887 0.3787057558973996 0.5259364596136719 0.5998148779041269 0.7366416579174506 0.9026355227928846 0.9898183842149412 1.2439005964719874 1.5601080314713862
84 840 0.035563228257772694 1.6682385711181693 0.07344620580118418 0.07344620580118418 0.3791644365164087 0.513868925590827 0.590853881130853 0.7389286059769272 0.8532535312106135 0.9900027843138326 1.2520194728976894 1.6682385711181693
85 850 0.032827075407637844 1.6747709586220554 0.06955061828689874 0.06955061828689874 0.37901624832937963 0.5250775951981262 0.597655428624374 0.7197910571612923 0.8395770621649913 0.9918323090610044 1.2355076052380831 1.6747709586220554
86 860 0.03173225573155165 1.6649516641944364 0.06703777954391985 0.06703777954391985 0.3855988968959769 0.5263577236342613 0.5790729034873586 0.7073546196689654 0.8213162549156862 0.9797446633179285 1.231740803592213 1.6649516641944364
87 870 0.03527458391510399 1.7863310990321886 0.06524312528896005 0.06524312528896005 0.382474019968996 0.5255345582813755 0.590451950886521 0.6960771799093316 0.7997321661959789 0.9269633947701477 1.2234712276275572 1.7863310990321886
88 880 0.03507428862753607 1.9686945820754695 0.062495248086916484 0.062495248086916484 0.3773630024904582 0.5248905918841276 0.5805102829622818 0.6981489708816984 0.8111116786775969 0.9127743667180745 1.2181523931478093 1.9686945820754695
89 890 0.03260128656599543 2.0397162355771163 0.057439825892159714 0.057439825892159714 0.3817564473606979 0.5247941039574865 0.5856454253011619 0.7016261458962639 0.7851094245285886 0.9096984426063534 1.2435813149040937 2.0397162355771163
90 900 0.030497218557528318 2.037238663881141 0.055509654339859694 0.055509654339859694 0.38589284883415975 0.5178851836288259 0.5800206469056066 0.6797147850808938 0.7834050873349637 0.8863341895287894 1.2234870543123035 2.037238663881141
91 910 0.03095154219555918 2.0552701452037625 0.05438465544553466 0.05438465544553466 0.38899986518637475 0.5034694260368382 0.5720761234134264 0.6782759788174317 0.7745117052013322 0.8993703156247479 1.202563745606451 2.0552701452037625
92 920 0.032415226929444124 2.1362092235956602 0.050860334480445205 0.050860334480445205 0.387373921003709 0.49690411179124533 0.5670044408050504 0.6807680595724787 0.7709316042340348 0.9120438218253153 1.2185584330410488 2.1362092235956602
93 930 0.03325452577004225 2.126996154422135 0.04918909610598773 0.04918909610598773 0.37509166812886147 0.4964094824745152 0.564575067836423 0.6723530354049012 0.7407546173937043 0.954950836676865 1.2543028917604484 2.126996154422135
94 940 0.03363256896184824 2.095175846502045 0.049226627737917875 0.049226627737917875 0.3845631410355467 0.48477558573311497 0.5603707120888477 0.6734490283028866 0.7478608149844497 0.9439957054611864 1.2388061991069137 2.095175846502045
95 950 0.034431048960783806 2.1069749245255807 0.04674218840757491 0.04674218840757491 0.38832407486333465 0.4812831253573025 0.5748482240470032 0.6316047900920275 0.7422745641520542 0.9774466880934746 1.2430999116780879 2.1069749245255807
96 960 0.03449113554523882 2.076841006260042 0.04542619349100141 0.04542619349100141 0.3766600493323943 0.4832491833340785 0.5737738465680138 0.6030927766767062 0.7415303061123069 1.0493082332828092 1.2576971997815034 2.076841006260042
97 970 0.03435961759329834 2.059341136181986 0.04360161863766571 0.04360161863766571 0.3652424782003665 0.47825769696827475 0.591262008421157 0.6010001976731163 0.7300942156736735 1.0666566987601638 1.2703703843812135 2.059341136181986
98 980 0.03547284209976289 2.0382342106070417 0.04337524001878214 0.04337524001878214 0.35781600020775606 0.4589396183868018 0.584105068058208 0.6158309842876817 0.7488978418075678 1.0756694927052293 1.265146820566401 2.0382342106070417
99 990 0.038178866713183046 2.0048419033198024 0.04143575311399721 0.04143575311399721 0.35920771623329245 0.46950897272301356 0.5829335960322896 0.6050604945152896 0.7408108155131006 1.0754448785927364 1.2823063226221953 2.0048419033198024
100 1000 0.037308942835822825 2.0253168607034207 0.041089409786980446 0.041089409786980446 0.3638258593631953 0.478599229173338 0.5505369147362537 0.6030346570048738 0.7406177166093577 1.0607837770416395 1.3335824513102514 2.0253168607034207
101 1010 0.03930414812882051 2.0360991695067754 0.040132512857634424 0.040132512857634424 0.35535211667283806 0.48368532717538876 0.5033712595726896 0.6071387941991049 0.7536984340828753 1.0715814317184433 1.3481504860337572 2.0360991695067754
102 1020 0.03907295681273172 2.128854288481365 0.039824436686107925 0.039824436686107925 0.33338436344857303 0.4784837357506231 0.5072727978705347 0.6403661660560391 0.7483712304150408 1.0592712590904356 1.3499730704291906 2.128854288481365
103 1030 0.03623725769423265 2.1221704837225617 0.03832052436583616 0.03832052436583616 0.33677937612272674 0.4545197015545603 0.5237942116339189 0.6377181763780019 0.7560027895607244 1.0689043006354733 1.3328720828135447 2.1221704837225617
104 1040 0.03245069772801986 2.1063819203479968 0.03732059042037406 0.03732059042037406 0.34108724456566875 0.44624738589480845 0.5272011753757193 0.6197062808133288 0.7524353974727285 1.0557869090241394 1.2960069376397119 2.1063819203479968
105 1050 0.03103008364437145 2.1086168415789404 0.03469132459987777 0.03469132459987777 0.33945584305416515 0.4356460456338074 0.5280653132201677 0.6114237417382272 0.7547670984777938 1.0445221162494878 1.270315335915066 2.1086168415789404
106 1060 0.02897550799417698 2.1220465830695914 0.032964784737079665 0.032964784737079665 0.3429286707601521 0.4210609116904091 0.5435655889994618 0.6239736242388348 0.7383640179524762 1.025278785569728 1.264663378004245 2.1220465830695914
107 1070 0.028908019446658384 2.119607639364511 0.031375868666886714 0.031375868666886714 0.33952473897543656 0.42195799438164394 0.5501190181218291 0.6178330419303538 0.7322655322167384 1.036919088459822 1.201310092174973 2.119607639364511
108 1080 0.02739790544682277 2.07312271987657 0.030600926731009042 0.030600926731009042 0.34033304679840604 0.4092615184677152 0.5822699940756001 0.6269751031274656 0.7040050551458983 1.0160158516063096 1.203766878443657 2.07312271987657
109 1090 0.026369975212734324 2.071707673246526 0.02830222936965251 0.02830222936965251 0.33059060214039876 0.41159548365292414 0.5682318266242472 0.6453431812080173 0.7071399548772868 1.0188768532464174 1.2198314250747353 2.071707673246526
110 1100 0.02543861090090806 2.0622106754608747 0.02730329048107063 0.02730329048107063 0.3228098963270495 0.4042919383509485 0.5698272873993346 0.6474203219339004 0.702071587500709 1.0206423120636579 1.207924070828206 2.0622106754608747
111 1110 0.02314739368675898 2.139848861099218 0.025269815774214766 0.025269815774214766 0.32499078040523977 0.39259671313563793 0.5666853465469018 0.6404510755933703 0.7110642255984325 1.0255602389981358 1.1923838683547294 2.139848861099218
112 1120 0.02133652443648186 2.153818525996259 0.024120740717578217 0.024120740717578217 0.30776709451813855 0.39494273610503267 0.5603616274009228 0.643586962277126 0.7083244004557021 1.0280789929463316 1.1552169655644573 2.153818525996259
113 1130 0.022926297457588524 2.149455004733157 0.022965713764168814 0.022965713764168814 0.30548113530608056 0.38681834642903634 0.5466259697494372 0.6377940403225703 0.7043071350418035 1.0312491062399596 1.1440461379081193 2.149455004733157
114 1140 0.02568563864585312 2.02322721287652 0.022573575518732476 0.022573575518732476 0.3045522281549027 0.39012498961876013 0.5423739171243497 0.6238442866724935 0.6942641592860305 1.0729447084890196 1.25040993916397 2.02322721287652
115 1150 0.028361494301881385 2.0395565599610537 0.022498861150516015 0.022498861150516015 0.29009330253149296 0.38170395292203646 0.5327927742870314 0.6169443181257662 0.6910041439087086 1.0909558639426582 1.3383808476948063 2.0395565599610537
116 1160 0.02667345088117753 2.031773507603988 0.02231163099543776 0.02231163099543776 0.2860600604572719 0.37159791215087007 0.5265479592411051 0.5941516976969445 0.6765260909266934 1.0873068405423183 1.4369440046854358 2.031773507603988
117 1170 0.026939680169574477 1.9834115241034822 0.02141159776868591 0.02141159776868591 0.2785981014930637 0.3733981127205063 0.5345577297543604 0.5884939861513544 0.6556588124199297 1.1140178313972666 1.4215531033640685 1.9834115241034822
118 1180 0.026034785742437918 1.9438732348228565 0.02083750388275668 0.02083750388275668 0.26766335767211774 0.37013714828949346 0.5176430368700082 0.5868787796576359 0.6668940090373074 1.136076372510246 1.458095416115424 1.9438732348228565
119 1190 0.024926234708438126 1.9490812750690307 0.020640950387860926 0.020640950387860926 0.26153272929311017 0.37141463403511743 0.5155163821354649 0.5768104084856177 0.6550424890695503 1.1638335513078817 1.4440549805598464 1.9490812750690307
120 1200 0.023486909563137526 1.9388982036914117 0.02055246679031931 0.02055246679031931 0.25857527333891106 0.3466208265439331 0.5133229703723505 0.5709079702816583 0.6425209717400855 1.1528324810880843 1.480136699791985 1.9388982036914117
121 1210 0.02199333791165001 1.8809993180534943 0.020208249424395783 0.020208249424395783 0.24373119694529394 0.34371620271610187 0.5069089521670506 0.5709967660845698 0.6395826992200173 1.1710440392236967 1.4974531832053788 1.8809993180534943
122 1220 0.02038999461798926 1.886834960451413 0.01969230571137267 0.01969230571137267 0.24873541807750377 0.3235454240483677 0.5039341943595276 0.5708822335046692 0.6346208176165129 1.1361225200131528 1.5028568205970905 1.886834960451413
123 1230 0.019775124798500007 1.873115570392679 0.019659013900234727 0.019659013900234727 0.23810207022740126 0.31550426792617015 0.5037017125469422 0.5697951004924211 0.6342385214813555 1.0676327182909082 1.529585379283322 1.873115570392679
124 1240 0.01909222985241329 1.8508791990881466 0.01910444319266048 0.01910444319266048 0.232168010277438 0.3167771519089309 0.5050721202794521 0.5557919375726964 0.6255433463523736 1.07387066165925 1.5046704473113552 1.8508791990881466
125 1250 0.0188203944061599 1.8043604240777211 0.018706694958867277 0.018706694958867277 0.22659732502741184 0.30194556859977434 0.5136960693552133 0.5472065276889776 0.6370382155815051 1.0766986804311325 1.5367984359411255 1.8043604240777211
126 1260 0.016910095056154064 1.7951661268642425 0.018805613272179247 0.018805613272179247 0.2182443764340868 0.2985267327544621 0.5131903790369727 0.5350446600869688 0.6075631817444019 1.1486623176899904 1.5166220747634795 1.7951661268642425
127 1270 0.015856580996764107 1.7727836638937946 0.01839032321206597 0.01839032321206597 0.21950693928622142 0.2990017537754118 0.49240321699163236 0.5009638983253334 0.613786096677271 1.1606044696804647 1.5402570574335999 1.7727836638937946
128 1280 0.0137241929084948 1.738773537651552 0.017298152872437272 0.017298152872437272 0.2155070528424777 0.296244225153102 0.4899782634389514 0.4933530294669607 0.6304681933884229 1.1693196971052122 1.5878598386192204 1.738773537651552
129 1290 0.013835392158429641 1.746340454169774 0.016736891671134804 0.016736891671134804 0.2131949251356935 0.2893699598166662 0.46736347564084796 0.49568239396141806 0.6295179395317941 1.1644764097530296 1.5619518282280562 1.746340454169774
130 1300 0.01491983841189645 1.787124600253509 0.01634505407595396 0.01634505407595396 0.2057553325441426 0.29571077548437236 0.473238836537971 0.5032298093802556 0.6367451418707526 1.1436041383891102 1.572711137290544 1.787124600253509
131 1310 0.014328051887394914 1.8011623914567751 0.01597319750974689 0.01597319750974689 0.21101338595847793 0.29524165652954 0.4741646536214143 0.517972733034106 0.6199558185170835 1.1270379641229542 1.5370789748262377 1.8011623914567751
132 1320 0.013482983775338629 1.8112787967112742 0.016013177644632816 0.016013177644632816 0.20010271930485696 0.292121980115378 0.4730909620906635 0.5145741394190303 0.6106084460937715 1.139141011098145 1.528714693781927 1.8112787967112742
133 1330 0.012246678795068449 1.8203239905496558 0.015111547937801067 0.015111547937801067 0.20198431821309035 0.2962986273831251 0.4610509287989744 0.5112137505855426 0.6020317055364541 1.1304947443477065 1.4980899908390186 1.8203239905496558
134 1340 0.011210908667151805 1.8466845192470545 0.014834563259441077 0.014834563259441077 0.19953742750230444 0.29249195573312503 0.4426011583877305 0.5099584320802409 0.5992737230265096 1.1039989162863044 1.4737786306526792 1.8466845192470545
135 1350 0.010711803367872781 1.8618508738929338 0.014963988919721555 0.014963988919721555 0.19795766893637812 0.277362679299615 0.4432559990752937 0.5062376955578936 0.5771688932897411 1.0969164666991296 1.4640662711180308 1.8618508738929338
136 1360 0.010319775829400036 1.8775011604570888 0.014898679221019702 0.014898679221019702 0.18955767543752938 0.27184578264528847 0.4330913108270891 0.49606562207980526 0.5799911254218828 1.1309259069480626 1.4246887344375674 1.8775011604570888
137 1370 0.00956542537477092 1.895570609800088 0.014352754890743053 0.014352754890743053 0.17910345941926603 0.273643713859775 0.43922979208854485 0.5118765179808159 0.5760648972036051 1.1290573622708888 1.411104211697859 1.895570609800088
138 1380 0.009046295746443783 1.8780273194456403 0.014089360706765457 0.014089360706765457 0.17550768346590306 0.273353181295012 0.4346594306484441 0.5066445491307537 0.5708812538493626 1.1507444803501976 1.3929824347909725 1.8780273194456403
139 1390 0.008524575477831555 1.8913542590756667 0.013900808382711774 0.013900808382711774 0.1686418405843486 0.2745850003322391 0.4257233151622328 0.5156850001628048 0.5609780685133892 1.1454388368891755 1.3452719338242725 1.8913542590756667
140 1400 0.00803249477112277 1.7807763150660254 0.01351702254771194 0.01351702254771194 0.16622573877977065 0.2728915492194251 0.4275431153015159 0.5160565309759656 0.5600888780533508 1.1649481580866283 1.3127041543186335 1.7807763150660254
141 1410 0.007361093084887035 1.7585208738759586 0.013152340689010451 0.013152340689010451 0.16308016828366254 0.26489997787325675 0.42529811615922614 0.5174538957370639 0.5771411279923327 1.1259352596486658 1.2925008218685374 1.7585208738759586
142 1420 0.007666493842200281 1.7326488366623447 0.013185805046994434 0.013185805046994434 0.16010521609108225 0.26940025158042796 0.4168968567618971 0.49786143817176975 0.5675677896045255 1.1231269630590968 1.2964852014579726 1.7326488366623447
143 1430 0.007579123557862883 1.733584131152313 0.013436827590069613 0.013436827590069613 0.15779215093784985 0.2732470233773804 0.42710123884238915 0.48562638344974696 0.574996778818188 1.1151052576086613 1.335271190250426 1.733584131152313
144 1440 0.007041929871612641 1.7440744132434602 0.013565843714149374 0.013565843714149374 0.15110666102541304 0.2643512272325645 0.4209214670988706 0.48879950876863804 0.57334719090659 1.104186481461296 1.3440252550797656 1.7440744132434602
145 1450 0.0065810568374986 1.754437471620645 0.01339260252541096 0.01339260252541096 0.1397816955881026 0.25989605010818634 0.4143136991848971 0.4767029270784974 0.5744796727391801 1.0980870555527906 1.3399580514627303 1.754437471620645
146 1460 0.006205868725020592 1.7490650217358352 0.013438712524512331 0.013438712524512331 0.13926523729547471 0.26099111733247166 0.4103742487570911 0.4803526972145353 0.5647364224109367 1.092431387652542 1.2831772305898563 1.7490650217358352
147 1470 0.0060392810834854 1.7462906039024824 0.013268949291573507 0.013268949291573507 0.13767529471628548 0.2603337096342651 0.4026576820408879 0.4705451377500608 0.5573392485578386 1.0917347433628941 1.291018329179748 1.7462906039024824
148 1480 0.006391284732826624 1.7193637818447638 0.013182216931650562 0.013182216931650562 0.13492726121532708 0.2542459771466549 0.39731192253399966 0.4794939404609253 0.5640122314893675 1.0847201343786903 1.3074165229488786 1.7193637818447638
149 1490 0.007148392248421752 1.7229982539015614 0.013276180967394198 0.013276180967394198 0.13120998055844968 0.25248874114556225 0.3891029951501251 0.47615412988255784 0.560815521064006 1.0619393815420122 1.4131433411237957 1.7229982539015614
150 1500 0.007887827455859241 1.7530869310701993 0.013250029764000247 0.013250029764000247 0.1306406851189717 0.25005950286900164 0.39019768176892355 0.4594042980771925 0.5717865110241361 1.0296365932096794 1.4866634363700695 1.7530869310701993
151 1510 0.008498082467988138 1.8287072567079858 0.013234923197163599 0.013234923197163599 0.13102384207392717 0.24122721072042372 0.3872352894600245 0.4618293292068068 0.5742678676475701 1.037653707198283 1.4857951552706532 1.8287072567079858
152 1520 0.009516763857781623 1.9633702112777967 0.013239866443318038 0.013239866443318038 0.13203256761100027 0.23740613205950264 0.3802492225175406 0.4428795280796442 0.5638192923680083 1.0392798859304735 1.5058066782042898 1.9633702112777967
153 1530 0.00998651325850222 2.0254218929458294 0.013276479244898476 0.013276479244898476 0.12940065943665444 0.24557669461411114 0.3676923534540686 0.4441717617058674 0.5689346214489213 1.0451662658316716 1.537593230779914 2.0254218929458294
154 1540 0.01102981860809807 2.0458932576165356 0.013567109415212273 0.013567109415212273 0.12946497295353548 0.23738555233013905 0.36558126121946755 0.4455588415405276 0.5578623092127095 1.0310051668658886 1.4765864757678395 2.0458932576165356
155 1550 0.014116058099578761 2.1289215007189073 0.013710589607743916 0.013710589607743916 0.125451411005248 0.23692822164617275 0.3667544089662332 0.4266402607698489 0.5850225336921171 1.0218542635392938 1.4511044582712331 2.1289215007189073
156 1560 0.01722623943415795 2.1724749257792273 0.014094664414029198 0.014094664414029198 0.12159497412982805 0.25145625854815234 0.36806990198690565 0.41225012744937933 0.5862960469163776 0.9905371952141616 1.44680619358204 2.1724749257792273
157 1570 0.02042783771527376 2.2193839228050694 0.013545534638367919 0.013545534638367919 0.11814763260878042 0.24799203978950607 0.36107125773745236 0.41474231469051104 0.5844816422610648 0.9728451707797137 1.4611461234246952 2.2193839228050694
158 1580 0.02337584586410719 2.169658144978591 0.013151540100811198 0.013151540100811198 0.1187280343474444 0.24805236264806205 0.36419970891895814 0.3990229711984588 0.5874561437355609 0.9711643692545143 1.4712680735947254 2.169658144978591
159 1590 0.027285749951199832 2.1271948801647307 0.013061092515634747 0.013061092515634747 0.11667806736183109 0.2532986333412365 0.3672408386720098 0.3965191551110612 0.5911585370183853 0.9937687284759433 1.4823134052057327 2.1271948801647307
160 1600 0.030457643429971013 2.1156764500021668 0.013121081816615095 0.013121081816615095 0.11624663645106821 0.2510745670141151 0.3667899341572943 0.3998971175164557 0.593321535297257 1.0031487697839983 1.4984112158281164 2.1156764500021668
161 1610 0.03253812792663034 2.115147393762461 0.012949323884028361 0.012949323884028361 0.11581292908469391 0.250218287065131 0.3589122684971005 0.3984409822294168 0.5921851958423492 1.0228806529265035 1.4424738210140633 2.115147393762461
162 1620 0.03604712009647224 2.0847527590013892 0.013137422627110948 0.013137422627110948 0.1152647809590747 0.25878614367482866 0.35819255402937483 0.39338111215312205 0.5762692481039616 1.0189052903600648 1.405879366397439 2.0847527590013892
163 1630 0.03779143392909571 2.095482587067603 0.012627460503676944 0.012627460503676944 0.11876995184182915 0.26122688244688813 0.36643164144127666 0.399348861088806 0.5824612758191126 1.0193867279492552 1.2998464578903266 2.095482587067603
164 1640 0.040188640494368294 2.0324685726014526 0.012438823260814955 0.012438823260814955 0.12125474098194813 0.2669595275731253 0.3711124959033811 0.3985282394523972 0.5465682067044142 1.0026210534424633 1.2937957504740902 2.0324685726014526
165 1650 0.04083570434168309 2.016867485066948 0.012813464058747556 0.012813464058747556 0.11998589391372358 0.26788822540034696 0.37723060122155605 0.3936947393429483 0.5406404395922225 0.952733364885055 1.2828603952174151 2.016867485066948
166 1660 0.04091360865124188 2.0020993967259075 0.012633148636736898 0.012633148636736898 0.11860447352881795 0.26607699246050226 0.37357799690712623 0.37856169451927923 0.5389037118747161 0.9641488585804858 1.2618252596892199 2.0020993967259075
167 1670 0.04437670921047207 1.9760591234182 0.012298275033254839 0.012298275033254839 0.11796658218818212 0.271968787399041 0.36638684904601915 0.37777791853118775 0.5258980823715608 0.9833031665783334 1.2282282637915127 1.9760591234182
168 1680 0.04472089388687783 1.9662793069365698 0.012371778320325192 0.012371778320325192 0.11573569009842989 0.27181763518392 0.3720938085135661 0.3743169189295225 0.5149358476735212 1.0080113875640957 1.2298773809305639 1.9662793069365698
169 1690 0.04851962105618139 1.9365987517049577 0.01218953830886 0.01218953830886 0.11611099808361595 0.2785242849702867 0.37225969514030516 0.3776106525384284 0.5147081642198392 0.9941808454574026 1.2212059349969184 1.9365987517049577
170 1700 0.05065494645896884 1.8252305951386614 0.011989278108538975 0.011989278108538975 0.12391439572126603 0.27759018464526064 0.3746821661628056 0.38973222618684195 0.5090992439581865 1.0257335529166904 1.2169263357291178 1.8252305951386614
171 1710 0.05278295725742234 1.8280265019808875 0.012145407023429186 0.012145407023429186 0.12519283416653898 0.28138022550553954 0.37533148560795826 0.4002540910914828 0.49318147079806596 1.013689691870575 1.1660850041341473 1.8280265019808875
172 1720 0.05678878100552442 1.8173904251747126 0.011708384440301846 0.011708384440301846 0.12481093096980016 0.2756257087945402 0.38013741076826385 0.4017424162786496 0.5003146914846474 0.9999154907283164 1.1454024079481064 1.8173904251747126
173 1730 0.05841883732969423 1.8399055542843765 0.011571327283351522 0.011571327283351522 0.12419253411494767 0.2667095506708058 0.3841245953870627 0.405933500258026 0.544728757706577 0.9600674315019639 1.1096367695111804 1.8399055542843765
174 1740 0.051617074053558844 1.84380575410892 0.011297243766893705 0.011297243766893705 0.12244534415818722 0.2591137232444461 0.37658382100442334 0.4011840995793022 0.5723100427531747 0.9319214995491166 1.0930416109802064 1.84380575410892
175 1750 0.054406226255479556 1.7813501381994612 0.011150515634880127 0.011150515634880127 0.1177276129643062 0.2545935063005943 0.3698933724946586 0.394199440895545 0.5735566436354893 0.9302861858393529 1.0888251657616346 1.7813501381994612
176 1760 0.052422494877799264 1.7544801857938765 0.010387130253327147 0.010387130253327147 0.11715569267029956 0.25278970130603634 0.3883924423330875 0.39204522793598845 0.5922316048078206 0.9499427333626166 1.0984628321446959 1.7544801857938765
177 1770 0.05079500630120224 1.7772207523427483 0.010074422857055206 0.010074422857055206 0.1171492606352212 0.24868578784344492 0.3796597731760487 0.4054678478881699 0.5959417316235186 0.9016116294356574 1.080083617552615 1.7772207523427483
178 1780 0.04704870553170343 1.760828675993465 0.009935889791301339 0.009935889791301339 0.1176129403083636 0.2422479103506442 0.40596246265656105 0.4096926869169093 0.6034650711135356 0.861313363440799 1.0753220818432707 1.760828675993465
179 1790 0.04772537264158994 1.7747287568234271 0.009908962249451703 0.009908962249451703 0.11867860768503878 0.23822438016932354 0.3981669772382564 0.4089709514075256 0.5936532439370795 0.8122520391672132 1.0603395008281702 1.7747287568234271
180 1800 0.04356406434574788 1.835793711962807 0.009267403079643941 0.009267403079643941 0.1277902325088518 0.23530285822792885 0.3875896192435854 0.3988370008276212 0.5987773456723766 0.807087012810502 1.0721248597587398 1.835793711962807
181 1810 0.04471166345053289 1.842170149320869 0.009208194952474635 0.009208194952474635 0.127512684134662 0.2259727555879671 0.3883104157595214 0.3964188862673097 0.5978527375848589 0.7915518300824791 1.0466650242676774 1.842170149320869
182 1820 0.041484359785711286 2.033711393926804 0.009066801245382472 0.009066801245382472 0.12690505898415289 0.22392216954380492 0.3689659383806871 0.38578430466567937 0.5941101754032085 0.7872601475226307 1.040220586575012 2.033711393926804
183 1830 0.04029618918401708 2.0943008866694313 0.008831095093353345 0.008831095093353345 0.1278784328336482 0.2221155235647382 0.3669131057460881 0.38198212905297546 0.5684616743052899 0.7770280061796955 1.020491711909161 2.0943008866694313
184 1840 0.04201042979957643 2.0514058654058154 0.008840147506678636 0.008840147506678636 0.12687269691834085 0.22325447274807375 0.3449903464850787 0.377993564215222 0.5675763430436347 0.7897410752322859 1.0256023909408447 2.0514058654058154
185 1850 0.04029168960156666 2.1108856430201066 0.008177948003853325 0.008177948003853325 0.12470744567051538 0.22218848114614073 0.35016404937227563 0.38728679209229494 0.5648139098421593 0.7861020825461001 1.0688082373268264 2.1108856430201066
186 1860 0.04038416566633529 2.1147395442205297 0.007964054903277102 0.007964054903277102 0.12790665700742024 0.22286749689432275 0.3488913054160612 0.39009517271264826 0.5424077037818241 0.7821236730356059 1.042734491622367 2.1147395442205297
187 1870 0.04186763711487227 2.087616391299745 0.007754610529705379 0.007754610529705379 0.13059242999820297 0.21144496766126453 0.3419741053672376 0.41259149272775003 0.5315801278357063 0.7759574181594241 1.0377275985576104 2.087616391299745
188 1880 0.04387146256561804 2.1017688996384147 0.0076305420437899184 0.0076305420437899184 0.1298758233079616 0.20975239541080729 0.3425784260280177 0.42286077816044626 0.5387960695668395 0.7517358507842357 1.0243655217079914 2.1017688996384147
189 1890 0.048265554372127706 2.1591144856896514 0.0075643069627407975 0.0075643069627407975 0.129696166273763 0.20744336721979495 0.329025940629809 0.4326726318758976 0.5596518446191587 0.750066319647593 1.019448107058075 2.1591144856896514
190 1900 0.050167012729346545 2.193069532420709 0.007795050839151164 0.007795050839151164 0.1270345088345691 0.20311191692928 0.31926924703725007 0.44493004203785624 0.5797408862029456 0.7377963793932485 1.034047188984508 2.193069532420709
191 1910 0.046191107249382746 2.1718931394877687 0.008002429972461842 0.008002429972461842 0.12399179156144599 0.20434286479557148 0.3185067298393682 0.4463283940883158 0.5715805588717798 0.7341360732696594 0.9968854864418024 2.1718931394877687
192 1920 0.04274050772431776 2.161499515967814 0.008018387296396324 0.008018387296396324 0.12099313983750236 0.20014873375233155 0.3162657517191827 0.44701842036265355 0.5755022428356494 0.7218746570712659 0.9934533198538663 2.161499515967814
193 1930 0.03971951218490911 2.153459271454866 0.007965089251294365 0.007965089251294365 0.12024452152141801 0.19804835644326133 0.31121144288976194 0.45103868091350174 0.5522526959222251 0.7160624036413434 0.9826852268239491 2.153459271454866
194 1940 0.038223774897396534 2.0845109690602173 0.007945996576237907 0.007945996576237907 0.1200291861152955 0.19900054150173735 0.31408974078446844 0.4344644869631542 0.562092855335158 0.6993607022858046 0.9534421551111666 2.0845109690602173
195 1950 0.03503578986018596 2.1530038251519588 0.007915507533093748 0.007915507533093748 0.11493237106521294 0.2042726387019026 0.3097310120260727 0.4265018180793138 0.5521454045865996 0.6851982405165427 0.9551481652278123 2.1530038251519588
196 1960 0.03500913668459327 2.158041580811824 0.00783318374168965 0.00783318374168965 0.11059253055517283 0.20366606860829378 0.31066164479011726 0.41999344272724104 0.5506361121762162 0.6865673756764329 0.9071869250866653 2.158041580811824
197 1970 0.033586785538840015 2.0886690581766123 0.008076527893770856 0.008076527893770856 0.1099254190256807 0.20288578407351487 0.3143518712010851 0.4233745267429216 0.5500879159357135 0.6687995725205333 0.917691891778693 2.0886690581766123
198 1980 0.032677774745722456 2.11797087660022 0.007969308193266102 0.007969308193266102 0.10783198321908517 0.19970511957628598 0.3159597556595702 0.4159010309967319 0.5408438043517931 0.6645665494833797 0.9187694870936023 2.11797087660022
199 1990 0.0342538429053082 2.0864794989113475 0.007942246756745609 0.007942246756745609 0.1065748238182502 0.1997683159605053 0.31594870881343967 0.43523361446600756 0.5380108792085931 0.6473343408443666 0.8721537066039035 2.0864794989113475
200 2000 0.03661767428781978 2.0644804429603423 0.007862649823019846 0.007862649823019846 0.1036827872186639 0.19851938723511578 0.31790766388257674 0.43497713005852134 0.5365143228330883 0.6572491634527604 0.8809470434189475 2.0644804429603423
