% # columns="iteration, evaluation, void, void, void, xmean", seed=160723, Tue Feb 21 18:30:06 2023, <python>{}</python> # scaling_of_variables: 1, typical_x: 0
1 10 0 0 0 0.3923935139407386 0.7394905938577346 0.5334779658926476 0.026395561408956214 0.6083344270677346 0.8542284270039353 0.6121977425389286 0.9370879121729326 0.4757340551762401
2 20 0 0 0 0.3979165573684181 0.7951986333708521 0.5107079419702403 -0.025427082043431727 0.611333723698965 0.7774523843203981 0.6332254299177588 0.9002047601619982 0.6163651528833634
3 30 0 0 0 0.39683102426852346 0.6562001299195137 0.4860475192729239 0.0348166200304218 0.6708166451673105 0.8318134992091717 0.643803541138711 0.8515618796691731 0.5380042541982529
4 40 0 0 0 0.43394726034755665 0.6568363826671458 0.5503710032664662 0.04912887034448163 0.5294542495847755 0.9007611254511994 0.6530869045537389 0.8438106014125094 0.5559896224432761
5 50 0 0 0 0.48462902521360085 0.6183890541347324 0.47529497744015053 -0.009075812828344014 0.5265345390703183 0.8848966032603097 0.6247059604765017 0.7869620769160028 0.5610776512543943
6 60 0 0 0 0.5995006735169781 0.6181870025694804 0.5332880139733456 0.012500862713954064 0.5114136319630073 0.8486774256750236 0.7471200832180024 0.8042832678635842 0.6705232610737455
7 70 0 0 0 0.6248934109730364 0.6270685273825704 0.5612468024363055 0.047805747262913686 0.5265821128665396 0.9024537275438861 0.810163669691579 0.792721394690448 0.6235524529518441
8 80 0 0 0 0.701993963115223 0.586706204000067 0.5972213824961509 0.0594603027916459 0.5322538033987574 0.9798924249463934 0.8072386495057494 0.6978091623435545 0.5682505073170299
9 90 0 0 0 0.7207608542336394 0.6105384434219331 0.512533007345098 0.038786820544017366 0.5539874930671626 0.9530314034011127 0.8604178682104671 0.6185360759853781 0.6311386685601155
10 100 0 0 0 0.8326419854786249 0.730158674528107 0.5550096018973757 0.09461811329710046 0.6455226497629261 0.9982991905929678 0.8025439670559847 0.5430722845950303 0.7029817388919352
11 110 0 0 0 0.9420314471723699 0.6674259672900341 0.5119107600457771 0.03213429526454199 0.6230247756316282 1.001468398230821 0.8485434492433612 0.431161208491377 0.6494292490192033
12 120 0 0 0 1.0265861393887794 0.6507648012344727 0.45100394041180436 -0.009100917859162769 0.6255501497972527 1.0029965500683407 0.9625262827707837 0.26561577278700865 0.6887632390209535
13 130 0 0 0 1.2338882593952678 0.6486148022121775 0.5398541902067351 0.014239268334134747 0.5311549924106213 0.9358829698369785 1.0100930452888406 0.3936046725839752 0.6710757262295625
14 140 0 0 0 1.2448714160080685 0.5813519722113359 0.6274308002981716 -0.01815492735267636 0.6608934132784737 0.8966932747224495 0.9992911803586313 0.3378202736441141 0.6109266678235256
15 150 0 0 0 1.2955068014503892 0.6993888147762595 0.6071802889176029 -0.041042087115728626 0.6756100677027961 0.9948039886430923 1.059760037650465 0.3450068139828378 0.694520938254087
16 160 0 0 0 1.1774922916969341 0.7479604613077426 0.5299392166191934 0.029768916754296257 0.8515171253959724 0.8924700768373701 1.0686256634821134 0.4069764721879961 0.7186150525929512
17 170 0 0 0 1.237598299241827 0.775708397449772 0.5398653503738295 0.03824054026150404 0.9405803175484732 0.7952355118711697 0.9785017781920534 0.4426849667440492 0.8126190023279386
18 180 0 0 0 1.3617916884359078 0.7785240025197868 0.5239690077398992 0.017040436325264564 0.8073279544852549 0.6987542638354275 1.0689873870492692 0.3861475255122192 0.8947476924194763
19 190 0 0 0 1.3513947719106574 0.7849538716356265 0.5867111177657828 -0.02416790707489242 0.7888903400997885 0.7392227636329596 1.0293761938563604 0.533523353462744 0.8756858031480796
20 200 0 0 0 1.4343237109319447 0.691967117982981 0.6409644897748925 0.0020717436689141056 0.7678118149088862 0.7732560162746624 0.8632575477599983 0.5503751888353249 0.8275238190780546
21 210 0 0 0 1.4511252684834666 0.5954004169268908 0.703576341911715 0.05578250010011336 0.7764363171156939 0.7532069028623284 0.8756104984116163 0.5572252323574667 0.9254909430568105
22 220 0 0 0 1.3156194023472865 0.5039660692568196 0.5850582298720041 -0.029276566023123868 0.7588561247640613 0.7146662047598866 0.939495426063193 0.5322948674933357 1.01699536334928
23 230 0 0 0 1.389056280873753 0.3983900169172827 0.6758700870335664 -0.03910268283517338 0.8030203432808798 0.8257662490934718 1.05487903639419 0.45466139245744247 1.0669994844467916
24 240 0 0 0 1.444331671671854 0.2167602369363807 0.6321437861345017 -0.003393123454968304 0.7506908360082002 0.9084471874009029 1.2240492945564663 0.20619242494147633 1.2654086978702312
25 250 0 0 0 1.642104759523755 0.1489387090412115 0.7143578916385968 0.01907030618633333 0.7181771893541666 0.9369815572078952 1.4548083115793087 0.022231229883049736 1.32044993382705
26 260 0 0 0 1.562297388848156 0.15690210728722614 0.7723067237412583 0.0011861868185790957 0.6159833335728447 0.7576830892091941 1.4647473091674614 0.1245846353790474 1.471608530942776
27 270 0 0 0 1.5085838608356115 0.14689798675830865 0.8943783350753847 -0.0005780457380761619 0.6364621154041535 0.6991574911312641 1.446463253638525 0.3362558066875193 1.5643307559413004
28 280 0 0 0 1.5558522152917063 0.2614852435802741 0.7575588719082066 -0.0271495225642055 0.6005813561727903 0.5537587202903842 1.3294672908240774 0.4755957367436353 1.2233313147903893
29 290 0 0 0 1.6042465525206562 0.2543896735634934 0.7253086729326341 -0.032757674142168534 0.7107765193408342 0.6479042464416934 1.4276110283560368 0.32177620672256463 1.3030616282340577
30 300 0 0 0 1.6056563413584748 0.32075205318876515 0.8115702424587569 -0.00846371021725667 0.7411356500728166 0.6287038831588391 1.5036189255762864 0.3653157953476229 1.286625712148401
31 310 0 0 0 1.484144299594742 0.2482596767642654 0.7151029222021864 0.01042141172335593 0.7009922441234652 0.5130014745561063 1.3996228650194054 0.29838309274197417 1.2107834171083123
32 320 0 0 0 1.463989884047675 0.39198791837849106 0.7820819653181394 -0.006012962045724948 0.6054078791767415 0.5493995903310936 1.348327570006173 0.3260146488445878 1.0396780540342436
33 330 0 0 0 1.5118936714482505 0.30107049961604065 0.7048004321491019 0.024243424376320176 0.7579148119720258 0.6905192571812799 1.4880862281188307 0.42246595506820617 1.1301034288524088
34 340 0 0 0 1.449662871667575 0.24966052487516388 0.6465287984654697 -0.028939996341861667 0.6832008642228039 0.7027597323271948 1.5268825974418259 0.5660746144155967 1.128516099590816
35 350 0 0 0 1.6276673758685012 0.3345419524192193 0.7942054663344517 -0.06399345752949702 0.5760477452520342 0.7469800312005064 1.553862691311768 0.5127766166110662 1.1530712363638176
36 360 0 0 0 1.6607967345842518 0.3760574484521538 0.8244963960385949 -0.057512261813843155 0.6773783208985055 0.7553231247187373 1.5367335687465107 0.5532299622392589 1.157691037943633
37 370 0 0 0 1.6192858087804907 0.34430768540623785 0.7265679198900693 -0.020136183652055897 0.6426542003955156 0.7211113725114296 1.4455961886308544 0.5004171209090824 1.0521914296226784
38 380 0 0 0 1.6384261384771899 0.31772147520382393 0.7432604446938299 0.030168613347346537 0.7040849038520649 0.7915006059356843 1.4409834782054163 0.44185688903589215 1.014965064219858
39 390 0 0 0 1.5244563468017112 0.3859474320716999 0.8256239812017538 0.02586081782519467 0.6982027626720362 0.8163487215516592 1.4062729888057564 0.5642386775714762 0.8903762876921898
40 400 0 0 0 1.5095730164744385 0.23565154855632164 0.7746457885582673 0.03182343783485804 0.6067255729068585 0.8457642952514997 1.4509598237984203 0.5714916632135487 0.878994847214087
41 410 0 0 0 1.5870343391867832 0.24157158253729233 0.8017202313290006 0.05468208661631236 0.6154295858590813 0.8119536281547434 1.3786298844877434 0.6246775541094574 0.8617227367944633
42 420 0 0 0 1.5359850421909076 0.1647199476450901 0.8185849962780297 0.0662874217885739 0.6332020232245654 0.7068920851789398 1.3570122316329467 0.5867017359867981 0.8636511100676513
43 430 0 0 0 1.5170614220525178 0.10747360691192538 0.8046756952883588 0.060182599831217674 0.5155555825059289 0.6959157790029192 1.3702629195288414 0.6826038591283202 0.7144440945032863
44 440 0 0 0 1.5544818853159086 0.17354598828766762 0.8118009187542057 0.06701109187022933 0.46304300621221617 0.7538490358788591 1.3193904161694796 0.5138932301516841 0.6860795048466369
45 450 0 0 0 1.467388147726733 0.294708199569565 0.8266352376173588 0.053670290603294674 0.5346476722351502 0.6727943960208045 1.2890643501588983 0.6294470948969006 0.7605899225475408
46 460 0 0 0 1.4433569932988672 0.317323761448165 0.8198695350275441 0.05201122707168429 0.5611917145803968 0.684634322110562 1.2894378367602821 0.6685357568827908 0.6901366286199835
47 470 0 0 0 1.4396811982460176 0.2974276853360651 0.8323582565947534 0.053666617543898565 0.6142939376517539 0.715459690827283 1.260591915433197 0.6864022707084281 0.6958513051836674
48 480 0 0 0 1.3582616635379705 0.23067490365666524 0.7990710648623471 0.0615090052473497 0.6156433258974388 0.6663403021401307 1.251462536370207 0.6414503077119778 0.7463236951485054
49 490 0 0 0 1.3734169177820168 0.17712665229213193 0.7909136119820129 0.06625123122651706 0.671869043208714 0.6307944138373149 1.2609257885535472 0.6119420001996121 0.7931863482483825
50 500 0 0 0 1.4064082577924812 0.1734804648853667 0.7913769512511003 0.05432461924108833 0.602200717865606 0.6818912532479624 1.2982585032953415 0.5656508553066603 0.7958333839085758
51 510 0 0 0 1.3876673890210092 0.2452546573927485 0.7811245984597299 0.06580087865692699 0.6563327112619973 0.6653878562899462 1.2409266295911328 0.6248357449772188 0.6752628075652132
52 520 0 0 0 1.3776713034458798 0.2860975067427061 0.7629134916356606 0.060928185596184195 0.6504898131337127 0.638144988567513 1.2627003881801346 0.6351577571392861 0.6479232539685011
53 530 0 0 0 1.3779440603761768 0.31583142981341134 0.7459494911738598 0.05930843227773395 0.6200568788704167 0.5929004177960497 1.2223715487265185 0.6587255398419899 0.5986689295225994
54 540 0 0 0 1.369976203703073 0.29053907192675926 0.716416523517248 0.06019266075208815 0.6003669621977306 0.5917040787967254 1.3050986690262552 0.6665234813817137 0.6752890380894737
55 550 0 0 0 1.3038816509811435 0.2502647033083069 0.6530937261782817 0.05767980844848817 0.5679772752071897 0.5824504183127931 1.3225974090285344 0.6985948637059572 0.6342312445076116
56 560 0 0 0 1.2724268665605694 0.2706287510952172 0.5716149498046522 0.05469158152797264 0.5607241986430386 0.5489931720591088 1.3756217601671565 0.7035664795290122 0.6400943491329283
57 570 0 0 0 1.2764528233397374 0.2894666894555663 0.6003908374950908 0.06057359008183462 0.567020666765242 0.5417121994585299 1.386637690595736 0.7183312357372755 0.6954974906380372
58 580 0 0 0 1.2591228923145124 0.23711834992501665 0.5740221824746012 0.05354370093814579 0.5105067929239525 0.5470270707990025 1.442196755330468 0.7100837884308633 0.7332705142851113
59 590 0 0 0 1.233682091756892 0.23555383022055326 0.5797037804626248 0.05708782389009307 0.49951359987292937 0.5158210372381766 1.4064451837981324 0.7162217330154931 0.725734898317189
60 600 0 0 0 1.227860374068551 0.213189196757443 0.5942064050039704 0.05601510418385716 0.5191257216173404 0.49644701667132274 1.3693159041372234 0.6758966216610123 0.698739132425145
61 610 0 0 0 1.2340459315603385 0.296534853335983 0.5679120595530996 0.05881903323505701 0.5377685152060275 0.49818928999677664 1.3793374663616964 0.6889058967968115 0.7030761880826893
62 620 0 0 0 1.2479574473383912 0.3371702616085245 0.5967429809803698 0.05911566697445755 0.5207241911969577 0.4971703636599075 1.3263990928065543 0.7068632527341545 0.7118571574710683
63 630 0 0 0 1.2659423735076212 0.4141428882080013 0.5788110965578374 0.059045313277216835 0.5374863673286346 0.4907980630348435 1.2987500229705455 0.7333551098765176 0.7040399405738739
64 640 0 0 0 1.2466252171604661 0.4668345789872111 0.5514497025542973 0.05744766435936442 0.5575265276179812 0.4636099475634033 1.3110749620150735 0.7364738280628531 0.70984683925789
65 650 0 0 0 1.2306195019721662 0.4904596342463296 0.5620674824469158 0.061486323227369875 0.5670735382604462 0.4651446443042428 1.3015664941631284 0.7265039017807303 0.668573012343999
66 660 0 0 0 1.2255431727770427 0.4773844357107772 0.5666232525289131 0.053267804932281934 0.5568880535533881 0.46339577170982826 1.3395189153110787 0.728468260073843 0.6734126270985572
67 670 0 0 0 1.2555790769043988 0.4739748276632656 0.6879896717709097 0.05606231708020888 0.5916066462373166 0.48726360825478016 1.2629936915068096 0.6909069621701539 0.6266598714384404
68 680 0 0 0 1.2461737367809695 0.44766762027162504 0.731858558313939 0.05479725048755852 0.5670019427591452 0.5028077766301557 1.2910774103340237 0.6809331960448887 0.629899145723636
69 690 0 0 0 1.234696854946169 0.40822397298880175 0.6529170078257734 0.057080659283788096 0.5860802610365755 0.44728585546735866 1.349641037145819 0.7003492919170191 0.6633499376753265
70 700 0 0 0 1.2821963730907742 0.4580615790964894 0.6447504079782332 0.05585868784030391 0.6362745111396488 0.4925626060063585 1.3580535650448746 0.6859080061568165 0.6356058959627057
71 710 0 0 0 1.2571080702395763 0.4135231212398676 0.6154382327474438 0.056070469693126394 0.5999007104875359 0.43348642978997265 1.357351868797024 0.7131967414644124 0.650127672372318
72 720 0 0 0 1.2973349208865272 0.4165250057905953 0.6402875761093001 0.05534287215473636 0.5889363273021684 0.46000628157077433 1.3558524545738102 0.6957473309142946 0.6837643864693764
73 730 0 0 0 1.31651758072847 0.43766971123306336 0.6903110722744862 0.057068146461744435 0.6153132316971287 0.4472582999193477 1.3136649929087998 0.6922709688968156 0.6822375671878937
74 740 0 0 0 1.2842509782267078 0.4504659094548387 0.6652311787148152 0.06140055962916442 0.609405637124448 0.4707148081637837 1.3268135980716835 0.6930674743726308 0.6439598606687023
75 750 0 0 0 1.2976708111965196 0.4212624202231999 0.6532360214773829 0.059665324874296176 0.617651758687751 0.4718392315033947 1.3546980570516294 0.6977854336355804 0.6794802161130413
76 760 0 0 0 1.2857254625162342 0.412303067313346 0.6386916276210776 0.05548483277990698 0.5725100987162276 0.4355857046909992 1.3519061041916927 0.7209854367397305 0.7005709992121638
77 770 0 0 0 1.2936562356902988 0.44349132012638093 0.6645133427459774 0.05559109432449816 0.5566179052505279 0.4158745916828019 1.3424794314197268 0.722375027329797 0.7064764423688151
78 780 0 0 0 1.319435451628337 0.42573515170666837 0.6668295365588954 0.05501315798956788 0.5305149809902185 0.41073475152937594 1.3428174494489709 0.724474627459472 0.7182317510002298
79 790 0 0 0 1.30347528763692 0.42483220454740034 0.6423690126730394 0.05626248101800666 0.5240511899574146 0.3695755390120592 1.3435333766581243 0.7257610780847352 0.6836662566430429
80 800 0 0 0 1.2987160832890623 0.4413621104455349 0.6166575823950031 0.05597385434749198 0.5000407854179514 0.4109067984206054 1.3555361627873346 0.7320192940199888 0.6964758387678921
81 810 0 0 0 1.2962312564097735 0.46622215439588066 0.6311697615291916 0.055354863465536065 0.5140252548477003 0.40485156302075814 1.33256615602244 0.7357797706773869 0.6845302391786419
82 820 0 0 0 1.3110708959033253 0.4708749430220828 0.6126954439125345 0.05580108100179166 0.49816943477066483 0.40501237796256495 1.3281603755446532 0.7444526073702504 0.7153012048906796
83 830 0 0 0 1.28026071751055 0.43014608537279 0.5515093556240487 0.05607204744148157 0.4896560900198219 0.3845568542474321 1.359286638531127 0.7639887960129649 0.7247055544456013
84 840 0 0 0 1.2727188972589742 0.4173545231613673 0.5869403142871898 0.05439693466832764 0.47248865016009883 0.4056301952798987 1.3686074982921168 0.7502890299031841 0.7227337393976481
85 850 0 0 0 1.2641453245012895 0.44308009662659276 0.5634039369620739 0.055651847216892036 0.48365108166051096 0.3965968255181194 1.374264383167844 0.7455515380434588 0.72415409045728
86 860 0 0 0 1.2705828934089023 0.42655495043579916 0.5273904622794701 0.05488751140395671 0.47808106650354637 0.364106295258245 1.3991063625316122 0.7625030327039585 0.7461810568961896
87 870 0 0 0 1.2689195006390097 0.41828897251462394 0.4910970132994967 0.054915447034982585 0.46526448354619715 0.3313954546236922 1.4417300986964567 0.7808518925519567 0.7951701610661184
88 880 0 0 0 1.2538130379908174 0.4514873880590565 0.500706013636893 0.054847857321777965 0.47463036141409437 0.33560439981305945 1.4404988513400703 0.7806124206853323 0.7697514401591893
89 890 0 0 0 1.256609442018809 0.42181354534736265 0.5083007995122314 0.0550507338647877 0.48703892972387763 0.34157965198021917 1.4424100745243502 0.78068332966902 0.7776698084694228
90 900 0 0 0 1.279628034989821 0.4214582563418674 0.5374547150098685 0.05492185166052781 0.48236148381333727 0.3423736692672125 1.4270896969286306 0.7828688675935538 0.7757550263405605
91 910 0 0 0 1.274860256003553 0.39107761037944494 0.504172096849338 0.05441618748828449 0.4568752886388804 0.29817306594030457 1.4440151939165733 0.7866871192043945 0.8086312617353199
92 920 0 0 0 1.2887287842845883 0.371820331386314 0.5062799387013677 0.05402625806677202 0.447238205315946 0.2888398417772538 1.4380380084212858 0.7909366341783589 0.8418934189208891
93 930 0 0 0 1.3084787292766458 0.37619569509070566 0.5516247371344482 0.055300431074741314 0.4716646426509235 0.31471019844934656 1.4318335853400357 0.7874415088696866 0.8223142845014642
94 940 0 0 0 1.310177792529269 0.3950321111650882 0.5201066345742962 0.0529516370866836 0.4568292086168939 0.2799359865891872 1.432960539282816 0.8128751365465751 0.8239584752471982
95 950 0 0 0 1.321439666485655 0.40234974976151827 0.528247223235418 0.05305851538960465 0.44838182264259924 0.2648090292487679 1.4236463179626988 0.8238598674571947 0.8223017224221937
96 960 0 0 0 1.3211843535632097 0.36747442286129034 0.5279728318007689 0.0536973324405208 0.4571431775399283 0.24940829596040864 1.42084601216863 0.8160534561836937 0.8277422427507339
97 970 0 0 0 1.3243791205271023 0.36679734159461735 0.5106352785082854 0.05250397635868916 0.44378986805055526 0.23648655283569045 1.4192264288172591 0.8265614513738666 0.8113993847286779
98 980 0 0 0 1.3512866362405183 0.33823274090519684 0.5277669723858741 0.05426466212304184 0.4495472064516406 0.24441758410306072 1.4113015419208106 0.8261719554643187 0.8422246618150898
99 990 0 0 0 1.3496420552631403 0.30916648082205545 0.5599190560212577 0.05526183447878064 0.4581333797434131 0.2879415710563907 1.3809694282794096 0.8129831816447615 0.8277167917444727
100 1000 0 0 0 1.3598047034040746 0.3276426413899266 0.5911704555540378 0.055191441015555516 0.4546117663301975 0.28234621268161275 1.3652083973085787 0.8094091742654368 0.8032774614488855
101 1010 0 0 0 1.3837886727089561 0.35305592058326163 0.6311148403735427 0.055494719954738606 0.4893307765950958 0.2808135556483478 1.3478335088418076 0.7965424948498071 0.7596174149519097
102 1020 0 0 0 1.3401201837627361 0.3641096909369604 0.5921767243106018 0.05559179331880124 0.48114289734557414 0.2424574876056716 1.36652860938132 0.8197750974610173 0.7849009841852016
103 1030 0 0 0 1.3408463173875131 0.3573564353768296 0.5709143287367809 0.05558928170506118 0.4567838213164911 0.22130337663987432 1.3744587618508255 0.8323001200396902 0.8218538582742321
104 1040 0 0 0 1.3399399135428014 0.36498824636761507 0.584060767771714 0.05557637198978783 0.46603310944447623 0.22551089194140375 1.3496019393337373 0.8178767084064587 0.8005219921885315
105 1050 0 0 0 1.3303107302398554 0.3725970737701015 0.5843812503005879 0.05560388861817625 0.4755051097200228 0.20259301587220563 1.3589774600855937 0.8236484180073884 0.8028768373171151
106 1060 0 0 0 1.3396329464364787 0.3767067487698331 0.5833745264487016 0.055382441684592984 0.4796044878273729 0.2083716974981418 1.3742260820210446 0.8189041094129007 0.8129599924392045
107 1070 0 0 0 1.333609561523935 0.37551968630793103 0.5696621209167111 0.055139988176053194 0.482098983426567 0.18830152219759014 1.4054313081946908 0.829984612569998 0.8215099786183542
108 1080 0 0 0 1.3427635291519693 0.3772881697892553 0.5824613384698739 0.05535307015802046 0.494928175431616 0.2126519532177661 1.389734216001117 0.8120794812111505 0.7932266686391979
109 1090 0 0 0 1.3261880900831549 0.3927943041254983 0.5700362826281523 0.05529203138276512 0.4877599229946076 0.17954494215172798 1.4037708832676397 0.8249694397553133 0.8012294125066041
110 1100 0 0 0 1.325994439249275 0.3709489727221584 0.5451902136962276 0.055233642298686214 0.4816257805012672 0.15762756978197245 1.4167127874729148 0.8367934180689993 0.8086135173449583
111 1110 0 0 0 1.3182508807053002 0.37519030768673856 0.5407399918337342 0.05488688024790675 0.4819908892295105 0.15392622759230606 1.4174539332147953 0.8355217837344066 0.804817298720907
112 1120 0 0 0 1.336570407981982 0.3857919127451347 0.5590680028658624 0.05501716619020056 0.48869467431874447 0.15782371454626357 1.4031602964209453 0.8320371633832868 0.7874084147822975
113 1130 0 0 0 1.3268925304285835 0.41794181260115765 0.5781186611212068 0.05497314773161484 0.4864451891156969 0.1371038337426826 1.3896646036411895 0.8365664762280609 0.7686047797092685
114 1140 0 0 0 1.3401152070257802 0.42986744934200655 0.5976046159557405 0.05514904651996673 0.48895265611912153 0.11759849345866576 1.369566587203712 0.8389432644235313 0.7540674336974467
115 1150 0 0 0 1.3499833761136366 0.4423046962225443 0.6082643201846332 0.0551553149158671 0.4813692559676985 0.09573939610467715 1.36149147386398 0.844530813364486 0.7568346670980874
116 1160 0 0 0 1.3574708197760184 0.4385334528131758 0.6042356009035815 0.05520597433644176 0.48661586492518305 0.12633056106126356 1.3629546646714625 0.8382878373451753 0.7558453504077723
117 1170 0 0 0 1.3639302070509949 0.44717576494671557 0.6033436618823206 0.05522859968229591 0.48721460464273814 0.08828002569664256 1.369251223996196 0.84929844247341 0.7761017483951846
118 1180 0 0 0 1.3780818406085722 0.4098145807419578 0.6013480435937842 0.05500747212245539 0.484602575617987 0.10051390479399444 1.3678944861889775 0.8422445985348336 0.7909105332720664
119 1190 0 0 0 1.3773593165198785 0.4232363686580258 0.5868637336477347 0.05505305427400611 0.48117186704962506 0.074269017502083 1.3771844439689016 0.8540242831008656 0.7902954670555642
120 1200 0 0 0 1.3812391852848993 0.4271747740869187 0.6122087544727506 0.05503755397587945 0.47828561402162634 0.05549656925280344 1.3635245598098027 0.8543122643082234 0.7873981472467326
121 1210 0 0 0 1.3734191933091262 0.4390762974977217 0.6052459880260183 0.0549994612211289 0.47824243965415136 0.04876876679796431 1.3690842815788653 0.8521147046521299 0.7884730189722395
122 1220 0 0 0 1.3778447526233961 0.44455004140938126 0.6102974676802174 0.05488300113387544 0.47691845417883233 0.03568364334276264 1.3615464324879318 0.8534322898169777 0.7862268753692283
123 1230 0 0 0 1.367229484560575 0.45748063002360156 0.6101068224637058 0.05471359338013735 0.4816829844929773 0.028256746719233203 1.3568545658101208 0.8537356518587399 0.7775316014517025
124 1240 0 0 0 1.3698728262812958 0.45183013665330596 0.590386034958937 0.054588128428042816 0.4773208240304664 0.006514744741724594 1.367142103358199 0.8623034427532874 0.7857183209863164
125 1250 0 0 0 1.3577918185390014 0.47314271726971896 0.5820562611628836 0.054728777377055865 0.47940514890241165 0.01874368647977228 1.3661976146776451 0.8597200953597758 0.7700985085212149
126 1260 0 0 0 1.3692896178111154 0.46522576151868505 0.5930682978145725 0.05474027079845238 0.4809206964818118 0.042179642393355816 1.36224332745568 0.8551210088452738 0.7755870729123973
127 1270 0 0 0 1.3652650356292153 0.48644587008945234 0.5996044379932537 0.05479975747441809 0.4815289803053595 0.024758386522716395 1.3530583698448004 0.8567466659997821 0.7644693537281754
128 1280 0 0 0 1.3710860191837781 0.4689238647531498 0.607575303746149 0.054870427831104095 0.4826442102543104 0.04289120850413252 1.3568296776549584 0.8522264838633521 0.7736448372985266
129 1290 0 0 0 1.3622836093065367 0.48515952637035986 0.606965737769027 0.05484209182958212 0.48027187073476124 0.022980623000456286 1.3404588256647747 0.8538151427228035 0.7638411298764084
130 1300 0 0 0 1.3602830852697485 0.49415013496558857 0.6062496279658941 0.054717658318876095 0.47889448850373695 0.01310600870943891 1.3322098621559084 0.8514242505812215 0.758183391017157
131 1310 0 0 0 1.3576265554651175 0.5024695576553304 0.5952183952139045 0.05490460701660636 0.4767107182182512 0.012927948275483827 1.3441513376561027 0.8592395967979982 0.7620869354728498
132 1320 0 0 0 1.3610006034257112 0.5025259163129993 0.608257348109909 0.05491033532434039 0.4785847343617905 0.011338377512003393 1.3294057453151022 0.856671820978938 0.7598655591525351
133 1330 0 0 0 1.3596843585658962 0.5089029089917135 0.6142014345982838 0.05475326371437114 0.4780889085010398 0.01020152695341226 1.326400397243696 0.8544093889391152 0.7514317688886062
134 1340 0 0 0 1.363556236840322 0.5016074761477506 0.6224121776982846 0.05472032748507301 0.48000401528388054 0.01183449012972623 1.3259752421077238 0.85450074854997 0.7543489561509268
135 1350 0 0 0 1.368535890356006 0.5059707215546809 0.6292754935604121 0.05464475930363421 0.4798428972199011 0.004833779944822847 1.3225257479258534 0.8554349240294865 0.757074885643739
136 1360 0 0 0 1.3736388216056161 0.5001121055782469 0.6324811157674212 0.054735550678313 0.4825791102390907 0.00907517321404266 1.3234057108592945 0.8544130758283298 0.7543140649849488
137 1370 0 0 0 1.3738422990173067 0.49554431084972894 0.6194268823056185 0.05474843851525662 0.477471874559325 0.0036173916006545896 1.3300653227673038 0.8575364182333491 0.7663153859571616
138 1380 0 0 0 1.3759837095083842 0.49023386309513833 0.6148187897594745 0.05467705853740036 0.47986773609910055 0.006091063742974711 1.3378542482684779 0.8578410290961657 0.7687756149706874
139 1390 0 0 0 1.3806126849308085 0.4923294389991664 0.6215853540947565 0.0547570782668857 0.478483260104715 0.0018472960250929538 1.3323311534368776 0.8582310394829872 0.7694749109996194
140 1400 0 0 0 1.3792393214699947 0.4912749946801535 0.6248176116909704 0.054816668772198145 0.4807803299096059 0.004731626183820631 1.327399443664877 0.8560106381471614 0.7612185937560653
141 1410 0 0 0 1.3797236101849402 0.4897556430523269 0.6274275229030684 0.05474545511872244 0.482656453651181 0.010027323743360985 1.3264477339066372 0.8542487865303747 0.7619405202003563
142 1420 0 0 0 1.380759604983368 0.4906859352807688 0.6252059998272143 0.05493084988522397 0.48401778096956805 0.01872962320632209 1.3238075425960125 0.8525259115209831 0.7624851258178836
143 1430 0 0 0 1.3824141373713914 0.49136350679243745 0.6273182791511155 0.05488764849139352 0.4851398432461501 0.021464875678793596 1.3216610393036543 0.8515082752497385 0.7566508534750878
144 1440 0 0 0 1.3806146006617586 0.4935653150773866 0.6296775221174977 0.054909129242751764 0.4859886619841402 0.02260967846783903 1.3198017135547895 0.8503260781455461 0.7520901626979624
145 1450 0 0 0 1.382291990903642 0.4984043259068799 0.6335411298928372 0.05491364139183918 0.4859175457945603 0.020478432227288908 1.3159522589552965 0.850228214896286 0.7534334000433697
146 1460 0 0 0 1.3829200936891353 0.49930268719781146 0.6318552946443561 0.05489022118344945 0.48378927608705985 0.011932964678493207 1.3173088356006304 0.8526393019044858 0.7586592610400938
147 1470 0 0 0 1.383937788796392 0.500090162011929 0.6314212283926328 0.0547894833367296 0.48173090897570786 0.006326504442348339 1.3193719516758302 0.8549530127424221 0.7619878650785853
148 1480 0 0 0 1.3845634277633667 0.5027325656823678 0.6313361441001264 0.05470339189868852 0.4798369384517259 -0.0038841735473439144 1.320495915263215 0.857963284581666 0.764255073446644
149 1490 0 0 0 1.3826023214798706 0.5037759979180232 0.6238573741485139 0.05464500558923789 0.4778532013547913 -0.00844733107002757 1.3281621380667088 0.8610629262391312 0.7721954162306937
150 1500 0 0 0 1.378192607583602 0.5028079676946404 0.6182450132528194 0.05451647238518115 0.4773250024576708 -0.016178136862811703 1.3324093770124763 0.8634322084824542 0.7732421056876385
151 1510 0 0 0 1.378207906865747 0.49813259177658853 0.612876494925738 0.05442310189168837 0.476339657713743 -0.017601105953680054 1.3359398431138976 0.8653878346830236 0.7776974328426717
152 1520 0 0 0 1.3792932782068676 0.49898024729175905 0.6128458948967433 0.05429568901408389 0.47563953201293785 -0.03311432293281109 1.3349741559507597 0.8675506407890912 0.7830342998275803
153 1530 0 0 0 1.377495342478952 0.503389776793272 0.607756955085521 0.054195612779678416 0.4769453152490441 -0.03215756418328275 1.3376906366241421 0.8674305866160466 0.7790604216020351
154 1540 0 0 0 1.373161653798205 0.4965123938773524 0.5981567288426972 0.05398451515932707 0.47605903703490904 -0.04576871512459198 1.346362814731197 0.8717739452042889 0.7844007998426165
155 1550 0 0 0 1.3737283564680496 0.49881867855134804 0.5886971329618116 0.053516367338774594 0.4757892893012799 -0.06633052454168394 1.3506887208816005 0.8771720490840124 0.7947071007795262
156 1560 0 0 0 1.375370712262777 0.48937674060640873 0.5882569468475933 0.05325204017304178 0.47616619057644083 -0.07324120272029795 1.3526277864601943 0.878084503646276 0.8023896726604537
157 1570 0 0 0 1.3771767393326557 0.47978021021159545 0.5836513402965101 0.05306669711953581 0.4750102434953053 -0.07409152563292065 1.3528980089251723 0.8800043812334096 0.81485782690933
158 1580 0 0 0 1.3956799443302617 0.4629238647928331 0.5874676413788146 0.052882434522797415 0.4707939325046003 -0.06843987683883825 1.3590569870571492 0.8795482618252121 0.8255333811225645
159 1590 0 0 0 1.396990162498126 0.4397979117544776 0.5777507917361746 0.05265374424550516 0.46999267825424873 -0.05590267490219745 1.3703186250982413 0.8825098915330756 0.8350490992798464
160 1600 0 0 0 1.4122406562895455 0.4332716543334789 0.5913785649554177 0.05263958290208684 0.4614634123669621 -0.056682568278338875 1.3642198525954115 0.8835942015312717 0.8412125712872355
161 1610 0 0 0 1.405504891984828 0.45625981657371345 0.594609672209767 0.05246109487131663 0.46527662818951276 -0.051594807427116675 1.3392743704017396 0.876708255734975 0.8192946072475139
162 1620 0 0 0 1.4117383237834076 0.46001416259443856 0.6122650545549788 0.052484299255422015 0.46915503401616593 -0.041834119192068024 1.3163468089447907 0.8634101533303251 0.7833440082647669
163 1630 0 0 0 1.4052248682153308 0.48249691924735344 0.6080335545628685 0.05235337977056413 0.45934803218191667 -0.04874420050371637 1.31070657572611 0.867380406103549 0.7864605452511331
164 1640 0 0 0 1.4064485260227129 0.49151686594947036 0.6292920766238083 0.05240520844063563 0.45887426449378454 -0.03454484565648667 1.2834412689337478 0.8639264342943471 0.7624529354582703
165 1650 0 0 0 1.390928446666984 0.4843912316442524 0.611347106467581 0.05215690336771496 0.4638501080215117 -0.032938818689540655 1.2961001746472378 0.8623653339668639 0.7459942819311686
166 1660 0 0 0 1.3761206677191609 0.5033947697258813 0.6158972095860705 0.05230475697810408 0.45818520576330135 -0.015398097648402553 1.2821384305399757 0.8579547219334076 0.7308635495313177
167 1670 0 0 0 1.3532647429920575 0.5392018510033476 0.6215498181588525 0.05205820478216563 0.4619453559106995 -0.005379564536372682 1.2467447189256233 0.8475130269772945 0.6865881096529549
168 1680 0 0 0 1.3389907223962407 0.5319856100236579 0.6281441429140402 0.052985983555934424 0.4646400650683766 0.033996126877435806 1.2537483257893944 0.8442026646035213 0.6773882265264459
169 1690 0 0 0 1.3452412510555436 0.5323503191244312 0.5972824345412333 0.05260526920266052 0.4719543222117138 0.05564992310285552 1.2572832524188478 0.8474336540754558 0.6733832406915727
170 1700 0 0 0 1.3553812108975167 0.4693321116746339 0.575073183951281 0.0518010219600114 0.45842825204959803 0.025558514284390148 1.2839781410296183 0.85675260710973 0.7210372836888843
171 1710 0 0 0 1.3560917808404533 0.4319400006070255 0.5434675331784027 0.052060303388604026 0.469298818751309 0.033089372136649906 1.3047409785833028 0.8562216658565568 0.721182474542008
172 1720 0 0 0 1.3626264255310514 0.4533341693731306 0.5648154546507943 0.05204647454318878 0.474584661414108 0.018515760294467165 1.2531328722415584 0.8454029365755813 0.6691324605069054
173 1730 0 0 0 1.374700116878628 0.46499802801362544 0.5908528721653331 0.052240339447599905 0.4798472224282366 -0.005273788554190834 1.2364005842102042 0.8438909823252972 0.6464550142236771
174 1740 0 0 0 1.3833371265615586 0.4541998358597553 0.6018768058094756 0.052469207275284147 0.4718094879176477 -0.006517392975283004 1.2565252143219117 0.8520123624148233 0.6877909207591733
175 1750 0 0 0 1.3881535666995848 0.40146425858215007 0.6205342934701666 0.05254627238901469 0.46287272467190393 -0.004112201758059182 1.2351782834901437 0.8492782041474483 0.7009103681903978
176 1760 0 0 0 1.3644887636704186 0.44288658222016464 0.6316547561095041 0.052626162562951946 0.4532626531644378 -0.01380927431432332 1.234700275960227 0.8528826674112875 0.7002052090762453
177 1770 0 0 0 1.3816981323496795 0.44186270002055195 0.6252094288539789 0.05235568352791825 0.45860874081551434 -0.0008491693590894373 1.1984201353367236 0.8440918000904019 0.6929914505867193
178 1780 0 0 0 1.3728077822209441 0.42070877483201546 0.5961800436929714 0.051725631894551094 0.45810816566571533 -0.020537295628692526 1.2367705260825537 0.8525105326887416 0.7200136442884966
179 1790 0 0 0 1.3656865789044137 0.4351396136474245 0.5554554017769824 0.05234615533044191 0.45787256022258344 -0.019834302067184097 1.2720569278971587 0.873541867405206 0.7459542213217419
180 1800 0 0 0 1.3756607753013488 0.4386494821934707 0.56191692762784 0.052350358376352976 0.4615611736445206 -0.0127651196343193 1.2761228072591184 0.8677487897647743 0.7501978323874419
181 1810 0 0 0 1.3833542686656677 0.3593094064379918 0.5098927157222762 0.05232587940835844 0.45741233630183087 -0.0034598402603480405 1.3428851492883596 0.8804312944700732 0.8171011969725982
182 1820 0 0 0 1.375878515888005 0.4131956444424386 0.549276888199257 0.05237801309175782 0.4620112355013925 0.028386776675172837 1.2958599706000002 0.859787215872141 0.7534539866629176
183 1830 0 0 0 1.3724256646378021 0.41115445033778897 0.5638202124858821 0.05236354145188108 0.46035939234552853 0.05498003962492252 1.2782311481174282 0.8527785366930063 0.7606887841592982
184 1840 0 0 0 1.335572734938704 0.47079920236202466 0.5674627539075638 0.05193328847092786 0.4596924427799877 0.029091026062085273 1.2376143575595866 0.843547009145011 0.7017517866533078
185 1850 0 0 0 1.346801793353566 0.44098040395091437 0.5679484916434573 0.05191992238376709 0.4568534051805872 0.016161073449144532 1.2662119065373711 0.8478870539804632 0.7187816386669497
186 1860 0 0 0 1.3551997831177751 0.4460623995806341 0.5718284151274653 0.051883842533760334 0.45321528715476367 0.0033538511099149605 1.2928855968516497 0.8566953701630897 0.7205792874941269
187 1870 0 0 0 1.3619929069875594 0.4268616588372643 0.5529152249339312 0.05218643920484793 0.44501798013185967 -0.009909023697433508 1.3390829009487049 0.8796636140241254 0.7625551070578827
188 1880 0 0 0 1.3751208309819365 0.39161189054343937 0.542512307843863 0.05268758068969699 0.44183808653357104 0.008104471103281411 1.3699991863793548 0.8841223181558153 0.8303366473314059
189 1890 0 0 0 1.3905405223904443 0.38149647432365114 0.5441307034413104 0.052960682048536 0.4357410944188022 0.023196697803057092 1.3518763014560349 0.875296789671975 0.8526725661728248
190 1900 0 0 0 1.3814555836102391 0.4018805911877258 0.5208033377182768 0.0530142238334779 0.4379751441486751 0.0024536228472930993 1.3457170716358255 0.878686907733873 0.8401688940937917
191 1910 0 0 0 1.3825967617226829 0.4106496461459902 0.5549035930181306 0.05255020618077264 0.4305409152180438 0.012457962033455177 1.3213851261463574 0.8737578173020916 0.8252466633536545
192 1920 0 0 0 1.3911420050172258 0.44671107722491876 0.570814938164172 0.052455368593396154 0.4318616096060463 -0.01260522668452515 1.3076839167551413 0.8753147629387562 0.8021943429053517
193 1930 0 0 0 1.376106190671013 0.4604609059056689 0.5718671027181574 0.05278445671843923 0.42813227316686925 0.017916916461148957 1.3066991357307707 0.8706051788418349 0.794688754845536
194 1940 0 0 0 1.3826973732287342 0.48573316014984025 0.61006379735427 0.05301168788525732 0.4387621175907489 0.01706367959583969 1.2765384034055776 0.8597694896875872 0.7625783661298674
195 1950 0 0 0 1.389003988674237 0.4856335254821678 0.5998799008050589 0.05297370710613478 0.44056780786229305 -0.0030615877726112087 1.2728374482369316 0.8651899978846718 0.7621719204594459
196 1960 0 0 0 1.4019986691506152 0.4772752017629853 0.5870907410998566 0.05260292707581255 0.4338673815366509 -0.008605971433040512 1.2830782124685702 0.8717371242448353 0.7986076801016262
197 1970 0 0 0 1.4065113766104986 0.448414467768151 0.5886497840100932 0.052728215503561576 0.425771868898882 0.006299970797952007 1.310136338792704 0.875455956795496 0.8375969244012366
198 1980 0 0 0 1.4117809641311694 0.44986912169422527 0.5900685879064469 0.052717991176278095 0.4355089765312528 0.0017728901010748439 1.3270123225785386 0.878092411960026 0.8344659390371658
199 1990 0 0 0 1.4127812648872629 0.4861944630318754 0.6068397531893017 0.05242376409423111 0.436928715541516 -0.005437366918567261 1.3164064397929456 0.8762318395081297 0.813510555325724
200 2000 0 0 0 1.4265254728251282 0.4512618123752552 0.6101933068458923 0.05226572150174292 0.441267376237633 -0.005091963843661421 1.3372391734664184 0.879022012205988 0.8360740257410857
