% # columns="iteration, evaluation, min max(neg(.)) min(pos(.)) max correlation, correlation matrix principal axes lengths  (sorted square roots of eigenvalues of correlation matrix)", seed=135388, Tue Feb 21 18:30:07 2023
1 10 -0.07156184963503892 -0.03212047652387436 0.025751487673697598 0.13823820976992823 0.8432445589799212 0.9655677649455877 0.9776793206528517 0.9933484398332303 1.0011127798866182 1.0152647975661 1.030115674577986 1.0723978261313085 1.0815982250196912
2 20 -0.07156184963503892 -0.03212047652387436 0.025751487673697598 0.13823820976992823 0.8432445589799212 0.9655677649455877 0.9776793206528517 0.9933484398332303 1.0011127798866182 1.0152647975661 1.030115674577986 1.0723978261313085 1.0815982250196912
3 30 -0.07156184963503892 -0.03212047652387436 0.025751487673697598 0.13823820976992823 0.8432445589799212 0.9655677649455877 0.9776793206528517 0.9933484398332303 1.0011127798866182 1.0152647975661 1.030115674577986 1.0723978261313085 1.0815982250196912
4 40 -0.07156184963503892 -0.03212047652387436 0.025751487673697598 0.13823820976992823 0.8432445589799212 0.9655677649455877 0.9776793206528517 0.9933484398332303 1.0011127798866182 1.0152647975661 1.030115674577986 1.0723978261313085 1.0815982250196912
5 50 -0.07156184963503892 -0.03212047652387436 0.025751487673697598 0.13823820976992823 0.8432445589799212 0.9655677649455877 0.9776793206528517 0.9933484398332303 1.0011127798866182 1.0152647975661 1.030115674577986 1.0723978261313085 1.0815982250196912
6 60 -0.07156184963503892 -0.03212047652387436 0.025751487673697598 0.13823820976992823 0.8432445589799212 0.9655677649455877 0.9776793206528517 0.9933484398332303 1.0011127798866182 1.0152647975661 1.030115674577986 1.0723978261313085 1.0815982250196912
7 70 -0.07156184963503892 -0.03212047652387436 0.025751487673697598 0.13823820976992823 0.8432445589799212 0.9655677649455877 0.9776793206528517 0.9933484398332303 1.0011127798866182 1.0152647975661 1.030115674577986 1.0723978261313085 1.0815982250196912
8 80 -0.07156184963503892 -0.03212047652387436 0.025751487673697598 0.13823820976992823 0.8432445589799212 0.9655677649455877 0.9776793206528517 0.9933484398332303 1.0011127798866182 1.0152647975661 1.030115674577986 1.0723978261313085 1.0815982250196912
9 90 -0.07156184963503892 -0.03212047652387436 0.025751487673697598 0.13823820976992823 0.8432445589799212 0.9655677649455877 0.9776793206528517 0.9933484398332303 1.0011127798866182 1.0152647975661 1.030115674577986 1.0723978261313085 1.0815982250196912
10 100 -0.2331604579065851 -0.05228780938711382 0.07252877673834099 0.2502986382708816 0.623921862862492 0.8625200124023257 0.9258825359597541 0.9331031584401952 1.0046460034059226 1.0311784818384755 1.091523881453324 1.135488932336908 1.2591420133378983
11 110 -0.2331604579065851 -0.05228780938711382 0.07252877673834099 0.2502986382708816 0.623921862862492 0.8625200124023257 0.9258825359597541 0.9331031584401952 1.0046460034059226 1.0311784818384755 1.091523881453324 1.135488932336908 1.2591420133378983
12 120 -0.2331604579065851 -0.05228780938711382 0.07252877673834099 0.2502986382708816 0.623921862862492 0.8625200124023257 0.9258825359597541 0.9331031584401952 1.0046460034059226 1.0311784818384755 1.091523881453324 1.135488932336908 1.2591420133378983
13 130 -0.2331604579065851 -0.05228780938711382 0.07252877673834099 0.2502986382708816 0.623921862862492 0.8625200124023257 0.9258825359597541 0.9331031584401952 1.0046460034059226 1.0311784818384755 1.091523881453324 1.135488932336908 1.2591420133378983
14 140 -0.2331604579065851 -0.05228780938711382 0.07252877673834099 0.2502986382708816 0.623921862862492 0.8625200124023257 0.9258825359597541 0.9331031584401952 1.0046460034059226 1.0311784818384755 1.091523881453324 1.135488932336908 1.2591420133378983
15 150 -0.2331604579065851 -0.05228780938711382 0.07252877673834099 0.2502986382708816 0.623921862862492 0.8625200124023257 0.9258825359597541 0.9331031584401952 1.0046460034059226 1.0311784818384755 1.091523881453324 1.135488932336908 1.2591420133378983
16 160 -0.2331604579065851 -0.05228780938711382 0.07252877673834099 0.2502986382708816 0.623921862862492 0.8625200124023257 0.9258825359597541 0.9331031584401952 1.0046460034059226 1.0311784818384755 1.091523881453324 1.135488932336908 1.2591420133378983
17 170 -0.2331604579065851 -0.05228780938711382 0.07252877673834099 0.2502986382708816 0.623921862862492 0.8625200124023257 0.9258825359597541 0.9331031584401952 1.0046460034059226 1.0311784818384755 1.091523881453324 1.135488932336908 1.2591420133378983
18 180 -0.2331604579065851 -0.05228780938711382 0.07252877673834099 0.2502986382708816 0.623921862862492 0.8625200124023257 0.9258825359597541 0.9331031584401952 1.0046460034059226 1.0311784818384755 1.091523881453324 1.135488932336908 1.2591420133378983
19 190 -0.3073891026344979 -0.04936788565506051 0.12056728122926297 0.29228858068043356 0.5862574382626923 0.7733441240628266 0.8778228291133687 0.9351864705774401 0.979761269239691 1.042867548855138 1.1397185481145433 1.1557736286140832 1.3156057574828783
20 200 -0.3073891026344979 -0.04936788565506051 0.12056728122926297 0.29228858068043356 0.5862574382626923 0.7733441240628266 0.8778228291133687 0.9351864705774401 0.979761269239691 1.042867548855138 1.1397185481145433 1.1557736286140832 1.3156057574828783
21 210 -0.3073891026344979 -0.04936788565506051 0.12056728122926297 0.29228858068043356 0.5862574382626923 0.7733441240628266 0.8778228291133687 0.9351864705774401 0.979761269239691 1.042867548855138 1.1397185481145433 1.1557736286140832 1.3156057574828783
22 220 -0.3073891026344979 -0.04936788565506051 0.12056728122926297 0.29228858068043356 0.5862574382626923 0.7733441240628266 0.8778228291133687 0.9351864705774401 0.979761269239691 1.042867548855138 1.1397185481145433 1.1557736286140832 1.3156057574828783
23 230 -0.3073891026344979 -0.04936788565506051 0.12056728122926297 0.29228858068043356 0.5862574382626923 0.7733441240628266 0.8778228291133687 0.9351864705774401 0.979761269239691 1.042867548855138 1.1397185481145433 1.1557736286140832 1.3156057574828783
24 240 -0.3073891026344979 -0.04936788565506051 0.12056728122926297 0.29228858068043356 0.5862574382626923 0.7733441240628266 0.8778228291133687 0.9351864705774401 0.979761269239691 1.042867548855138 1.1397185481145433 1.1557736286140832 1.3156057574828783
25 250 -0.3073891026344979 -0.04936788565506051 0.12056728122926297 0.29228858068043356 0.5862574382626923 0.7733441240628266 0.8778228291133687 0.9351864705774401 0.979761269239691 1.042867548855138 1.1397185481145433 1.1557736286140832 1.3156057574828783
26 260 -0.3073891026344979 -0.04936788565506051 0.12056728122926297 0.29228858068043356 0.5862574382626923 0.7733441240628266 0.8778228291133687 0.9351864705774401 0.979761269239691 1.042867548855138 1.1397185481145433 1.1557736286140832 1.3156057574828783
27 270 -0.3073891026344979 -0.04936788565506051 0.12056728122926297 0.29228858068043356 0.5862574382626923 0.7733441240628266 0.8778228291133687 0.9351864705774401 0.979761269239691 1.042867548855138 1.1397185481145433 1.1557736286140832 1.3156057574828783
28 280 -0.38378419452995505 -0.10984751709102136 0.12085936387589999 0.3597799901409283 0.4748301333655359 0.766262139625886 0.8779410316612989 0.9341733978531264 0.9578629749786278 1.0533199530483566 1.0723410506392768 1.2089553321217987 1.3803787738213336
29 290 -0.38378419452995505 -0.10984751709102136 0.12085936387589999 0.3597799901409283 0.4748301333655359 0.766262139625886 0.8779410316612989 0.9341733978531264 0.9578629749786278 1.0533199530483566 1.0723410506392768 1.2089553321217987 1.3803787738213336
30 300 -0.38378419452995505 -0.10984751709102136 0.12085936387589999 0.3597799901409283 0.4748301333655359 0.766262139625886 0.8779410316612989 0.9341733978531264 0.9578629749786278 1.0533199530483566 1.0723410506392768 1.2089553321217987 1.3803787738213336
31 310 -0.38378419452995505 -0.10984751709102136 0.12085936387589999 0.3597799901409283 0.4748301333655359 0.766262139625886 0.8779410316612989 0.9341733978531264 0.9578629749786278 1.0533199530483566 1.0723410506392768 1.2089553321217987 1.3803787738213336
32 320 -0.38378419452995505 -0.10984751709102136 0.12085936387589999 0.3597799901409283 0.4748301333655359 0.766262139625886 0.8779410316612989 0.9341733978531264 0.9578629749786278 1.0533199530483566 1.0723410506392768 1.2089553321217987 1.3803787738213336
33 330 -0.38378419452995505 -0.10984751709102136 0.12085936387589999 0.3597799901409283 0.4748301333655359 0.766262139625886 0.8779410316612989 0.9341733978531264 0.9578629749786278 1.0533199530483566 1.0723410506392768 1.2089553321217987 1.3803787738213336
34 340 -0.38378419452995505 -0.10984751709102136 0.12085936387589999 0.3597799901409283 0.4748301333655359 0.766262139625886 0.8779410316612989 0.9341733978531264 0.9578629749786278 1.0533199530483566 1.0723410506392768 1.2089553321217987 1.3803787738213336
35 350 -0.38378419452995505 -0.10984751709102136 0.12085936387589999 0.3597799901409283 0.4748301333655359 0.766262139625886 0.8779410316612989 0.9341733978531264 0.9578629749786278 1.0533199530483566 1.0723410506392768 1.2089553321217987 1.3803787738213336
36 360 -0.38378419452995505 -0.10984751709102136 0.12085936387589999 0.3597799901409283 0.4748301333655359 0.766262139625886 0.8779410316612989 0.9341733978531264 0.9578629749786278 1.0533199530483566 1.0723410506392768 1.2089553321217987 1.3803787738213336
37 370 -0.4799087317990636 -0.07352746620939779 0.1045885660084297 0.2859672062651449 0.4826006276580547 0.7597212196491906 0.825339682710848 0.8879781061380831 0.995443010060082 1.1016241171799186 1.1520851527705105 1.181784395673084 1.3385934987293266
38 380 -0.4799087317990636 -0.07352746620939779 0.1045885660084297 0.2859672062651449 0.4826006276580547 0.7597212196491906 0.825339682710848 0.8879781061380831 0.995443010060082 1.1016241171799186 1.1520851527705105 1.181784395673084 1.3385934987293266
39 390 -0.4799087317990636 -0.07352746620939779 0.1045885660084297 0.2859672062651449 0.4826006276580547 0.7597212196491906 0.825339682710848 0.8879781061380831 0.995443010060082 1.1016241171799186 1.1520851527705105 1.181784395673084 1.3385934987293266
40 400 -0.4799087317990636 -0.07352746620939779 0.1045885660084297 0.2859672062651449 0.4826006276580547 0.7597212196491906 0.825339682710848 0.8879781061380831 0.995443010060082 1.1016241171799186 1.1520851527705105 1.181784395673084 1.3385934987293266
41 410 -0.4799087317990636 -0.07352746620939779 0.1045885660084297 0.2859672062651449 0.4826006276580547 0.7597212196491906 0.825339682710848 0.8879781061380831 0.995443010060082 1.1016241171799186 1.1520851527705105 1.181784395673084 1.3385934987293266
42 420 -0.4799087317990636 -0.07352746620939779 0.1045885660084297 0.2859672062651449 0.4826006276580547 0.7597212196491906 0.825339682710848 0.8879781061380831 0.995443010060082 1.1016241171799186 1.1520851527705105 1.181784395673084 1.3385934987293266
43 430 -0.4799087317990636 -0.07352746620939779 0.1045885660084297 0.2859672062651449 0.4826006276580547 0.7597212196491906 0.825339682710848 0.8879781061380831 0.995443010060082 1.1016241171799186 1.1520851527705105 1.181784395673084 1.3385934987293266
44 440 -0.4799087317990636 -0.07352746620939779 0.1045885660084297 0.2859672062651449 0.4826006276580547 0.7597212196491906 0.825339682710848 0.8879781061380831 0.995443010060082 1.1016241171799186 1.1520851527705105 1.181784395673084 1.3385934987293266
45 450 -0.4799087317990636 -0.07352746620939779 0.1045885660084297 0.2859672062651449 0.4826006276580547 0.7597212196491906 0.825339682710848 0.8879781061380831 0.995443010060082 1.1016241171799186 1.1520851527705105 1.181784395673084 1.3385934987293266
46 460 -0.5698773993299718 -0.11478067990761233 0.11813970169972009 0.29031145631226857 0.4197960147646979 0.6927547596088105 0.7648127098701062 0.862143599474033 1.020188540192258 1.048871640951116 1.1296617717368613 1.2566841275488312 1.4210295528405419
47 470 -0.5698773993299718 -0.11478067990761233 0.11813970169972009 0.29031145631226857 0.4197960147646979 0.6927547596088105 0.7648127098701062 0.862143599474033 1.020188540192258 1.048871640951116 1.1296617717368613 1.2566841275488312 1.4210295528405419
48 480 -0.5698773993299718 -0.11478067990761233 0.11813970169972009 0.29031145631226857 0.4197960147646979 0.6927547596088105 0.7648127098701062 0.862143599474033 1.020188540192258 1.048871640951116 1.1296617717368613 1.2566841275488312 1.4210295528405419
49 490 -0.5698773993299718 -0.11478067990761233 0.11813970169972009 0.29031145631226857 0.4197960147646979 0.6927547596088105 0.7648127098701062 0.862143599474033 1.020188540192258 1.048871640951116 1.1296617717368613 1.2566841275488312 1.4210295528405419
50 500 -0.5698773993299718 -0.11478067990761233 0.11813970169972009 0.29031145631226857 0.4197960147646979 0.6927547596088105 0.7648127098701062 0.862143599474033 1.020188540192258 1.048871640951116 1.1296617717368613 1.2566841275488312 1.4210295528405419
51 510 -0.5698773993299718 -0.11478067990761233 0.11813970169972009 0.29031145631226857 0.4197960147646979 0.6927547596088105 0.7648127098701062 0.862143599474033 1.020188540192258 1.048871640951116 1.1296617717368613 1.2566841275488312 1.4210295528405419
52 520 -0.5698773993299718 -0.11478067990761233 0.11813970169972009 0.29031145631226857 0.4197960147646979 0.6927547596088105 0.7648127098701062 0.862143599474033 1.020188540192258 1.048871640951116 1.1296617717368613 1.2566841275488312 1.4210295528405419
53 530 -0.5698773993299718 -0.11478067990761233 0.11813970169972009 0.29031145631226857 0.4197960147646979 0.6927547596088105 0.7648127098701062 0.862143599474033 1.020188540192258 1.048871640951116 1.1296617717368613 1.2566841275488312 1.4210295528405419
54 540 -0.5698773993299718 -0.11478067990761233 0.11813970169972009 0.29031145631226857 0.4197960147646979 0.6927547596088105 0.7648127098701062 0.862143599474033 1.020188540192258 1.048871640951116 1.1296617717368613 1.2566841275488312 1.4210295528405419
55 550 -0.5940928270973862 -0.11030620568113599 0.08636875155923698 0.3671282074638485 0.4838359321396518 0.6826408385496016 0.7067733923371857 0.8841646562942727 0.9268249147022853 1.0771438911851199 1.1438788800819442 1.2087390551111548 1.493276976411348
56 560 -0.5940928270973862 -0.11030620568113599 0.08636875155923698 0.3671282074638485 0.4838359321396518 0.6826408385496016 0.7067733923371857 0.8841646562942727 0.9268249147022853 1.0771438911851199 1.1438788800819442 1.2087390551111548 1.493276976411348
57 570 -0.5940928270973862 -0.11030620568113599 0.08636875155923698 0.3671282074638485 0.4838359321396518 0.6826408385496016 0.7067733923371857 0.8841646562942727 0.9268249147022853 1.0771438911851199 1.1438788800819442 1.2087390551111548 1.493276976411348
58 580 -0.5940928270973862 -0.11030620568113599 0.08636875155923698 0.3671282074638485 0.4838359321396518 0.6826408385496016 0.7067733923371857 0.8841646562942727 0.9268249147022853 1.0771438911851199 1.1438788800819442 1.2087390551111548 1.493276976411348
59 590 -0.5940928270973862 -0.11030620568113599 0.08636875155923698 0.3671282074638485 0.4838359321396518 0.6826408385496016 0.7067733923371857 0.8841646562942727 0.9268249147022853 1.0771438911851199 1.1438788800819442 1.2087390551111548 1.493276976411348
60 600 -0.5940928270973862 -0.11030620568113599 0.08636875155923698 0.3671282074638485 0.4838359321396518 0.6826408385496016 0.7067733923371857 0.8841646562942727 0.9268249147022853 1.0771438911851199 1.1438788800819442 1.2087390551111548 1.493276976411348
61 610 -0.5940928270973862 -0.11030620568113599 0.08636875155923698 0.3671282074638485 0.4838359321396518 0.6826408385496016 0.7067733923371857 0.8841646562942727 0.9268249147022853 1.0771438911851199 1.1438788800819442 1.2087390551111548 1.493276976411348
62 620 -0.5940928270973862 -0.11030620568113599 0.08636875155923698 0.3671282074638485 0.4838359321396518 0.6826408385496016 0.7067733923371857 0.8841646562942727 0.9268249147022853 1.0771438911851199 1.1438788800819442 1.2087390551111548 1.493276976411348
63 630 -0.5940928270973862 -0.11030620568113599 0.08636875155923698 0.3671282074638485 0.4838359321396518 0.6826408385496016 0.7067733923371857 0.8841646562942727 0.9268249147022853 1.0771438911851199 1.1438788800819442 1.2087390551111548 1.493276976411348
64 640 -0.5973040452420364 -0.1206825993859607 0.12799852450978422 0.40107903107026094 0.45328419062464786 0.5850686378344387 0.6982263502440061 0.8737986764654784 0.9405953665497753 1.0209183770106103 1.1849615268746734 1.3424490811794443 1.4380148248745037
65 650 -0.5973040452420364 -0.1206825993859607 0.12799852450978422 0.40107903107026094 0.45328419062464786 0.5850686378344387 0.6982263502440061 0.8737986764654784 0.9405953665497753 1.0209183770106103 1.1849615268746734 1.3424490811794443 1.4380148248745037
66 660 -0.5973040452420364 -0.1206825993859607 0.12799852450978422 0.40107903107026094 0.45328419062464786 0.5850686378344387 0.6982263502440061 0.8737986764654784 0.9405953665497753 1.0209183770106103 1.1849615268746734 1.3424490811794443 1.4380148248745037
67 670 -0.5973040452420364 -0.1206825993859607 0.12799852450978422 0.40107903107026094 0.45328419062464786 0.5850686378344387 0.6982263502440061 0.8737986764654784 0.9405953665497753 1.0209183770106103 1.1849615268746734 1.3424490811794443 1.4380148248745037
68 680 -0.5973040452420364 -0.1206825993859607 0.12799852450978422 0.40107903107026094 0.45328419062464786 0.5850686378344387 0.6982263502440061 0.8737986764654784 0.9405953665497753 1.0209183770106103 1.1849615268746734 1.3424490811794443 1.4380148248745037
69 690 -0.5973040452420364 -0.1206825993859607 0.12799852450978422 0.40107903107026094 0.45328419062464786 0.5850686378344387 0.6982263502440061 0.8737986764654784 0.9405953665497753 1.0209183770106103 1.1849615268746734 1.3424490811794443 1.4380148248745037
70 700 -0.5973040452420364 -0.1206825993859607 0.12799852450978422 0.40107903107026094 0.45328419062464786 0.5850686378344387 0.6982263502440061 0.8737986764654784 0.9405953665497753 1.0209183770106103 1.1849615268746734 1.3424490811794443 1.4380148248745037
71 710 -0.5973040452420364 -0.1206825993859607 0.12799852450978422 0.40107903107026094 0.45328419062464786 0.5850686378344387 0.6982263502440061 0.8737986764654784 0.9405953665497753 1.0209183770106103 1.1849615268746734 1.3424490811794443 1.4380148248745037
72 720 -0.5973040452420364 -0.1206825993859607 0.12799852450978422 0.40107903107026094 0.45328419062464786 0.5850686378344387 0.6982263502440061 0.8737986764654784 0.9405953665497753 1.0209183770106103 1.1849615268746734 1.3424490811794443 1.4380148248745037
73 730 -0.6371897170781131 -0.1299814205686351 0.13771859374421622 0.47440483524102317 0.4463780286536496 0.5507422725394567 0.6073817320788691 0.7997053318445387 0.8518113470808159 1.0293552462492663 1.2626507014803818 1.348920747416236 1.5132612622327484
74 740 -0.6371897170781131 -0.1299814205686351 0.13771859374421622 0.47440483524102317 0.4463780286536496 0.5507422725394567 0.6073817320788691 0.7997053318445387 0.8518113470808159 1.0293552462492663 1.2626507014803818 1.348920747416236 1.5132612622327484
75 750 -0.6371897170781131 -0.1299814205686351 0.13771859374421622 0.47440483524102317 0.4463780286536496 0.5507422725394567 0.6073817320788691 0.7997053318445387 0.8518113470808159 1.0293552462492663 1.2626507014803818 1.348920747416236 1.5132612622327484
76 760 -0.6371897170781131 -0.1299814205686351 0.13771859374421622 0.47440483524102317 0.4463780286536496 0.5507422725394567 0.6073817320788691 0.7997053318445387 0.8518113470808159 1.0293552462492663 1.2626507014803818 1.348920747416236 1.5132612622327484
77 770 -0.6371897170781131 -0.1299814205686351 0.13771859374421622 0.47440483524102317 0.4463780286536496 0.5507422725394567 0.6073817320788691 0.7997053318445387 0.8518113470808159 1.0293552462492663 1.2626507014803818 1.348920747416236 1.5132612622327484
78 780 -0.6371897170781131 -0.1299814205686351 0.13771859374421622 0.47440483524102317 0.4463780286536496 0.5507422725394567 0.6073817320788691 0.7997053318445387 0.8518113470808159 1.0293552462492663 1.2626507014803818 1.348920747416236 1.5132612622327484
79 790 -0.6371897170781131 -0.1299814205686351 0.13771859374421622 0.47440483524102317 0.4463780286536496 0.5507422725394567 0.6073817320788691 0.7997053318445387 0.8518113470808159 1.0293552462492663 1.2626507014803818 1.348920747416236 1.5132612622327484
80 800 -0.6371897170781131 -0.1299814205686351 0.13771859374421622 0.47440483524102317 0.4463780286536496 0.5507422725394567 0.6073817320788691 0.7997053318445387 0.8518113470808159 1.0293552462492663 1.2626507014803818 1.348920747416236 1.5132612622327484
81 810 -0.6371897170781131 -0.1299814205686351 0.13771859374421622 0.47440483524102317 0.4463780286536496 0.5507422725394567 0.6073817320788691 0.7997053318445387 0.8518113470808159 1.0293552462492663 1.2626507014803818 1.348920747416236 1.5132612622327484
82 820 -0.688134174846265 -0.11417532196990057 0.16157926665413488 0.4027050540394064 0.41807157580918386 0.5681430246395476 0.6307309328558345 0.8379572374045484 0.9112809415944967 1.0524968612266818 1.2215826609000298 1.3443058233748435 1.4713364258719062
83 830 -0.688134174846265 -0.11417532196990057 0.16157926665413488 0.4027050540394064 0.41807157580918386 0.5681430246395476 0.6307309328558345 0.8379572374045484 0.9112809415944967 1.0524968612266818 1.2215826609000298 1.3443058233748435 1.4713364258719062
84 840 -0.688134174846265 -0.11417532196990057 0.16157926665413488 0.4027050540394064 0.41807157580918386 0.5681430246395476 0.6307309328558345 0.8379572374045484 0.9112809415944967 1.0524968612266818 1.2215826609000298 1.3443058233748435 1.4713364258719062
85 850 -0.688134174846265 -0.11417532196990057 0.16157926665413488 0.4027050540394064 0.41807157580918386 0.5681430246395476 0.6307309328558345 0.8379572374045484 0.9112809415944967 1.0524968612266818 1.2215826609000298 1.3443058233748435 1.4713364258719062
86 860 -0.688134174846265 -0.11417532196990057 0.16157926665413488 0.4027050540394064 0.41807157580918386 0.5681430246395476 0.6307309328558345 0.8379572374045484 0.9112809415944967 1.0524968612266818 1.2215826609000298 1.3443058233748435 1.4713364258719062
87 870 -0.688134174846265 -0.11417532196990057 0.16157926665413488 0.4027050540394064 0.41807157580918386 0.5681430246395476 0.6307309328558345 0.8379572374045484 0.9112809415944967 1.0524968612266818 1.2215826609000298 1.3443058233748435 1.4713364258719062
88 880 -0.688134174846265 -0.11417532196990057 0.16157926665413488 0.4027050540394064 0.41807157580918386 0.5681430246395476 0.6307309328558345 0.8379572374045484 0.9112809415944967 1.0524968612266818 1.2215826609000298 1.3443058233748435 1.4713364258719062
89 890 -0.688134174846265 -0.11417532196990057 0.16157926665413488 0.4027050540394064 0.41807157580918386 0.5681430246395476 0.6307309328558345 0.8379572374045484 0.9112809415944967 1.0524968612266818 1.2215826609000298 1.3443058233748435 1.4713364258719062
90 900 -0.688134174846265 -0.11417532196990057 0.16157926665413488 0.4027050540394064 0.41807157580918386 0.5681430246395476 0.6307309328558345 0.8379572374045484 0.9112809415944967 1.0524968612266818 1.2215826609000298 1.3443058233748435 1.4713364258719062
91 910 -0.7375026812181384 -0.11358778282446565 0.1566794305543972 0.398993492832016 0.39205864949465363 0.5021123865206979 0.6723623066699965 0.8410612352323467 0.8907819284164809 1.0447649812983673 1.2536742724490535 1.365328594464223 1.4539155516792164
92 920 -0.7375026812181384 -0.11358778282446565 0.1566794305543972 0.398993492832016 0.39205864949465363 0.5021123865206979 0.6723623066699965 0.8410612352323467 0.8907819284164809 1.0447649812983673 1.2536742724490535 1.365328594464223 1.4539155516792164
93 930 -0.7375026812181384 -0.11358778282446565 0.1566794305543972 0.398993492832016 0.39205864949465363 0.5021123865206979 0.6723623066699965 0.8410612352323467 0.8907819284164809 1.0447649812983673 1.2536742724490535 1.365328594464223 1.4539155516792164
94 940 -0.7375026812181384 -0.11358778282446565 0.1566794305543972 0.398993492832016 0.39205864949465363 0.5021123865206979 0.6723623066699965 0.8410612352323467 0.8907819284164809 1.0447649812983673 1.2536742724490535 1.365328594464223 1.4539155516792164
95 950 -0.7375026812181384 -0.11358778282446565 0.1566794305543972 0.398993492832016 0.39205864949465363 0.5021123865206979 0.6723623066699965 0.8410612352323467 0.8907819284164809 1.0447649812983673 1.2536742724490535 1.365328594464223 1.4539155516792164
96 960 -0.7375026812181384 -0.11358778282446565 0.1566794305543972 0.398993492832016 0.39205864949465363 0.5021123865206979 0.6723623066699965 0.8410612352323467 0.8907819284164809 1.0447649812983673 1.2536742724490535 1.365328594464223 1.4539155516792164
97 970 -0.7375026812181384 -0.11358778282446565 0.1566794305543972 0.398993492832016 0.39205864949465363 0.5021123865206979 0.6723623066699965 0.8410612352323467 0.8907819284164809 1.0447649812983673 1.2536742724490535 1.365328594464223 1.4539155516792164
98 980 -0.7375026812181384 -0.11358778282446565 0.1566794305543972 0.398993492832016 0.39205864949465363 0.5021123865206979 0.6723623066699965 0.8410612352323467 0.8907819284164809 1.0447649812983673 1.2536742724490535 1.365328594464223 1.4539155516792164
99 990 -0.7375026812181384 -0.11358778282446565 0.1566794305543972 0.398993492832016 0.39205864949465363 0.5021123865206979 0.6723623066699965 0.8410612352323467 0.8907819284164809 1.0447649812983673 1.2536742724490535 1.365328594464223 1.4539155516792164
100 1000 -0.7782431908461489 -0.10133135844999584 0.1295498953942702 0.39382855010773576 0.36440394378395036 0.48659009030365824 0.6848044937822233 0.860324842878386 0.9012848457468831 1.0004683032719426 1.1979608343561885 1.2981030309146515 1.5773049740772813
101 1010 -0.7782431908461489 -0.10133135844999584 0.1295498953942702 0.39382855010773576 0.36440394378395036 0.48659009030365824 0.6848044937822233 0.860324842878386 0.9012848457468831 1.0004683032719426 1.1979608343561885 1.2981030309146515 1.5773049740772813
102 1020 -0.7782431908461489 -0.10133135844999584 0.1295498953942702 0.39382855010773576 0.36440394378395036 0.48659009030365824 0.6848044937822233 0.860324842878386 0.9012848457468831 1.0004683032719426 1.1979608343561885 1.2981030309146515 1.5773049740772813
103 1030 -0.7782431908461489 -0.10133135844999584 0.1295498953942702 0.39382855010773576 0.36440394378395036 0.48659009030365824 0.6848044937822233 0.860324842878386 0.9012848457468831 1.0004683032719426 1.1979608343561885 1.2981030309146515 1.5773049740772813
104 1040 -0.7782431908461489 -0.10133135844999584 0.1295498953942702 0.39382855010773576 0.36440394378395036 0.48659009030365824 0.6848044937822233 0.860324842878386 0.9012848457468831 1.0004683032719426 1.1979608343561885 1.2981030309146515 1.5773049740772813
105 1050 -0.7782431908461489 -0.10133135844999584 0.1295498953942702 0.39382855010773576 0.36440394378395036 0.48659009030365824 0.6848044937822233 0.860324842878386 0.9012848457468831 1.0004683032719426 1.1979608343561885 1.2981030309146515 1.5773049740772813
106 1060 -0.7782431908461489 -0.10133135844999584 0.1295498953942702 0.39382855010773576 0.36440394378395036 0.48659009030365824 0.6848044937822233 0.860324842878386 0.9012848457468831 1.0004683032719426 1.1979608343561885 1.2981030309146515 1.5773049740772813
107 1070 -0.7782431908461489 -0.10133135844999584 0.1295498953942702 0.39382855010773576 0.36440394378395036 0.48659009030365824 0.6848044937822233 0.860324842878386 0.9012848457468831 1.0004683032719426 1.1979608343561885 1.2981030309146515 1.5773049740772813
108 1080 -0.7782431908461489 -0.10133135844999584 0.1295498953942702 0.39382855010773576 0.36440394378395036 0.48659009030365824 0.6848044937822233 0.860324842878386 0.9012848457468831 1.0004683032719426 1.1979608343561885 1.2981030309146515 1.5773049740772813
109 1090 -0.7639305241551799 -0.2279795657516583 0.22905308796012278 0.40303789664733075 0.3379380721389904 0.4462801171128974 0.6400892538466917 0.8030207572570173 0.932153343550368 1.0196105825363648 1.1467095751195504 1.2630615623930088 1.6772872058819353
110 1100 -0.7639305241551799 -0.2279795657516583 0.22905308796012278 0.40303789664733075 0.3379380721389904 0.4462801171128974 0.6400892538466917 0.8030207572570173 0.932153343550368 1.0196105825363648 1.1467095751195504 1.2630615623930088 1.6772872058819353
111 1110 -0.7639305241551799 -0.2279795657516583 0.22905308796012278 0.40303789664733075 0.3379380721389904 0.4462801171128974 0.6400892538466917 0.8030207572570173 0.932153343550368 1.0196105825363648 1.1467095751195504 1.2630615623930088 1.6772872058819353
112 1120 -0.7639305241551799 -0.2279795657516583 0.22905308796012278 0.40303789664733075 0.3379380721389904 0.4462801171128974 0.6400892538466917 0.8030207572570173 0.932153343550368 1.0196105825363648 1.1467095751195504 1.2630615623930088 1.6772872058819353
113 1130 -0.7639305241551799 -0.2279795657516583 0.22905308796012278 0.40303789664733075 0.3379380721389904 0.4462801171128974 0.6400892538466917 0.8030207572570173 0.932153343550368 1.0196105825363648 1.1467095751195504 1.2630615623930088 1.6772872058819353
114 1140 -0.7639305241551799 -0.2279795657516583 0.22905308796012278 0.40303789664733075 0.3379380721389904 0.4462801171128974 0.6400892538466917 0.8030207572570173 0.932153343550368 1.0196105825363648 1.1467095751195504 1.2630615623930088 1.6772872058819353
115 1150 -0.7639305241551799 -0.2279795657516583 0.22905308796012278 0.40303789664733075 0.3379380721389904 0.4462801171128974 0.6400892538466917 0.8030207572570173 0.932153343550368 1.0196105825363648 1.1467095751195504 1.2630615623930088 1.6772872058819353
116 1160 -0.7639305241551799 -0.2279795657516583 0.22905308796012278 0.40303789664733075 0.3379380721389904 0.4462801171128974 0.6400892538466917 0.8030207572570173 0.932153343550368 1.0196105825363648 1.1467095751195504 1.2630615623930088 1.6772872058819353
117 1170 -0.7639305241551799 -0.2279795657516583 0.22905308796012278 0.40303789664733075 0.3379380721389904 0.4462801171128974 0.6400892538466917 0.8030207572570173 0.932153343550368 1.0196105825363648 1.1467095751195504 1.2630615623930088 1.6772872058819353
118 1180 -0.6705951256287891 -0.28622260251351733 0.26181861047863475 0.5402377786364876 0.33395681294861096 0.47938648747346874 0.6699666412321732 0.7372460922522344 0.8734517665261458 0.94537676705007 1.1297060221306652 1.260685524260453 1.7731484523762004
119 1190 -0.6705951256287891 -0.28622260251351733 0.26181861047863475 0.5402377786364876 0.33395681294861096 0.47938648747346874 0.6699666412321732 0.7372460922522344 0.8734517665261458 0.94537676705007 1.1297060221306652 1.260685524260453 1.7731484523762004
120 1200 -0.6705951256287891 -0.28622260251351733 0.26181861047863475 0.5402377786364876 0.33395681294861096 0.47938648747346874 0.6699666412321732 0.7372460922522344 0.8734517665261458 0.94537676705007 1.1297060221306652 1.260685524260453 1.7731484523762004
121 1210 -0.6705951256287891 -0.28622260251351733 0.26181861047863475 0.5402377786364876 0.33395681294861096 0.47938648747346874 0.6699666412321732 0.7372460922522344 0.8734517665261458 0.94537676705007 1.1297060221306652 1.260685524260453 1.7731484523762004
122 1220 -0.6705951256287891 -0.28622260251351733 0.26181861047863475 0.5402377786364876 0.33395681294861096 0.47938648747346874 0.6699666412321732 0.7372460922522344 0.8734517665261458 0.94537676705007 1.1297060221306652 1.260685524260453 1.7731484523762004
123 1230 -0.6705951256287891 -0.28622260251351733 0.26181861047863475 0.5402377786364876 0.33395681294861096 0.47938648747346874 0.6699666412321732 0.7372460922522344 0.8734517665261458 0.94537676705007 1.1297060221306652 1.260685524260453 1.7731484523762004
124 1240 -0.6705951256287891 -0.28622260251351733 0.26181861047863475 0.5402377786364876 0.33395681294861096 0.47938648747346874 0.6699666412321732 0.7372460922522344 0.8734517665261458 0.94537676705007 1.1297060221306652 1.260685524260453 1.7731484523762004
125 1250 -0.6705951256287891 -0.28622260251351733 0.26181861047863475 0.5402377786364876 0.33395681294861096 0.47938648747346874 0.6699666412321732 0.7372460922522344 0.8734517665261458 0.94537676705007 1.1297060221306652 1.260685524260453 1.7731484523762004
126 1260 -0.6705951256287891 -0.28622260251351733 0.26181861047863475 0.5402377786364876 0.33395681294861096 0.47938648747346874 0.6699666412321732 0.7372460922522344 0.8734517665261458 0.94537676705007 1.1297060221306652 1.260685524260453 1.7731484523762004
127 1270 -0.6386591649277609 -0.27234272290998707 0.21818680163584087 0.5319743050664925 0.374095303340893 0.46549788204187437 0.6373451801504232 0.7111341535682182 0.9010648716967139 0.9441148508297221 1.052718339923761 1.3746588635953367 1.7407671049754319
128 1280 -0.6386591649277609 -0.27234272290998707 0.21818680163584087 0.5319743050664925 0.374095303340893 0.46549788204187437 0.6373451801504232 0.7111341535682182 0.9010648716967139 0.9441148508297221 1.052718339923761 1.3746588635953367 1.7407671049754319
129 1290 -0.6386591649277609 -0.27234272290998707 0.21818680163584087 0.5319743050664925 0.374095303340893 0.46549788204187437 0.6373451801504232 0.7111341535682182 0.9010648716967139 0.9441148508297221 1.052718339923761 1.3746588635953367 1.7407671049754319
130 1300 -0.6386591649277609 -0.27234272290998707 0.21818680163584087 0.5319743050664925 0.374095303340893 0.46549788204187437 0.6373451801504232 0.7111341535682182 0.9010648716967139 0.9441148508297221 1.052718339923761 1.3746588635953367 1.7407671049754319
131 1310 -0.6386591649277609 -0.27234272290998707 0.21818680163584087 0.5319743050664925 0.374095303340893 0.46549788204187437 0.6373451801504232 0.7111341535682182 0.9010648716967139 0.9441148508297221 1.052718339923761 1.3746588635953367 1.7407671049754319
132 1320 -0.6386591649277609 -0.27234272290998707 0.21818680163584087 0.5319743050664925 0.374095303340893 0.46549788204187437 0.6373451801504232 0.7111341535682182 0.9010648716967139 0.9441148508297221 1.052718339923761 1.3746588635953367 1.7407671049754319
133 1330 -0.6386591649277609 -0.27234272290998707 0.21818680163584087 0.5319743050664925 0.374095303340893 0.46549788204187437 0.6373451801504232 0.7111341535682182 0.9010648716967139 0.9441148508297221 1.052718339923761 1.3746588635953367 1.7407671049754319
134 1340 -0.6386591649277609 -0.27234272290998707 0.21818680163584087 0.5319743050664925 0.374095303340893 0.46549788204187437 0.6373451801504232 0.7111341535682182 0.9010648716967139 0.9441148508297221 1.052718339923761 1.3746588635953367 1.7407671049754319
135 1350 -0.6386591649277609 -0.27234272290998707 0.21818680163584087 0.5319743050664925 0.374095303340893 0.46549788204187437 0.6373451801504232 0.7111341535682182 0.9010648716967139 0.9441148508297221 1.052718339923761 1.3746588635953367 1.7407671049754319
136 1360 -0.665744227171281 -0.3225473989725075 0.266152843481518 0.49120014346703655 0.38003935018947366 0.48010062665061065 0.5668394181361655 0.61916742567688 0.8628365603965871 0.9140252301648543 1.0739950174195403 1.4415286009239938 1.7632354345254506
137 1370 -0.665744227171281 -0.3225473989725075 0.266152843481518 0.49120014346703655 0.38003935018947366 0.48010062665061065 0.5668394181361655 0.61916742567688 0.8628365603965871 0.9140252301648543 1.0739950174195403 1.4415286009239938 1.7632354345254506
138 1380 -0.665744227171281 -0.3225473989725075 0.266152843481518 0.49120014346703655 0.38003935018947366 0.48010062665061065 0.5668394181361655 0.61916742567688 0.8628365603965871 0.9140252301648543 1.0739950174195403 1.4415286009239938 1.7632354345254506
139 1390 -0.665744227171281 -0.3225473989725075 0.266152843481518 0.49120014346703655 0.38003935018947366 0.48010062665061065 0.5668394181361655 0.61916742567688 0.8628365603965871 0.9140252301648543 1.0739950174195403 1.4415286009239938 1.7632354345254506
140 1400 -0.665744227171281 -0.3225473989725075 0.266152843481518 0.49120014346703655 0.38003935018947366 0.48010062665061065 0.5668394181361655 0.61916742567688 0.8628365603965871 0.9140252301648543 1.0739950174195403 1.4415286009239938 1.7632354345254506
141 1410 -0.665744227171281 -0.3225473989725075 0.266152843481518 0.49120014346703655 0.38003935018947366 0.48010062665061065 0.5668394181361655 0.61916742567688 0.8628365603965871 0.9140252301648543 1.0739950174195403 1.4415286009239938 1.7632354345254506
142 1420 -0.665744227171281 -0.3225473989725075 0.266152843481518 0.49120014346703655 0.38003935018947366 0.48010062665061065 0.5668394181361655 0.61916742567688 0.8628365603965871 0.9140252301648543 1.0739950174195403 1.4415286009239938 1.7632354345254506
143 1430 -0.665744227171281 -0.3225473989725075 0.266152843481518 0.49120014346703655 0.38003935018947366 0.48010062665061065 0.5668394181361655 0.61916742567688 0.8628365603965871 0.9140252301648543 1.0739950174195403 1.4415286009239938 1.7632354345254506
144 1440 -0.665744227171281 -0.3225473989725075 0.266152843481518 0.49120014346703655 0.38003935018947366 0.48010062665061065 0.5668394181361655 0.61916742567688 0.8628365603965871 0.9140252301648543 1.0739950174195403 1.4415286009239938 1.7632354345254506
145 1450 -0.6644120251840728 -0.3481844701116872 0.26095349291410563 0.4514794104909064 0.40609817547031 0.46171574743632715 0.5633135724264 0.6083733999148682 0.7957037732225867 0.8851577957869283 1.0786444444085983 1.4826095928120164 1.7765721503869323
146 1460 -0.6644120251840728 -0.3481844701116872 0.26095349291410563 0.4514794104909064 0.40609817547031 0.46171574743632715 0.5633135724264 0.6083733999148682 0.7957037732225867 0.8851577957869283 1.0786444444085983 1.4826095928120164 1.7765721503869323
147 1470 -0.6644120251840728 -0.3481844701116872 0.26095349291410563 0.4514794104909064 0.40609817547031 0.46171574743632715 0.5633135724264 0.6083733999148682 0.7957037732225867 0.8851577957869283 1.0786444444085983 1.4826095928120164 1.7765721503869323
148 1480 -0.6644120251840728 -0.3481844701116872 0.26095349291410563 0.4514794104909064 0.40609817547031 0.46171574743632715 0.5633135724264 0.6083733999148682 0.7957037732225867 0.8851577957869283 1.0786444444085983 1.4826095928120164 1.7765721503869323
149 1490 -0.6644120251840728 -0.3481844701116872 0.26095349291410563 0.4514794104909064 0.40609817547031 0.46171574743632715 0.5633135724264 0.6083733999148682 0.7957037732225867 0.8851577957869283 1.0786444444085983 1.4826095928120164 1.7765721503869323
150 1500 -0.6644120251840728 -0.3481844701116872 0.26095349291410563 0.4514794104909064 0.40609817547031 0.46171574743632715 0.5633135724264 0.6083733999148682 0.7957037732225867 0.8851577957869283 1.0786444444085983 1.4826095928120164 1.7765721503869323
151 1510 -0.6644120251840728 -0.3481844701116872 0.26095349291410563 0.4514794104909064 0.40609817547031 0.46171574743632715 0.5633135724264 0.6083733999148682 0.7957037732225867 0.8851577957869283 1.0786444444085983 1.4826095928120164 1.7765721503869323
152 1520 -0.6644120251840728 -0.3481844701116872 0.26095349291410563 0.4514794104909064 0.40609817547031 0.46171574743632715 0.5633135724264 0.6083733999148682 0.7957037732225867 0.8851577957869283 1.0786444444085983 1.4826095928120164 1.7765721503869323
153 1530 -0.6644120251840728 -0.3481844701116872 0.26095349291410563 0.4514794104909064 0.40609817547031 0.46171574743632715 0.5633135724264 0.6083733999148682 0.7957037732225867 0.8851577957869283 1.0786444444085983 1.4826095928120164 1.7765721503869323
154 1540 -0.6698985789230338 -0.4035339373164243 0.2546274225257783 0.5552051208476432 0.37413541130043865 0.4261047151955968 0.5230732492511394 0.5878435392414828 0.7696737164446428 0.8515241602375168 1.0102211751926864 1.5057409008277187 1.8584935583697777
155 1550 -0.6698985789230338 -0.4035339373164243 0.2546274225257783 0.5552051208476432 0.37413541130043865 0.4261047151955968 0.5230732492511394 0.5878435392414828 0.7696737164446428 0.8515241602375168 1.0102211751926864 1.5057409008277187 1.8584935583697777
156 1560 -0.6698985789230338 -0.4035339373164243 0.2546274225257783 0.5552051208476432 0.37413541130043865 0.4261047151955968 0.5230732492511394 0.5878435392414828 0.7696737164446428 0.8515241602375168 1.0102211751926864 1.5057409008277187 1.8584935583697777
157 1570 -0.6698985789230338 -0.4035339373164243 0.2546274225257783 0.5552051208476432 0.37413541130043865 0.4261047151955968 0.5230732492511394 0.5878435392414828 0.7696737164446428 0.8515241602375168 1.0102211751926864 1.5057409008277187 1.8584935583697777
158 1580 -0.6698985789230338 -0.4035339373164243 0.2546274225257783 0.5552051208476432 0.37413541130043865 0.4261047151955968 0.5230732492511394 0.5878435392414828 0.7696737164446428 0.8515241602375168 1.0102211751926864 1.5057409008277187 1.8584935583697777
159 1590 -0.6698985789230338 -0.4035339373164243 0.2546274225257783 0.5552051208476432 0.37413541130043865 0.4261047151955968 0.5230732492511394 0.5878435392414828 0.7696737164446428 0.8515241602375168 1.0102211751926864 1.5057409008277187 1.8584935583697777
160 1600 -0.6698985789230338 -0.4035339373164243 0.2546274225257783 0.5552051208476432 0.37413541130043865 0.4261047151955968 0.5230732492511394 0.5878435392414828 0.7696737164446428 0.8515241602375168 1.0102211751926864 1.5057409008277187 1.8584935583697777
161 1610 -0.6698985789230338 -0.4035339373164243 0.2546274225257783 0.5552051208476432 0.37413541130043865 0.4261047151955968 0.5230732492511394 0.5878435392414828 0.7696737164446428 0.8515241602375168 1.0102211751926864 1.5057409008277187 1.8584935583697777
162 1620 -0.6698985789230338 -0.4035339373164243 0.2546274225257783 0.5552051208476432 0.37413541130043865 0.4261047151955968 0.5230732492511394 0.5878435392414828 0.7696737164446428 0.8515241602375168 1.0102211751926864 1.5057409008277187 1.8584935583697777
163 1630 -0.640481064586667 -0.4037811892359008 0.28953431667489504 0.6274823107030425 0.35208766982759077 0.4165997165154914 0.5436468016301532 0.6633153827844683 0.7775370068752956 0.8257556306180525 0.9960635565836141 1.4787731897327758 1.8712538291233853
164 1640 -0.640481064586667 -0.4037811892359008 0.28953431667489504 0.6274823107030425 0.35208766982759077 0.4165997165154914 0.5436468016301532 0.6633153827844683 0.7775370068752956 0.8257556306180525 0.9960635565836141 1.4787731897327758 1.8712538291233853
165 1650 -0.640481064586667 -0.4037811892359008 0.28953431667489504 0.6274823107030425 0.35208766982759077 0.4165997165154914 0.5436468016301532 0.6633153827844683 0.7775370068752956 0.8257556306180525 0.9960635565836141 1.4787731897327758 1.8712538291233853
166 1660 -0.640481064586667 -0.4037811892359008 0.28953431667489504 0.6274823107030425 0.35208766982759077 0.4165997165154914 0.5436468016301532 0.6633153827844683 0.7775370068752956 0.8257556306180525 0.9960635565836141 1.4787731897327758 1.8712538291233853
167 1670 -0.640481064586667 -0.4037811892359008 0.28953431667489504 0.6274823107030425 0.35208766982759077 0.4165997165154914 0.5436468016301532 0.6633153827844683 0.7775370068752956 0.8257556306180525 0.9960635565836141 1.4787731897327758 1.8712538291233853
168 1680 -0.640481064586667 -0.4037811892359008 0.28953431667489504 0.6274823107030425 0.35208766982759077 0.4165997165154914 0.5436468016301532 0.6633153827844683 0.7775370068752956 0.8257556306180525 0.9960635565836141 1.4787731897327758 1.8712538291233853
169 1690 -0.640481064586667 -0.4037811892359008 0.28953431667489504 0.6274823107030425 0.35208766982759077 0.4165997165154914 0.5436468016301532 0.6633153827844683 0.7775370068752956 0.8257556306180525 0.9960635565836141 1.4787731897327758 1.8712538291233853
170 1700 -0.640481064586667 -0.4037811892359008 0.28953431667489504 0.6274823107030425 0.35208766982759077 0.4165997165154914 0.5436468016301532 0.6633153827844683 0.7775370068752956 0.8257556306180525 0.9960635565836141 1.4787731897327758 1.8712538291233853
171 1710 -0.640481064586667 -0.4037811892359008 0.28953431667489504 0.6274823107030425 0.35208766982759077 0.4165997165154914 0.5436468016301532 0.6633153827844683 0.7775370068752956 0.8257556306180525 0.9960635565836141 1.4787731897327758 1.8712538291233853
172 1720 -0.6720129181375112 -0.39273826184696436 0.2770116270734242 0.608965685647068 0.3374615929247009 0.4016328296160456 0.6103204897047806 0.6551087744688618 0.7764212304554804 0.8683332076988328 1.0347061958595716 1.3979741638683258 1.8818530696225133
173 1730 -0.6720129181375112 -0.39273826184696436 0.2770116270734242 0.608965685647068 0.3374615929247009 0.4016328296160456 0.6103204897047806 0.6551087744688618 0.7764212304554804 0.8683332076988328 1.0347061958595716 1.3979741638683258 1.8818530696225133
174 1740 -0.6720129181375112 -0.39273826184696436 0.2770116270734242 0.608965685647068 0.3374615929247009 0.4016328296160456 0.6103204897047806 0.6551087744688618 0.7764212304554804 0.8683332076988328 1.0347061958595716 1.3979741638683258 1.8818530696225133
175 1750 -0.6720129181375112 -0.39273826184696436 0.2770116270734242 0.608965685647068 0.3374615929247009 0.4016328296160456 0.6103204897047806 0.6551087744688618 0.7764212304554804 0.8683332076988328 1.0347061958595716 1.3979741638683258 1.8818530696225133
176 1760 -0.6720129181375112 -0.39273826184696436 0.2770116270734242 0.608965685647068 0.3374615929247009 0.4016328296160456 0.6103204897047806 0.6551087744688618 0.7764212304554804 0.8683332076988328 1.0347061958595716 1.3979741638683258 1.8818530696225133
177 1770 -0.6720129181375112 -0.39273826184696436 0.2770116270734242 0.608965685647068 0.3374615929247009 0.4016328296160456 0.6103204897047806 0.6551087744688618 0.7764212304554804 0.8683332076988328 1.0347061958595716 1.3979741638683258 1.8818530696225133
178 1780 -0.6720129181375112 -0.39273826184696436 0.2770116270734242 0.608965685647068 0.3374615929247009 0.4016328296160456 0.6103204897047806 0.6551087744688618 0.7764212304554804 0.8683332076988328 1.0347061958595716 1.3979741638683258 1.8818530696225133
179 1790 -0.6720129181375112 -0.39273826184696436 0.2770116270734242 0.608965685647068 0.3374615929247009 0.4016328296160456 0.6103204897047806 0.6551087744688618 0.7764212304554804 0.8683332076988328 1.0347061958595716 1.3979741638683258 1.8818530696225133
180 1800 -0.6720129181375112 -0.39273826184696436 0.2770116270734242 0.608965685647068 0.3374615929247009 0.4016328296160456 0.6103204897047806 0.6551087744688618 0.7764212304554804 0.8683332076988328 1.0347061958595716 1.3979741638683258 1.8818530696225133
181 1810 -0.6728397435131415 -0.4043083860343266 0.30382569436557094 0.5786103859841534 0.37648883465981275 0.42877360058379543 0.5809257161280891 0.6533729496159507 0.7018509882842422 0.956920836817931 1.0011786459432723 1.2704771770886836 1.971110149530511
182 1820 -0.6728397435131415 -0.4043083860343266 0.30382569436557094 0.5786103859841534 0.37648883465981275 0.42877360058379543 0.5809257161280891 0.6533729496159507 0.7018509882842422 0.956920836817931 1.0011786459432723 1.2704771770886836 1.971110149530511
183 1830 -0.6728397435131415 -0.4043083860343266 0.30382569436557094 0.5786103859841534 0.37648883465981275 0.42877360058379543 0.5809257161280891 0.6533729496159507 0.7018509882842422 0.956920836817931 1.0011786459432723 1.2704771770886836 1.971110149530511
184 1840 -0.6728397435131415 -0.4043083860343266 0.30382569436557094 0.5786103859841534 0.37648883465981275 0.42877360058379543 0.5809257161280891 0.6533729496159507 0.7018509882842422 0.956920836817931 1.0011786459432723 1.2704771770886836 1.971110149530511
185 1850 -0.6728397435131415 -0.4043083860343266 0.30382569436557094 0.5786103859841534 0.37648883465981275 0.42877360058379543 0.5809257161280891 0.6533729496159507 0.7018509882842422 0.956920836817931 1.0011786459432723 1.2704771770886836 1.971110149530511
186 1860 -0.6728397435131415 -0.4043083860343266 0.30382569436557094 0.5786103859841534 0.37648883465981275 0.42877360058379543 0.5809257161280891 0.6533729496159507 0.7018509882842422 0.956920836817931 1.0011786459432723 1.2704771770886836 1.971110149530511
187 1870 -0.6728397435131415 -0.4043083860343266 0.30382569436557094 0.5786103859841534 0.37648883465981275 0.42877360058379543 0.5809257161280891 0.6533729496159507 0.7018509882842422 0.956920836817931 1.0011786459432723 1.2704771770886836 1.971110149530511
188 1880 -0.6728397435131415 -0.4043083860343266 0.30382569436557094 0.5786103859841534 0.37648883465981275 0.42877360058379543 0.5809257161280891 0.6533729496159507 0.7018509882842422 0.956920836817931 1.0011786459432723 1.2704771770886836 1.971110149530511
189 1890 -0.6728397435131415 -0.4043083860343266 0.30382569436557094 0.5786103859841534 0.37648883465981275 0.42877360058379543 0.5809257161280891 0.6533729496159507 0.7018509882842422 0.956920836817931 1.0011786459432723 1.2704771770886836 1.971110149530511
190 1900 -0.6154967196138544 -0.3332336285420334 0.21441016720288422 0.6228261416631999 0.41005546010903815 0.4678462213131637 0.5125748417860693 0.7054208099741545 0.7836009841363214 0.9148923270017003 1.0413275929029169 1.2695131067483143 1.9249773476507235
191 1910 -0.6154967196138544 -0.3332336285420334 0.21441016720288422 0.6228261416631999 0.41005546010903815 0.4678462213131637 0.5125748417860693 0.7054208099741545 0.7836009841363214 0.9148923270017003 1.0413275929029169 1.2695131067483143 1.9249773476507235
192 1920 -0.6154967196138544 -0.3332336285420334 0.21441016720288422 0.6228261416631999 0.41005546010903815 0.4678462213131637 0.5125748417860693 0.7054208099741545 0.7836009841363214 0.9148923270017003 1.0413275929029169 1.2695131067483143 1.9249773476507235
193 1930 -0.6154967196138544 -0.3332336285420334 0.21441016720288422 0.6228261416631999 0.41005546010903815 0.4678462213131637 0.5125748417860693 0.7054208099741545 0.7836009841363214 0.9148923270017003 1.0413275929029169 1.2695131067483143 1.9249773476507235
194 1940 -0.6154967196138544 -0.3332336285420334 0.21441016720288422 0.6228261416631999 0.41005546010903815 0.4678462213131637 0.5125748417860693 0.7054208099741545 0.7836009841363214 0.9148923270017003 1.0413275929029169 1.2695131067483143 1.9249773476507235
195 1950 -0.6154967196138544 -0.3332336285420334 0.21441016720288422 0.6228261416631999 0.41005546010903815 0.4678462213131637 0.5125748417860693 0.7054208099741545 0.7836009841363214 0.9148923270017003 1.0413275929029169 1.2695131067483143 1.9249773476507235
196 1960 -0.6154967196138544 -0.3332336285420334 0.21441016720288422 0.6228261416631999 0.41005546010903815 0.4678462213131637 0.5125748417860693 0.7054208099741545 0.7836009841363214 0.9148923270017003 1.0413275929029169 1.2695131067483143 1.9249773476507235
197 1970 -0.6154967196138544 -0.3332336285420334 0.21441016720288422 0.6228261416631999 0.41005546010903815 0.4678462213131637 0.5125748417860693 0.7054208099741545 0.7836009841363214 0.9148923270017003 1.0413275929029169 1.2695131067483143 1.9249773476507235
198 1980 -0.6154967196138544 -0.3332336285420334 0.21441016720288422 0.6228261416631999 0.41005546010903815 0.4678462213131637 0.5125748417860693 0.7054208099741545 0.7836009841363214 0.9148923270017003 1.0413275929029169 1.2695131067483143 1.9249773476507235
199 1990 -0.619705971442077 -0.30782576595078515 0.24294969560447466 0.6816781294524719 0.34859116927847317 0.4304888306964936 0.5100657011822383 0.6498204138707272 0.7284546882297745 0.9574355677689621 1.0704160547994672 1.2700072032712666 1.9505619825000713
200 2000 -0.619705971442077 -0.30782576595078515 0.24294969560447466 0.6816781294524719 0.34859116927847317 0.4304888306964936 0.5100657011822383 0.6498204138707272 0.7284546882297745 0.9574355677689621 1.0704160547994672 1.2700072032712666 1.9505619825000713
