% # columns="iteration, evaluation, min max(neg(.)) min(pos(.)) max correlation, correlation matrix principal axes lengths  (sorted square roots of eigenvalues of correlation matrix)", seed=135388, Tue Feb 21 18:30:07 2023
1 10 -0.15686391291046115 -0.0339963502536322 0.039387266369691 0.08344592829398903 0.9065159190728638 0.9219809926346352 0.9653342877588672 0.9792844284940668 0.9902364692840284 1.0000009228479587 1.0178722055399243 1.028545763696892 1.1673779735148604
2 20 -0.1651413622126719 -0.037633042054960195 0.052044675199661286 0.08702230138302218 0.9065159190728638 0.9219809926346352 0.9653342877588672 0.9792844284940668 0.9902364692840284 1.0000009228479587 1.0178722055399243 1.028545763696892 1.1673779735148604
3 30 -0.19559289188379594 -0.05161651449916491 0.05339593271401561 0.1451586051257396 0.9065159190728638 0.9219809926346352 0.9653342877588672 0.9792844284940668 0.9902364692840284 1.0000009228479587 1.0178722055399243 1.028545763696892 1.1673779735148604
4 40 -0.21296161277123918 -0.06400929247651158 0.049176305476405946 0.14892379614869306 0.9065159190728638 0.9219809926346352 0.9653342877588672 0.9792844284940668 0.9902364692840284 1.0000009228479587 1.0178722055399243 1.028545763696892 1.1673779735148604
5 50 -0.20912840529466903 -0.06861104754473396 0.03892293555710706 0.17676092559795772 0.9065159190728638 0.9219809926346352 0.9653342877588672 0.9792844284940668 0.9902364692840284 1.0000009228479587 1.0178722055399243 1.028545763696892 1.1673779735148604
6 60 -0.19235004200100939 -0.06759500931127072 0.06149561502857802 0.18324972316474744 0.9065159190728638 0.9219809926346352 0.9653342877588672 0.9792844284940668 0.9902364692840284 1.0000009228479587 1.0178722055399243 1.028545763696892 1.1673779735148604
7 70 -0.23239294314322345 -0.09746220575550646 0.0882759408218388 0.21599493975239792 0.9065159190728638 0.9219809926346352 0.9653342877588672 0.9792844284940668 0.9902364692840284 1.0000009228479587 1.0178722055399243 1.028545763696892 1.1673779735148604
8 80 -0.23566296011182264 -0.12252101200874191 0.0801128806079662 0.26837583685079985 0.9065159190728638 0.9219809926346352 0.9653342877588672 0.9792844284940668 0.9902364692840284 1.0000009228479587 1.0178722055399243 1.028545763696892 1.1673779735148604
9 90 -0.26543571819198575 -0.11425624558932368 0.09205202731596238 0.2984440447298595 0.9065159190728638 0.9219809926346352 0.9653342877588672 0.9792844284940668 0.9902364692840284 1.0000009228479587 1.0178722055399243 1.028545763696892 1.1673779735148604
10 100 -0.29196618986607586 -0.12617025455712588 0.10733797612642362 0.291694876752362 0.7226102574271434 0.8120905297115176 0.8568054688273135 0.8923108225929054 0.956512240402321 1.0085157332262327 1.0290037991690952 1.0727977126692623 1.4650070889480307
11 110 -0.3267875585895677 -0.11631602848128539 0.10565500051438528 0.3040718862552656 0.7226102574271434 0.8120905297115176 0.8568054688273135 0.8923108225929054 0.956512240402321 1.0085157332262327 1.0290037991690952 1.0727977126692623 1.4650070889480307
12 120 -0.299057696153377 -0.1224211680803858 0.09228917382667665 0.3182572224618776 0.7226102574271434 0.8120905297115176 0.8568054688273135 0.8923108225929054 0.956512240402321 1.0085157332262327 1.0290037991690952 1.0727977126692623 1.4650070889480307
13 130 -0.2609032718037843 -0.11559796525680552 0.08168591905474233 0.3295550196810996 0.7226102574271434 0.8120905297115176 0.8568054688273135 0.8923108225929054 0.956512240402321 1.0085157332262327 1.0290037991690952 1.0727977126692623 1.4650070889480307
14 140 -0.2745837221770293 -0.09069965049506334 0.08847150579681275 0.33032432254372757 0.7226102574271434 0.8120905297115176 0.8568054688273135 0.8923108225929054 0.956512240402321 1.0085157332262327 1.0290037991690952 1.0727977126692623 1.4650070889480307
15 150 -0.300489806937574 -0.08585013202108308 0.09395253997749264 0.2952319438540437 0.7226102574271434 0.8120905297115176 0.8568054688273135 0.8923108225929054 0.956512240402321 1.0085157332262327 1.0290037991690952 1.0727977126692623 1.4650070889480307
16 160 -0.3221359324623503 -0.11005880035688875 0.08958886763381269 0.3199942108012725 0.7226102574271434 0.8120905297115176 0.8568054688273135 0.8923108225929054 0.956512240402321 1.0085157332262327 1.0290037991690952 1.0727977126692623 1.4650070889480307
17 170 -0.3369543198834718 -0.14500007224337352 0.08889120139547202 0.37453809336180754 0.7226102574271434 0.8120905297115176 0.8568054688273135 0.8923108225929054 0.956512240402321 1.0085157332262327 1.0290037991690952 1.0727977126692623 1.4650070889480307
18 180 -0.3621689845313375 -0.14391962037540948 0.08770470217908023 0.3416664058407736 0.7226102574271434 0.8120905297115176 0.8568054688273135 0.8923108225929054 0.956512240402321 1.0085157332262327 1.0290037991690952 1.0727977126692623 1.4650070889480307
19 190 -0.38890398694201533 -0.15468616861544177 0.08630753485740641 0.3579974906739963 0.6670649002655684 0.7683910435837479 0.7803930889414642 0.9004963328817278 0.9446967968876844 0.9960605602513655 1.0211611870482433 1.1683722485515118 1.5007464960198038
20 200 -0.4048335541013964 -0.1235637645426595 0.09952309431862742 0.36479630886714026 0.6670649002655684 0.7683910435837479 0.7803930889414642 0.9004963328817278 0.9446967968876844 0.9960605602513655 1.0211611870482433 1.1683722485515118 1.5007464960198038
21 210 -0.4158554040580148 -0.15206572825972792 0.11399639489897526 0.37308092225734785 0.6670649002655684 0.7683910435837479 0.7803930889414642 0.9004963328817278 0.9446967968876844 0.9960605602513655 1.0211611870482433 1.1683722485515118 1.5007464960198038
22 220 -0.3988003582231718 -0.16628040628342222 0.14084005702172928 0.37871709497549394 0.6670649002655684 0.7683910435837479 0.7803930889414642 0.9004963328817278 0.9446967968876844 0.9960605602513655 1.0211611870482433 1.1683722485515118 1.5007464960198038
23 230 -0.4395704009497981 -0.1889015353200676 0.15203011759863305 0.42476397334283605 0.6670649002655684 0.7683910435837479 0.7803930889414642 0.9004963328817278 0.9446967968876844 0.9960605602513655 1.0211611870482433 1.1683722485515118 1.5007464960198038
24 240 -0.4544335772241221 -0.18241471219760552 0.10074789768195472 0.44197622264785924 0.6670649002655684 0.7683910435837479 0.7803930889414642 0.9004963328817278 0.9446967968876844 0.9960605602513655 1.0211611870482433 1.1683722485515118 1.5007464960198038
25 250 -0.4641155554685237 -0.2037648882158205 0.10625133403584106 0.4657855527019905 0.6670649002655684 0.7683910435837479 0.7803930889414642 0.9004963328817278 0.9446967968876844 0.9960605602513655 1.0211611870482433 1.1683722485515118 1.5007464960198038
26 260 -0.4784616835851116 -0.1771372303558726 0.1083259655195297 0.45999133444824575 0.6670649002655684 0.7683910435837479 0.7803930889414642 0.9004963328817278 0.9446967968876844 0.9960605602513655 1.0211611870482433 1.1683722485515118 1.5007464960198038
27 270 -0.5038904816154338 -0.18090636830820644 0.0870913608313979 0.5103442494385647 0.6670649002655684 0.7683910435837479 0.7803930889414642 0.9004963328817278 0.9446967968876844 0.9960605602513655 1.0211611870482433 1.1683722485515118 1.5007464960198038
28 280 -0.5050332733731282 -0.18013627794366044 0.1145189951743277 0.4976144796214733 0.5859917752819442 0.6653191531203743 0.7470119654307787 0.8419916835963628 0.9332770404521094 0.9894390151871773 1.0317610181197072 1.109949413027946 1.673461411281657
29 290 -0.5047297204165297 -0.1997629234172146 0.1149356107823632 0.5267626486585608 0.5859917752819442 0.6653191531203743 0.7470119654307787 0.8419916835963628 0.9332770404521094 0.9894390151871773 1.0317610181197072 1.109949413027946 1.673461411281657
30 300 -0.5342998273429584 -0.18000671948455602 0.10636790006313332 0.5166800313392304 0.5859917752819442 0.6653191531203743 0.7470119654307787 0.8419916835963628 0.9332770404521094 0.9894390151871773 1.0317610181197072 1.109949413027946 1.673461411281657
31 310 -0.5396125302117467 -0.18353040675162588 0.13122049083539317 0.5080436095645168 0.5859917752819442 0.6653191531203743 0.7470119654307787 0.8419916835963628 0.9332770404521094 0.9894390151871773 1.0317610181197072 1.109949413027946 1.673461411281657
32 320 -0.5126863368266664 -0.19667047964502843 0.13788306942491815 0.5014489373119089 0.5859917752819442 0.6653191531203743 0.7470119654307787 0.8419916835963628 0.9332770404521094 0.9894390151871773 1.0317610181197072 1.109949413027946 1.673461411281657
33 330 -0.45741694450839915 -0.19263815235328552 0.13331287762329183 0.48120394220227886 0.5859917752819442 0.6653191531203743 0.7470119654307787 0.8419916835963628 0.9332770404521094 0.9894390151871773 1.0317610181197072 1.109949413027946 1.673461411281657
34 340 -0.397798341900026 -0.16493452451777968 0.1160081476042073 0.4966389012039414 0.5859917752819442 0.6653191531203743 0.7470119654307787 0.8419916835963628 0.9332770404521094 0.9894390151871773 1.0317610181197072 1.109949413027946 1.673461411281657
35 350 -0.41544660230181474 -0.14083370911153625 0.0855279598647552 0.5160210580016009 0.5859917752819442 0.6653191531203743 0.7470119654307787 0.8419916835963628 0.9332770404521094 0.9894390151871773 1.0317610181197072 1.109949413027946 1.673461411281657
36 360 -0.4755829515875112 -0.14862066133627067 0.09168393315362167 0.5515365474530473 0.5859917752819442 0.6653191531203743 0.7470119654307787 0.8419916835963628 0.9332770404521094 0.9894390151871773 1.0317610181197072 1.109949413027946 1.673461411281657
37 370 -0.4904644301269074 -0.14969054228426604 0.10122401190220778 0.6007273221339714 0.5766785200435564 0.690484867744082 0.7184877788940152 0.8217140432959799 0.9399101042284341 1.035284496743931 1.0738110541535577 1.127494431189971 1.6185410124402526
38 380 -0.47823695619831863 -0.1627725261127072 0.10101545091508726 0.6109892096321481 0.5766785200435564 0.690484867744082 0.7184877788940152 0.8217140432959799 0.9399101042284341 1.035284496743931 1.0738110541535577 1.127494431189971 1.6185410124402526
39 390 -0.43600715981456084 -0.1797433564243262 0.10413163691349481 0.6192186427534846 0.5766785200435564 0.690484867744082 0.7184877788940152 0.8217140432959799 0.9399101042284341 1.035284496743931 1.0738110541535577 1.127494431189971 1.6185410124402526
40 400 -0.4230393755583273 -0.17248901825905844 0.12981010453223202 0.6496218754325038 0.5766785200435564 0.690484867744082 0.7184877788940152 0.8217140432959799 0.9399101042284341 1.035284496743931 1.0738110541535577 1.127494431189971 1.6185410124402526
41 410 -0.4235044360030582 -0.13874668667359957 0.1304053120646821 0.6454787985411836 0.5766785200435564 0.690484867744082 0.7184877788940152 0.8217140432959799 0.9399101042284341 1.035284496743931 1.0738110541535577 1.127494431189971 1.6185410124402526
42 420 -0.43007967846343437 -0.14601660943071607 0.1256284824322504 0.6528856042145 0.5766785200435564 0.690484867744082 0.7184877788940152 0.8217140432959799 0.9399101042284341 1.035284496743931 1.0738110541535577 1.127494431189971 1.6185410124402526
43 430 -0.4188008668219879 -0.14464952378844262 0.12473758336410859 0.6553489866017792 0.5766785200435564 0.690484867744082 0.7184877788940152 0.8217140432959799 0.9399101042284341 1.035284496743931 1.0738110541535577 1.127494431189971 1.6185410124402526
44 440 -0.4540362207160296 -0.14656852333224857 0.14162658870306258 0.6899677813750732 0.5766785200435564 0.690484867744082 0.7184877788940152 0.8217140432959799 0.9399101042284341 1.035284496743931 1.0738110541535577 1.127494431189971 1.6185410124402526
45 450 -0.45645138502881927 -0.13256197421999802 0.12462574765766174 0.6881275264365798 0.5766785200435564 0.690484867744082 0.7184877788940152 0.8217140432959799 0.9399101042284341 1.035284496743931 1.0738110541535577 1.127494431189971 1.6185410124402526
46 460 -0.4556528167999315 -0.13258195384736995 0.07758893505377593 0.7009182851789888 0.48009243330102735 0.6273397594180727 0.6681899082881797 0.854738403388808 0.8876995424322862 1.023664812742149 1.0950537691742912 1.2148035366968881 1.6395456911411652
47 470 -0.4615860790302948 -0.17986087928074906 0.08470683129649677 0.7281443656940141 0.48009243330102735 0.6273397594180727 0.6681899082881797 0.854738403388808 0.8876995424322862 1.023664812742149 1.0950537691742912 1.2148035366968881 1.6395456911411652
48 480 -0.40917687068547026 -0.1859031771553793 0.11574616688896336 0.719080103689436 0.48009243330102735 0.6273397594180727 0.6681899082881797 0.854738403388808 0.8876995424322862 1.023664812742149 1.0950537691742912 1.2148035366968881 1.6395456911411652
49 490 -0.36876344612688106 -0.1868505086788378 0.11384083705928076 0.7129998102188153 0.48009243330102735 0.6273397594180727 0.6681899082881797 0.854738403388808 0.8876995424322862 1.023664812742149 1.0950537691742912 1.2148035366968881 1.6395456911411652
50 500 -0.37282010303155355 -0.17848898612974318 0.11533745862986676 0.71373512312992 0.48009243330102735 0.6273397594180727 0.6681899082881797 0.854738403388808 0.8876995424322862 1.023664812742149 1.0950537691742912 1.2148035366968881 1.6395456911411652
51 510 -0.3855787355109531 -0.17591011230555048 0.1276052620033237 0.6141963251566345 0.48009243330102735 0.6273397594180727 0.6681899082881797 0.854738403388808 0.8876995424322862 1.023664812742149 1.0950537691742912 1.2148035366968881 1.6395456911411652
52 520 -0.3483242721820045 -0.210602822350338 0.14230360671020267 0.6002735154239094 0.48009243330102735 0.6273397594180727 0.6681899082881797 0.854738403388808 0.8876995424322862 1.023664812742149 1.0950537691742912 1.2148035366968881 1.6395456911411652
53 530 -0.3563372345839663 -0.22814337773310261 0.1362817823058226 0.6112273846228469 0.48009243330102735 0.6273397594180727 0.6681899082881797 0.854738403388808 0.8876995424322862 1.023664812742149 1.0950537691742912 1.2148035366968881 1.6395456911411652
54 540 -0.3309907162827799 -0.19452277794226128 0.1258570344833826 0.6149190686232363 0.48009243330102735 0.6273397594180727 0.6681899082881797 0.854738403388808 0.8876995424322862 1.023664812742149 1.0950537691742912 1.2148035366968881 1.6395456911411652
55 550 -0.34137278666943505 -0.16441324572024274 0.13165337452086986 0.6071690265041221 0.5003486277128665 0.6170585479504415 0.7770434496555132 0.8357034233571373 0.979285018064755 1.0238612265404743 1.0960857422204155 1.2353671511533764 1.5270449745888375
56 560 -0.32248026306658006 -0.14590952536287827 0.13843152434367378 0.6313677052157425 0.5003486277128665 0.6170585479504415 0.7770434496555132 0.8357034233571373 0.979285018064755 1.0238612265404743 1.0960857422204155 1.2353671511533764 1.5270449745888375
57 570 -0.31989389838201693 -0.1602733267024601 0.1257581439521119 0.6279733812069507 0.5003486277128665 0.6170585479504415 0.7770434496555132 0.8357034233571373 0.979285018064755 1.0238612265404743 1.0960857422204155 1.2353671511533764 1.5270449745888375
58 580 -0.2962531442466577 -0.16126551886297416 0.13691980933390724 0.6273117665171493 0.5003486277128665 0.6170585479504415 0.7770434496555132 0.8357034233571373 0.979285018064755 1.0238612265404743 1.0960857422204155 1.2353671511533764 1.5270449745888375
59 590 -0.37745965109947477 -0.1693149637793954 0.1462531707665663 0.6461257679354243 0.5003486277128665 0.6170585479504415 0.7770434496555132 0.8357034233571373 0.979285018064755 1.0238612265404743 1.0960857422204155 1.2353671511533764 1.5270449745888375
60 600 -0.3999702251916313 -0.1497847010138198 0.12998627733280887 0.6517874292115572 0.5003486277128665 0.6170585479504415 0.7770434496555132 0.8357034233571373 0.979285018064755 1.0238612265404743 1.0960857422204155 1.2353671511533764 1.5270449745888375
61 610 -0.43232357607350247 -0.14523603980807476 0.13673088051691745 0.6220683913382317 0.5003486277128665 0.6170585479504415 0.7770434496555132 0.8357034233571373 0.979285018064755 1.0238612265404743 1.0960857422204155 1.2353671511533764 1.5270449745888375
62 620 -0.45442013309947693 -0.15076920747294464 0.14522778710765588 0.6135022297909669 0.5003486277128665 0.6170585479504415 0.7770434496555132 0.8357034233571373 0.979285018064755 1.0238612265404743 1.0960857422204155 1.2353671511533764 1.5270449745888375
63 630 -0.4206793972809372 -0.16474854205272915 0.1311401017629605 0.6147808345327263 0.5003486277128665 0.6170585479504415 0.7770434496555132 0.8357034233571373 0.979285018064755 1.0238612265404743 1.0960857422204155 1.2353671511533764 1.5270449745888375
64 640 -0.4272390772875446 -0.16273916513982234 0.1388616272503716 0.5919008140843425 0.488866494535581 0.5339375636340996 0.7113680869072654 0.8757764142294003 0.9016591043001232 1.0441517456448726 1.0595786363527062 1.3319484901897238 1.5501147281527532
65 650 -0.4213350118591975 -0.171609768714338 0.13475660559541158 0.5859943115544665 0.488866494535581 0.5339375636340996 0.7113680869072654 0.8757764142294003 0.9016591043001232 1.0441517456448726 1.0595786363527062 1.3319484901897238 1.5501147281527532
66 660 -0.4160308361112811 -0.17495403356014433 0.13886618894376548 0.5975336061022689 0.488866494535581 0.5339375636340996 0.7113680869072654 0.8757764142294003 0.9016591043001232 1.0441517456448726 1.0595786363527062 1.3319484901897238 1.5501147281527532
67 670 -0.46187827862022923 -0.18485705619778214 0.12300353063896378 0.5743002191694858 0.488866494535581 0.5339375636340996 0.7113680869072654 0.8757764142294003 0.9016591043001232 1.0441517456448726 1.0595786363527062 1.3319484901897238 1.5501147281527532
68 680 -0.4477049726845513 -0.1621507631996853 0.12569688964268688 0.5867545192265553 0.488866494535581 0.5339375636340996 0.7113680869072654 0.8757764142294003 0.9016591043001232 1.0441517456448726 1.0595786363527062 1.3319484901897238 1.5501147281527532
69 690 -0.4637969552677557 -0.1728354490226971 0.14042566373611057 0.6022985419198188 0.488866494535581 0.5339375636340996 0.7113680869072654 0.8757764142294003 0.9016591043001232 1.0441517456448726 1.0595786363527062 1.3319484901897238 1.5501147281527532
70 700 -0.440532206782368 -0.18459359035792056 0.13949618105787867 0.5954821113384831 0.488866494535581 0.5339375636340996 0.7113680869072654 0.8757764142294003 0.9016591043001232 1.0441517456448726 1.0595786363527062 1.3319484901897238 1.5501147281527532
71 710 -0.4401933471455507 -0.18254491320999627 0.13319366989729536 0.6002914169499426 0.488866494535581 0.5339375636340996 0.7113680869072654 0.8757764142294003 0.9016591043001232 1.0441517456448726 1.0595786363527062 1.3319484901897238 1.5501147281527532
72 720 -0.4404828999735552 -0.1791019987663765 0.12672312851172718 0.5895710067950332 0.488866494535581 0.5339375636340996 0.7113680869072654 0.8757764142294003 0.9016591043001232 1.0441517456448726 1.0595786363527062 1.3319484901897238 1.5501147281527532
73 730 -0.4597132327584812 -0.1774270379633265 0.14530819512554222 0.5986763517742655 0.45179168513580964 0.5097697252411303 0.6147532932579871 0.8397310097285426 0.9876489740860199 1.025156918150434 1.1643966279607247 1.330327106894914 1.5168923491164108
74 740 -0.4618430750436615 -0.1677278699223168 0.14697591647086192 0.6045871974622998 0.45179168513580964 0.5097697252411303 0.6147532932579871 0.8397310097285426 0.9876489740860199 1.025156918150434 1.1643966279607247 1.330327106894914 1.5168923491164108
75 750 -0.48273387972977566 -0.18996015732051946 0.13607002354466846 0.5875500306194236 0.45179168513580964 0.5097697252411303 0.6147532932579871 0.8397310097285426 0.9876489740860199 1.025156918150434 1.1643966279607247 1.330327106894914 1.5168923491164108
76 760 -0.4389412345987179 -0.20232251096157655 0.1319110555585497 0.5963939318856541 0.45179168513580964 0.5097697252411303 0.6147532932579871 0.8397310097285426 0.9876489740860199 1.025156918150434 1.1643966279607247 1.330327106894914 1.5168923491164108
77 770 -0.41965261701294154 -0.20225095804933743 0.1360558991647458 0.6028338155483615 0.45179168513580964 0.5097697252411303 0.6147532932579871 0.8397310097285426 0.9876489740860199 1.025156918150434 1.1643966279607247 1.330327106894914 1.5168923491164108
78 780 -0.4411030063406826 -0.21654679920938946 0.16370733426991624 0.6270696349221064 0.45179168513580964 0.5097697252411303 0.6147532932579871 0.8397310097285426 0.9876489740860199 1.025156918150434 1.1643966279607247 1.330327106894914 1.5168923491164108
79 790 -0.43615152342270025 -0.22015051693438928 0.1442889769057336 0.6313955065679119 0.45179168513580964 0.5097697252411303 0.6147532932579871 0.8397310097285426 0.9876489740860199 1.025156918150434 1.1643966279607247 1.330327106894914 1.5168923491164108
80 800 -0.4488332179805477 -0.23184042804357813 0.12460473877527573 0.6506352408576134 0.45179168513580964 0.5097697252411303 0.6147532932579871 0.8397310097285426 0.9876489740860199 1.025156918150434 1.1643966279607247 1.330327106894914 1.5168923491164108
81 810 -0.46336188939504563 -0.22822858049127534 0.13869052226570638 0.6395012690542209 0.45179168513580964 0.5097697252411303 0.6147532932579871 0.8397310097285426 0.9876489740860199 1.025156918150434 1.1643966279607247 1.330327106894914 1.5168923491164108
82 820 -0.47790810761031927 -0.24713913910388627 0.11595719437219432 0.6241210277510761 0.44987788324591244 0.5265853114868715 0.6366888807128604 0.8136211171957902 0.8793699829559715 0.9984952096219735 1.1410096113674975 1.30524601428002 1.6361880714432646
83 830 -0.46184004844106014 -0.24513882700742917 0.12421653444921693 0.6150916385147309 0.44987788324591244 0.5265853114868715 0.6366888807128604 0.8136211171957902 0.8793699829559715 0.9984952096219735 1.1410096113674975 1.30524601428002 1.6361880714432646
84 840 -0.469066318035131 -0.25717601745957686 0.09220548001611657 0.6233750934694767 0.44987788324591244 0.5265853114868715 0.6366888807128604 0.8136211171957902 0.8793699829559715 0.9984952096219735 1.1410096113674975 1.30524601428002 1.6361880714432646
85 850 -0.46850448456047605 -0.2495439888079221 0.11104343433957654 0.6614056575802931 0.44987788324591244 0.5265853114868715 0.6366888807128604 0.8136211171957902 0.8793699829559715 0.9984952096219735 1.1410096113674975 1.30524601428002 1.6361880714432646
86 860 -0.4892549336713012 -0.2611857272522963 0.10613975841564136 0.647393000799749 0.44987788324591244 0.5265853114868715 0.6366888807128604 0.8136211171957902 0.8793699829559715 0.9984952096219735 1.1410096113674975 1.30524601428002 1.6361880714432646
87 870 -0.5282176961831045 -0.248162925271195 0.1306885527264588 0.6495398419339738 0.44987788324591244 0.5265853114868715 0.6366888807128604 0.8136211171957902 0.8793699829559715 0.9984952096219735 1.1410096113674975 1.30524601428002 1.6361880714432646
88 880 -0.539778306054757 -0.23118662759282654 0.1380055764087661 0.6839622987972571 0.44987788324591244 0.5265853114868715 0.6366888807128604 0.8136211171957902 0.8793699829559715 0.9984952096219735 1.1410096113674975 1.30524601428002 1.6361880714432646
89 890 -0.5149889853295803 -0.22883355080353862 0.14474334639695527 0.7108999384300843 0.44987788324591244 0.5265853114868715 0.6366888807128604 0.8136211171957902 0.8793699829559715 0.9984952096219735 1.1410096113674975 1.30524601428002 1.6361880714432646
90 900 -0.5057683633482479 -0.23267703067128298 0.15232237873397486 0.7220759758805118 0.44987788324591244 0.5265853114868715 0.6366888807128604 0.8136211171957902 0.8793699829559715 0.9984952096219735 1.1410096113674975 1.30524601428002 1.6361880714432646
91 910 -0.5073852892220224 -0.21810549896443654 0.1412196560048095 0.7333622435756151 0.415960289846514 0.49721762885562004 0.6167468374339949 0.7905170188793177 0.9451612623153998 1.0130910855528756 1.081268966513616 1.3668496948552684 1.6178237921737995
92 920 -0.485823393416151 -0.21102434460436956 0.13110109174621953 0.7509801265584561 0.415960289846514 0.49721762885562004 0.6167468374339949 0.7905170188793177 0.9451612623153998 1.0130910855528756 1.081268966513616 1.3668496948552684 1.6178237921737995
93 930 -0.5044101461823287 -0.23117541767064106 0.11918136610703403 0.7494808707458169 0.415960289846514 0.49721762885562004 0.6167468374339949 0.7905170188793177 0.9451612623153998 1.0130910855528756 1.081268966513616 1.3668496948552684 1.6178237921737995
94 940 -0.5045096143822911 -0.18710682536133344 0.12400423181594067 0.7486292492178739 0.415960289846514 0.49721762885562004 0.6167468374339949 0.7905170188793177 0.9451612623153998 1.0130910855528756 1.081268966513616 1.3668496948552684 1.6178237921737995
95 950 -0.5331230663383746 -0.18703765816766182 0.14495428023642898 0.7674705330626408 0.415960289846514 0.49721762885562004 0.6167468374339949 0.7905170188793177 0.9451612623153998 1.0130910855528756 1.081268966513616 1.3668496948552684 1.6178237921737995
96 960 -0.5554520732314574 -0.17540278715903704 0.15388381734450995 0.7804337396866223 0.415960289846514 0.49721762885562004 0.6167468374339949 0.7905170188793177 0.9451612623153998 1.0130910855528756 1.081268966513616 1.3668496948552684 1.6178237921737995
97 970 -0.5476179358205986 -0.16537440507980466 0.13732955689219845 0.7663870653956195 0.415960289846514 0.49721762885562004 0.6167468374339949 0.7905170188793177 0.9451612623153998 1.0130910855528756 1.081268966513616 1.3668496948552684 1.6178237921737995
98 980 -0.5404824340837767 -0.15454609118539925 0.12565211759443434 0.7656651322715989 0.415960289846514 0.49721762885562004 0.6167468374339949 0.7905170188793177 0.9451612623153998 1.0130910855528756 1.081268966513616 1.3668496948552684 1.6178237921737995
99 990 -0.5331765888681534 -0.14129955194194713 0.12295899737654285 0.7658911425997544 0.415960289846514 0.49721762885562004 0.6167468374339949 0.7905170188793177 0.9451612623153998 1.0130910855528756 1.081268966513616 1.3668496948552684 1.6178237921737995
100 1000 -0.5347706143389469 -0.15542542180239527 0.14913738439949933 0.7623911681910981 0.37311741665672676 0.5113234893021998 0.6175393727523798 0.7882389236890125 0.9415050534814973 0.997135641081783 1.0523967640878218 1.4133576812415485 1.615805083642095
101 1010 -0.5233472378986775 -0.1688969964889142 0.1572836501231197 0.7650141734356234 0.37311741665672676 0.5113234893021998 0.6175393727523798 0.7882389236890125 0.9415050534814973 0.997135641081783 1.0523967640878218 1.4133576812415485 1.615805083642095
102 1020 -0.5374300755455655 -0.20508023939554224 0.14186509844445072 0.756579027690312 0.37311741665672676 0.5113234893021998 0.6175393727523798 0.7882389236890125 0.9415050534814973 0.997135641081783 1.0523967640878218 1.4133576812415485 1.615805083642095
103 1030 -0.5583661411558379 -0.2137363697247549 0.13096162066258363 0.7668733343654078 0.37311741665672676 0.5113234893021998 0.6175393727523798 0.7882389236890125 0.9415050534814973 0.997135641081783 1.0523967640878218 1.4133576812415485 1.615805083642095
104 1040 -0.5491550400345598 -0.20200172394903965 0.17132500669092404 0.7689407947952052 0.37311741665672676 0.5113234893021998 0.6175393727523798 0.7882389236890125 0.9415050534814973 0.997135641081783 1.0523967640878218 1.4133576812415485 1.615805083642095
105 1050 -0.5648399021119298 -0.20632241174608668 0.17392737002052772 0.7762474187309346 0.37311741665672676 0.5113234893021998 0.6175393727523798 0.7882389236890125 0.9415050534814973 0.997135641081783 1.0523967640878218 1.4133576812415485 1.615805083642095
106 1060 -0.5684435646115816 -0.19687613225868095 0.17221661868063542 0.7807383385077189 0.37311741665672676 0.5113234893021998 0.6175393727523798 0.7882389236890125 0.9415050534814973 0.997135641081783 1.0523967640878218 1.4133576812415485 1.615805083642095
107 1070 -0.5590643780695028 -0.206117020340651 0.17260175925718113 0.7771717142292731 0.37311741665672676 0.5113234893021998 0.6175393727523798 0.7882389236890125 0.9415050534814973 0.997135641081783 1.0523967640878218 1.4133576812415485 1.615805083642095
108 1080 -0.5639663159352284 -0.2334443253477269 0.1841980065317866 0.7824586480803115 0.37311741665672676 0.5113234893021998 0.6175393727523798 0.7882389236890125 0.9415050534814973 0.997135641081783 1.0523967640878218 1.4133576812415485 1.615805083642095
109 1090 -0.5727461896272801 -0.2275476636248915 0.18497305138203607 0.7736684249641365 0.3455859654289495 0.49889689954309285 0.5520911125649924 0.7263395060192719 0.8536972740196529 0.9926790576424769 1.0972304080377189 1.4358446298425853 1.6791436606277335
110 1100 -0.5792645171818498 -0.20932418360931943 0.16662000463714954 0.7610205741236375 0.3455859654289495 0.49889689954309285 0.5520911125649924 0.7263395060192719 0.8536972740196529 0.9926790576424769 1.0972304080377189 1.4358446298425853 1.6791436606277335
111 1110 -0.5584066441721491 -0.19711164273142978 0.1719875234893045 0.7216260093628618 0.3455859654289495 0.49889689954309285 0.5520911125649924 0.7263395060192719 0.8536972740196529 0.9926790576424769 1.0972304080377189 1.4358446298425853 1.6791436606277335
112 1120 -0.5737921668942833 -0.19243172558355265 0.16517271858243227 0.7268225552835542 0.3455859654289495 0.49889689954309285 0.5520911125649924 0.7263395060192719 0.8536972740196529 0.9926790576424769 1.0972304080377189 1.4358446298425853 1.6791436606277335
113 1130 -0.5846935120809054 -0.20370000952465867 0.14914249624879533 0.7458561299306617 0.3455859654289495 0.49889689954309285 0.5520911125649924 0.7263395060192719 0.8536972740196529 0.9926790576424769 1.0972304080377189 1.4358446298425853 1.6791436606277335
114 1140 -0.5671130913499282 -0.1802517289332969 0.12272326773907438 0.7529654565662298 0.3455859654289495 0.49889689954309285 0.5520911125649924 0.7263395060192719 0.8536972740196529 0.9926790576424769 1.0972304080377189 1.4358446298425853 1.6791436606277335
115 1150 -0.5631482282787482 -0.2043707737821464 0.1283002120810432 0.7274965855070942 0.3455859654289495 0.49889689954309285 0.5520911125649924 0.7263395060192719 0.8536972740196529 0.9926790576424769 1.0972304080377189 1.4358446298425853 1.6791436606277335
116 1160 -0.5376296669353179 -0.22685497671078964 0.1578532749275432 0.7396371609349653 0.3455859654289495 0.49889689954309285 0.5520911125649924 0.7263395060192719 0.8536972740196529 0.9926790576424769 1.0972304080377189 1.4358446298425853 1.6791436606277335
117 1170 -0.5605776801295052 -0.23487681568355445 0.16391195617442977 0.7396617348355384 0.3455859654289495 0.49889689954309285 0.5520911125649924 0.7263395060192719 0.8536972740196529 0.9926790576424769 1.0972304080377189 1.4358446298425853 1.6791436606277335
118 1180 -0.5485947476218882 -0.24148251952994043 0.17825085708371302 0.723895627549742 0.34415001488179076 0.49905214198898223 0.5766457328856701 0.7044141422621408 0.8516056889931435 1.0216419342660379 1.0943965471829853 1.3267573803153248 1.7540851466435001
119 1190 -0.5800556473334755 -0.22909974888535417 0.15127535277784526 0.7161174908163892 0.34415001488179076 0.49905214198898223 0.5766457328856701 0.7044141422621408 0.8516056889931435 1.0216419342660379 1.0943965471829853 1.3267573803153248 1.7540851466435001
120 1200 -0.550309351895985 -0.230067013437099 0.1497885753851921 0.7020854977622525 0.34415001488179076 0.49905214198898223 0.5766457328856701 0.7044141422621408 0.8516056889931435 1.0216419342660379 1.0943965471829853 1.3267573803153248 1.7540851466435001
121 1210 -0.5937954218379436 -0.23202075953420148 0.1477645144181478 0.697324532411373 0.34415001488179076 0.49905214198898223 0.5766457328856701 0.7044141422621408 0.8516056889931435 1.0216419342660379 1.0943965471829853 1.3267573803153248 1.7540851466435001
122 1220 -0.5710938700393685 -0.24423120614868954 0.14876601247793853 0.6998745004027908 0.34415001488179076 0.49905214198898223 0.5766457328856701 0.7044141422621408 0.8516056889931435 1.0216419342660379 1.0943965471829853 1.3267573803153248 1.7540851466435001
123 1230 -0.5639124560470121 -0.23993880816353536 0.15113474167915109 0.7083668887860948 0.34415001488179076 0.49905214198898223 0.5766457328856701 0.7044141422621408 0.8516056889931435 1.0216419342660379 1.0943965471829853 1.3267573803153248 1.7540851466435001
124 1240 -0.5412724609589028 -0.2583636618415062 0.13888126847137117 0.6891802368127377 0.34415001488179076 0.49905214198898223 0.5766457328856701 0.7044141422621408 0.8516056889931435 1.0216419342660379 1.0943965471829853 1.3267573803153248 1.7540851466435001
125 1250 -0.5411176630629237 -0.2553088106327184 0.129555768298469 0.6785670800638107 0.34415001488179076 0.49905214198898223 0.5766457328856701 0.7044141422621408 0.8516056889931435 1.0216419342660379 1.0943965471829853 1.3267573803153248 1.7540851466435001
126 1260 -0.528266485112579 -0.2589889376663914 0.1500991083085883 0.6662048532852154 0.34415001488179076 0.49905214198898223 0.5766457328856701 0.7044141422621408 0.8516056889931435 1.0216419342660379 1.0943965471829853 1.3267573803153248 1.7540851466435001
127 1270 -0.5415702208603753 -0.24695468038082435 0.1413600020461513 0.657165060466451 0.36162582390355313 0.5095571510855957 0.5870726444320851 0.7172805105933481 0.8451938550679026 1.050217304862119 1.1346470061971805 1.3844197090635255 1.6519932968852853
128 1280 -0.5469118235069577 -0.20455950530249237 0.14947971654271414 0.6818140654122264 0.36162582390355313 0.5095571510855957 0.5870726444320851 0.7172805105933481 0.8451938550679026 1.050217304862119 1.1346470061971805 1.3844197090635255 1.6519932968852853
129 1290 -0.5693278547270181 -0.20845364015780943 0.17282549242817918 0.7124846048318219 0.36162582390355313 0.5095571510855957 0.5870726444320851 0.7172805105933481 0.8451938550679026 1.050217304862119 1.1346470061971805 1.3844197090635255 1.6519932968852853
130 1300 -0.5405730036468174 -0.20381319380163776 0.18569932825230295 0.7057653618957007 0.36162582390355313 0.5095571510855957 0.5870726444320851 0.7172805105933481 0.8451938550679026 1.050217304862119 1.1346470061971805 1.3844197090635255 1.6519932968852853
131 1310 -0.5135330774403499 -0.19429342314939824 0.20030883319698903 0.6947716038005265 0.36162582390355313 0.5095571510855957 0.5870726444320851 0.7172805105933481 0.8451938550679026 1.050217304862119 1.1346470061971805 1.3844197090635255 1.6519932968852853
132 1320 -0.47210598383228525 -0.1986338178673307 0.20364760349370087 0.6814406092841914 0.36162582390355313 0.5095571510855957 0.5870726444320851 0.7172805105933481 0.8451938550679026 1.050217304862119 1.1346470061971805 1.3844197090635255 1.6519932968852853
133 1330 -0.5021631537700558 -0.19407142768201804 0.2083342389108002 0.6781732548596331 0.36162582390355313 0.5095571510855957 0.5870726444320851 0.7172805105933481 0.8451938550679026 1.050217304862119 1.1346470061971805 1.3844197090635255 1.6519932968852853
134 1340 -0.5065998838582257 -0.1862117991301289 0.20435749191624353 0.6722151548596688 0.36162582390355313 0.5095571510855957 0.5870726444320851 0.7172805105933481 0.8451938550679026 1.050217304862119 1.1346470061971805 1.3844197090635255 1.6519932968852853
135 1350 -0.5168611645257084 -0.18162843018996933 0.2168448766105709 0.660129901628038 0.36162582390355313 0.5095571510855957 0.5870726444320851 0.7172805105933481 0.8451938550679026 1.050217304862119 1.1346470061971805 1.3844197090635255 1.6519932968852853
136 1360 -0.5213854349369853 -0.1849733086832912 0.20691769699340815 0.6753234930477142 0.3540317381900195 0.4722013931133973 0.5766801047148385 0.7268877457604052 0.832977130318391 1.1711834593967219 1.2062223463655202 1.3133979817403638 1.5953850419495055
137 1370 -0.5290487790838667 -0.19197431392004022 0.22532747324266036 0.6694070083921112 0.3540317381900195 0.4722013931133973 0.5766801047148385 0.7268877457604052 0.832977130318391 1.1711834593967219 1.2062223463655202 1.3133979817403638 1.5953850419495055
138 1380 -0.4995659796192949 -0.1999976596210854 0.22431841833954763 0.6782308083383947 0.3540317381900195 0.4722013931133973 0.5766801047148385 0.7268877457604052 0.832977130318391 1.1711834593967219 1.2062223463655202 1.3133979817403638 1.5953850419495055
139 1390 -0.501599567534945 -0.1791729725562817 0.23232641076116833 0.6713594305295129 0.3540317381900195 0.4722013931133973 0.5766801047148385 0.7268877457604052 0.832977130318391 1.1711834593967219 1.2062223463655202 1.3133979817403638 1.5953850419495055
140 1400 -0.4748312292866021 -0.1936889414786963 0.21403518372668928 0.6614436881359204 0.3540317381900195 0.4722013931133973 0.5766801047148385 0.7268877457604052 0.832977130318391 1.1711834593967219 1.2062223463655202 1.3133979817403638 1.5953850419495055
141 1410 -0.4930153348351406 -0.16881146484462922 0.20147295001166554 0.653206956818099 0.3540317381900195 0.4722013931133973 0.5766801047148385 0.7268877457604052 0.832977130318391 1.1711834593967219 1.2062223463655202 1.3133979817403638 1.5953850419495055
142 1420 -0.50743046231752 -0.15334892987171603 0.22567179565102613 0.6670142664917176 0.3540317381900195 0.4722013931133973 0.5766801047148385 0.7268877457604052 0.832977130318391 1.1711834593967219 1.2062223463655202 1.3133979817403638 1.5953850419495055
143 1430 -0.5145825386208234 -0.16511890397749493 0.21073338359236796 0.6661306384875396 0.3540317381900195 0.4722013931133973 0.5766801047148385 0.7268877457604052 0.832977130318391 1.1711834593967219 1.2062223463655202 1.3133979817403638 1.5953850419495055
144 1440 -0.47071008014920673 -0.15083234492916064 0.1994383841221204 0.6645703906620939 0.3540317381900195 0.4722013931133973 0.5766801047148385 0.7268877457604052 0.832977130318391 1.1711834593967219 1.2062223463655202 1.3133979817403638 1.5953850419495055
145 1450 -0.4567771702988143 -0.14768346986492742 0.20493521116743246 0.6696667339656415 0.35167282423438617 0.4599751407391302 0.5913701921932026 0.7507106118454122 0.9059245508498763 1.140755364322015 1.1891685691393472 1.394529592512893 1.5068534117026742
146 1460 -0.46169074826134343 -0.18426540729210023 0.21982903094307768 0.6760680263758693 0.35167282423438617 0.4599751407391302 0.5913701921932026 0.7507106118454122 0.9059245508498763 1.140755364322015 1.1891685691393472 1.394529592512893 1.5068534117026742
147 1470 -0.41930096772679254 -0.17153942160779673 0.22989257483850806 0.6857208743762011 0.35167282423438617 0.4599751407391302 0.5913701921932026 0.7507106118454122 0.9059245508498763 1.140755364322015 1.1891685691393472 1.394529592512893 1.5068534117026742
148 1480 -0.41403752124981114 -0.1653672470624586 0.21808845707350066 0.6870997407585229 0.35167282423438617 0.4599751407391302 0.5913701921932026 0.7507106118454122 0.9059245508498763 1.140755364322015 1.1891685691393472 1.394529592512893 1.5068534117026742
149 1490 -0.44876437803793845 -0.1710121917804289 0.22224730864085204 0.6706016211594701 0.35167282423438617 0.4599751407391302 0.5913701921932026 0.7507106118454122 0.9059245508498763 1.140755364322015 1.1891685691393472 1.394529592512893 1.5068534117026742
150 1500 -0.4389490353286967 -0.18886857776156338 0.2346466494660367 0.6670943797571257 0.35167282423438617 0.4599751407391302 0.5913701921932026 0.7507106118454122 0.9059245508498763 1.140755364322015 1.1891685691393472 1.394529592512893 1.5068534117026742
151 1510 -0.43551610839422994 -0.19676573126732538 0.25498376326876154 0.6811766452098047 0.35167282423438617 0.4599751407391302 0.5913701921932026 0.7507106118454122 0.9059245508498763 1.140755364322015 1.1891685691393472 1.394529592512893 1.5068534117026742
152 1520 -0.4760434506987557 -0.1658932153087394 0.21567736745248733 0.6764736360039406 0.35167282423438617 0.4599751407391302 0.5913701921932026 0.7507106118454122 0.9059245508498763 1.140755364322015 1.1891685691393472 1.394529592512893 1.5068534117026742
153 1530 -0.4916058043964262 -0.15650773179257266 0.21850097547052472 0.645079683636301 0.35167282423438617 0.4599751407391302 0.5913701921932026 0.7507106118454122 0.9059245508498763 1.140755364322015 1.1891685691393472 1.394529592512893 1.5068534117026742
154 1540 -0.4629611682166303 -0.15057540681311693 0.24307833876959867 0.6344926341872872 0.311022470444014 0.433014751032788 0.5870562013258352 0.7489916608137829 0.9158104000638411 1.1066260617339372 1.2303094097159983 1.3840053825732466 1.5223920929845571
155 1550 -0.47598490726194 -0.15836254389334786 0.22815586214883496 0.5960047148981195 0.311022470444014 0.433014751032788 0.5870562013258352 0.7489916608137829 0.9158104000638411 1.1066260617339372 1.2303094097159983 1.3840053825732466 1.5223920929845571
156 1560 -0.4699234239439595 -0.1640626025067659 0.23094289451041378 0.5851159568455916 0.311022470444014 0.433014751032788 0.5870562013258352 0.7489916608137829 0.9158104000638411 1.1066260617339372 1.2303094097159983 1.3840053825732466 1.5223920929845571
157 1570 -0.4699428745705087 -0.15752358067191136 0.20621055382198797 0.5894779825801274 0.311022470444014 0.433014751032788 0.5870562013258352 0.7489916608137829 0.9158104000638411 1.1066260617339372 1.2303094097159983 1.3840053825732466 1.5223920929845571
158 1580 -0.46005764764050094 -0.20776956038867012 0.202285178547768 0.60732365676351 0.311022470444014 0.433014751032788 0.5870562013258352 0.7489916608137829 0.9158104000638411 1.1066260617339372 1.2303094097159983 1.3840053825732466 1.5223920929845571
159 1590 -0.45742931970452017 -0.20147390659365072 0.22244410053723357 0.6075791045245713 0.311022470444014 0.433014751032788 0.5870562013258352 0.7489916608137829 0.9158104000638411 1.1066260617339372 1.2303094097159983 1.3840053825732466 1.5223920929845571
160 1600 -0.4828108709391654 -0.16561866284533794 0.21542517135007566 0.6060905108648912 0.311022470444014 0.433014751032788 0.5870562013258352 0.7489916608137829 0.9158104000638411 1.1066260617339372 1.2303094097159983 1.3840053825732466 1.5223920929845571
161 1610 -0.5710434038834871 -0.14921158507381654 0.2130672021475291 0.5904793875243176 0.311022470444014 0.433014751032788 0.5870562013258352 0.7489916608137829 0.9158104000638411 1.1066260617339372 1.2303094097159983 1.3840053825732466 1.5223920929845571
162 1620 -0.5855774536265196 -0.1790025153946111 0.1899817035228877 0.5586651562889127 0.311022470444014 0.433014751032788 0.5870562013258352 0.7489916608137829 0.9158104000638411 1.1066260617339372 1.2303094097159983 1.3840053825732466 1.5223920929845571
163 1630 -0.5980350511174608 -0.1860674732570295 0.1964963677008976 0.5618168061811781 0.30877327160786955 0.41983123561052094 0.6255076474806275 0.7484822646899758 0.9165849818490678 0.9882354381221835 1.14938823768665 1.4040274279256948 1.633337574821037
164 1640 -0.5756862216661193 -0.18362883019250986 0.21008844708937735 0.5743676062220184 0.30877327160786955 0.41983123561052094 0.6255076474806275 0.7484822646899758 0.9165849818490678 0.9882354381221835 1.14938823768665 1.4040274279256948 1.633337574821037
165 1650 -0.6124433609390522 -0.1971970945753935 0.2167174676266492 0.5058710829423521 0.30877327160786955 0.41983123561052094 0.6255076474806275 0.7484822646899758 0.9165849818490678 0.9882354381221835 1.14938823768665 1.4040274279256948 1.633337574821037
166 1660 -0.628453288715796 -0.20459793366295623 0.23846161442064878 0.5166957720209693 0.30877327160786955 0.41983123561052094 0.6255076474806275 0.7484822646899758 0.9165849818490678 0.9882354381221835 1.14938823768665 1.4040274279256948 1.633337574821037
167 1670 -0.6457362091052467 -0.22567365953306023 0.21624916826838175 0.49684710299079055 0.30877327160786955 0.41983123561052094 0.6255076474806275 0.7484822646899758 0.9165849818490678 0.9882354381221835 1.14938823768665 1.4040274279256948 1.633337574821037
168 1680 -0.6673135152933435 -0.2313860905066094 0.22544553786805957 0.5233159495665921 0.30877327160786955 0.41983123561052094 0.6255076474806275 0.7484822646899758 0.9165849818490678 0.9882354381221835 1.14938823768665 1.4040274279256948 1.633337574821037
169 1690 -0.6531105869645153 -0.21345448978678894 0.23989300064329397 0.5287315685829344 0.30877327160786955 0.41983123561052094 0.6255076474806275 0.7484822646899758 0.9165849818490678 0.9882354381221835 1.14938823768665 1.4040274279256948 1.633337574821037
170 1700 -0.6486558135195735 -0.21912315596207407 0.2480879003740261 0.5343061077488541 0.30877327160786955 0.41983123561052094 0.6255076474806275 0.7484822646899758 0.9165849818490678 0.9882354381221835 1.14938823768665 1.4040274279256948 1.633337574821037
171 1710 -0.6440608957226357 -0.18949784660590896 0.2212890805523668 0.5402649175652402 0.30877327160786955 0.41983123561052094 0.6255076474806275 0.7484822646899758 0.9165849818490678 0.9882354381221835 1.14938823768665 1.4040274279256948 1.633337574821037
172 1720 -0.645025284772305 -0.22409264832586231 0.21108189799674737 0.5651365215341418 0.3029548656605999 0.4417167159190496 0.5818061908906519 0.8044990813779992 0.8248775668998508 0.9734626230280757 1.0880925725803565 1.504749610261922 1.628225464012359
173 1730 -0.6094425869157016 -0.1971125297954513 0.21799636130428746 0.5544279183434395 0.3029548656605999 0.4417167159190496 0.5818061908906519 0.8044990813779992 0.8248775668998508 0.9734626230280757 1.0880925725803565 1.504749610261922 1.628225464012359
174 1740 -0.6027345441835811 -0.18481351224003661 0.21989811203552445 0.5548125334793933 0.3029548656605999 0.4417167159190496 0.5818061908906519 0.8044990813779992 0.8248775668998508 0.9734626230280757 1.0880925725803565 1.504749610261922 1.628225464012359
175 1750 -0.6003362590349651 -0.20923742322182431 0.21695439829078683 0.549133545537644 0.3029548656605999 0.4417167159190496 0.5818061908906519 0.8044990813779992 0.8248775668998508 0.9734626230280757 1.0880925725803565 1.504749610261922 1.628225464012359
176 1760 -0.6125794489351732 -0.21377131263884736 0.22636354275583742 0.5289137525588764 0.3029548656605999 0.4417167159190496 0.5818061908906519 0.8044990813779992 0.8248775668998508 0.9734626230280757 1.0880925725803565 1.504749610261922 1.628225464012359
177 1770 -0.6150534814648334 -0.22016088384162422 0.21704843157414558 0.5206219627256491 0.3029548656605999 0.4417167159190496 0.5818061908906519 0.8044990813779992 0.8248775668998508 0.9734626230280757 1.0880925725803565 1.504749610261922 1.628225464012359
178 1780 -0.6058072190666526 -0.22618065526707593 0.20805440826167748 0.5362707398540637 0.3029548656605999 0.4417167159190496 0.5818061908906519 0.8044990813779992 0.8248775668998508 0.9734626230280757 1.0880925725803565 1.504749610261922 1.628225464012359
179 1790 -0.5975421181978592 -0.2289996880960968 0.2058769534877876 0.5177771749679828 0.3029548656605999 0.4417167159190496 0.5818061908906519 0.8044990813779992 0.8248775668998508 0.9734626230280757 1.0880925725803565 1.504749610261922 1.628225464012359
180 1800 -0.609238343346267 -0.24698881811595352 0.2128238891105596 0.5306333220599058 0.3029548656605999 0.4417167159190496 0.5818061908906519 0.8044990813779992 0.8248775668998508 0.9734626230280757 1.0880925725803565 1.504749610261922 1.628225464012359
181 1810 -0.5985859141358341 -0.23734003969016249 0.2087465893947295 0.5401992961213957 0.3067408262185812 0.5142283518992634 0.6444734472314451 0.6858759546194609 0.9271074973822837 0.9890191440314701 1.110570995069853 1.4840243669150603 1.5755392672576891
182 1820 -0.6005401968791716 -0.2154330371368235 0.20447229621091972 0.5385445855759398 0.3067408262185812 0.5142283518992634 0.6444734472314451 0.6858759546194609 0.9271074973822837 0.9890191440314701 1.110570995069853 1.4840243669150603 1.5755392672576891
183 1830 -0.5896530392533054 -0.24459584367683704 0.21135736877086558 0.556897368038542 0.3067408262185812 0.5142283518992634 0.6444734472314451 0.6858759546194609 0.9271074973822837 0.9890191440314701 1.110570995069853 1.4840243669150603 1.5755392672576891
184 1840 -0.6111680248308416 -0.22459057765863685 0.22212667297700836 0.5600915827491365 0.3067408262185812 0.5142283518992634 0.6444734472314451 0.6858759546194609 0.9271074973822837 0.9890191440314701 1.110570995069853 1.4840243669150603 1.5755392672576891
185 1850 -0.6275215056648943 -0.22842319331196187 0.20495229703345547 0.56091165081397 0.3067408262185812 0.5142283518992634 0.6444734472314451 0.6858759546194609 0.9271074973822837 0.9890191440314701 1.110570995069853 1.4840243669150603 1.5755392672576891
186 1860 -0.6234913286227981 -0.22955134750091816 0.19790062637220796 0.5795141866006639 0.3067408262185812 0.5142283518992634 0.6444734472314451 0.6858759546194609 0.9271074973822837 0.9890191440314701 1.110570995069853 1.4840243669150603 1.5755392672576891
187 1870 -0.6297281852816813 -0.23443726866739079 0.17801770795745453 0.5841346737818248 0.3067408262185812 0.5142283518992634 0.6444734472314451 0.6858759546194609 0.9271074973822837 0.9890191440314701 1.110570995069853 1.4840243669150603 1.5755392672576891
188 1880 -0.618702425529054 -0.178040358408724 0.1639892812009648 0.5842630616720298 0.3067408262185812 0.5142283518992634 0.6444734472314451 0.6858759546194609 0.9271074973822837 0.9890191440314701 1.110570995069853 1.4840243669150603 1.5755392672576891
189 1890 -0.5850558725812481 -0.22287460300976236 0.17748862205258714 0.588945158816238 0.3067408262185812 0.5142283518992634 0.6444734472314451 0.6858759546194609 0.9271074973822837 0.9890191440314701 1.110570995069853 1.4840243669150603 1.5755392672576891
190 1900 -0.5856378130282851 -0.23045417845054017 0.1511168298277556 0.5564016938575743 0.32306174206601174 0.5414804291793972 0.6605584653959291 0.7267874933030157 0.9144452890795206 1.0019640085556627 1.2573682608692118 1.3509747648622126 1.5464872094862687
191 1910 -0.5738067936488703 -0.22934524850985255 0.15764181350375595 0.5656358593286405 0.32306174206601174 0.5414804291793972 0.6605584653959291 0.7267874933030157 0.9144452890795206 1.0019640085556627 1.2573682608692118 1.3509747648622126 1.5464872094862687
192 1920 -0.5770579998931059 -0.2161742439698744 0.14843882249264112 0.5514598040749585 0.32306174206601174 0.5414804291793972 0.6605584653959291 0.7267874933030157 0.9144452890795206 1.0019640085556627 1.2573682608692118 1.3509747648622126 1.5464872094862687
193 1930 -0.5535811601636498 -0.2183219081508735 0.1566433149131949 0.5143748153217043 0.32306174206601174 0.5414804291793972 0.6605584653959291 0.7267874933030157 0.9144452890795206 1.0019640085556627 1.2573682608692118 1.3509747648622126 1.5464872094862687
194 1940 -0.5267159964601836 -0.18523600924834294 0.17226352151384025 0.4684266191110223 0.32306174206601174 0.5414804291793972 0.6605584653959291 0.7267874933030157 0.9144452890795206 1.0019640085556627 1.2573682608692118 1.3509747648622126 1.5464872094862687
195 1950 -0.5181429312374303 -0.16092607005063564 0.13979614061133303 0.46754592753863794 0.32306174206601174 0.5414804291793972 0.6605584653959291 0.7267874933030157 0.9144452890795206 1.0019640085556627 1.2573682608692118 1.3509747648622126 1.5464872094862687
196 1960 -0.5292711283512566 -0.18253739623078735 0.1661807297186396 0.4555501612801521 0.32306174206601174 0.5414804291793972 0.6605584653959291 0.7267874933030157 0.9144452890795206 1.0019640085556627 1.2573682608692118 1.3509747648622126 1.5464872094862687
197 1970 -0.5150690044804902 -0.17656801874219014 0.15427471330023823 0.4946406049120221 0.32306174206601174 0.5414804291793972 0.6605584653959291 0.7267874933030157 0.9144452890795206 1.0019640085556627 1.2573682608692118 1.3509747648622126 1.5464872094862687
198 1980 -0.5497943055898675 -0.18088400807328742 0.17780229045737514 0.47236958809631374 0.32306174206601174 0.5414804291793972 0.6605584653959291 0.7267874933030157 0.9144452890795206 1.0019640085556627 1.2573682608692118 1.3509747648622126 1.5464872094862687
199 1990 -0.632151140972686 -0.23573297253952435 0.2104979389279688 0.4629790302061747 0.28687233285424824 0.5188054483419933 0.5825836916288535 0.693303549810795 0.9328672063649946 1.0199012744727434 1.2444171542599687 1.4334116908020427 1.5214429460070025
200 2000 -0.6426650457973178 -0.23631527321574874 0.19734118567200992 0.48690733944423853 0.28687233285424824 0.5188054483419933 0.5825836916288535 0.693303549810795 0.9328672063649946 1.0199012744727434 1.2444171542599687 1.4334116908020427 1.5214429460070025
