% # columns="iteration, evaluation, sigma, max axis length,  min axis length, all principal axes lengths  (sorted square roots of eigenvalues of C)", seed=135388, Tue Feb 21 18:30:07 2023
1 10 0.0988461037731132 1.0000444454321133 1.0 1.0 1.0000055555709877 1.0000111111728396 1.0000166668055563 1.0000222224691375 1.0000277781635838 1.0000333338888951 1.0000388896450716 1.0000444454321133
2 20 0.09889970635153447 1.2004888410415386 0.9224416213582279 0.9224416213582279 0.9323686802457483 0.9607642159366802 0.9925131826965196 0.9977394264193181 1.0003076653524894 1.0101023361378416 1.038449281297605 1.2004888410415386
3 30 0.10401525241299252 1.192755476556457 0.9022060414565004 0.9022060414565004 0.9263817305668416 0.934795562886797 0.9560678209882445 0.9953520960506015 1.0023788762845351 1.0492590563609052 1.1001655084060489 1.192755476556457
4 40 0.107279916330677 1.302657226443081 0.8726641043345664 0.8726641043345664 0.9042084443628925 0.9166638270087311 0.9527681195146386 0.9808144974136229 1.0167290563248745 1.033218666271596 1.086860654535879 1.302657226443081
5 50 0.10600544863161751 1.3163479149666788 0.8417403160648083 0.8417403160648083 0.8798969434151414 0.90253171185976 0.9506578552792798 0.9553080719348945 1.0345912051490203 1.051326117668575 1.0801639125332954 1.3163479149666788
6 60 0.1048971004891233 1.2962364628585679 0.82174512267909 0.82174512267909 0.874935570345357 0.8929013843612058 0.9397207965715115 0.9695874180916098 0.997679458728629 1.0454806829463847 1.1021978290993968 1.2962364628585679
7 70 0.11805230457093238 1.2903175799706719 0.8136970309198035 0.8136970309198035 0.8553680363651083 0.8880791146853161 0.9088577930677858 0.9637118334387891 0.9854515919231416 1.0433287226981578 1.1112064652134521 1.2903175799706719
8 80 0.12152361849625583 1.4024376337044393 0.7596869607932603 0.7596869607932603 0.8461843261235743 0.8781315911675209 0.8986623640549348 0.9778979657392513 0.9850474476109774 1.072702295887694 1.0885357274594716 1.4024376337044393
9 90 0.12950060693571128 1.4375202414673407 0.7103765508602815 0.7103765508602815 0.8114651662602362 0.8807519547269942 0.8929766116115967 0.9720123062467304 0.9964344446498059 1.0673880214493123 1.10727449951105 1.4375202414673407
10 100 0.13704927017212237 1.4876580195724305 0.6954758159278286 0.6954758159278286 0.8194460858222855 0.8660939513239674 0.9103425148392235 0.9350140160356522 0.9830224983823345 1.0478458653727563 1.113146172472399 1.4876580195724305
11 110 0.13198341528948895 1.5334048562008464 0.6480855995834623 0.6480855995834623 0.8178590617701454 0.8641623526104363 0.9162163769477902 0.9391821604856974 1.0086390619382792 1.0496310446389998 1.0677062369730475 1.5334048562008464
12 120 0.13230596969550398 1.519842167918107 0.6299955033642715 0.6299955033642715 0.8169403055587585 0.8611804645159217 0.8872402250313499 0.9409032752379961 0.9930720127832825 1.0483012884495904 1.0590149200584524 1.519842167918107
13 130 0.13686091321328547 1.5504311431634576 0.6194955986594564 0.6194955986594564 0.8298392908371122 0.8567709691994834 0.8719442753913015 0.9266347009429241 0.9628792914958682 1.0299126405131742 1.0612908349756844 1.5504311431634576
14 140 0.12781161331410612 1.5958918021612396 0.6044695075878063 0.6044695075878063 0.7912570818918462 0.8524452786190417 0.8803003608531257 0.9154291154877265 0.9829601593606742 1.030919092595482 1.0661250899053778 1.5958918021612396
15 150 0.11906129772744045 1.594389107115998 0.5906769937131595 0.5906769937131595 0.7836884616540594 0.8402402081764627 0.8537845532711644 0.9020329285300277 0.9838778416351716 1.030359875570467 1.1098863147406193 1.594389107115998
16 160 0.1162008979706184 1.5473953728825156 0.5970775027226182 0.5970775027226182 0.7619410536787034 0.810428815553346 0.8465660982815663 0.9107249987384776 0.960921844824354 1.0340400959071265 1.1285352219665354 1.5473953728825156
17 170 0.1220125089286911 1.5602486805454892 0.5895844547217448 0.5895844547217448 0.7117042289405212 0.8059538986830659 0.8498123118689189 0.931499821910966 0.9742342551797877 1.0362242851110728 1.1287771684388237 1.5602486805454892
18 180 0.12190156900747573 1.6012418331111062 0.571737193034565 0.571737193034565 0.706568943375829 0.8026056226598247 0.8363653399587024 0.8931417321204976 0.98445405811182 1.0333552394846224 1.155870684242399 1.6012418331111062
19 190 0.12026025847602809 1.6103569274830651 0.5585707371498638 0.5585707371498638 0.6888191650663978 0.7842464137266915 0.8372976927705258 0.8755998733838921 0.9839909653932585 1.0821523378521765 1.1603924361555398 1.6103569274830651
20 200 0.12711268980976426 1.5828978940672946 0.5269268238666182 0.5269268238666182 0.6878620267291751 0.7746781134582493 0.8265313133963198 0.8803282701497971 1.0057496348582822 1.0586563430329754 1.1579478228289224 1.5828978940672946
21 210 0.1228079507114619 1.596540331563354 0.5383321645974055 0.5383321645974055 0.6656599708021419 0.7904840247953298 0.8199257112383485 0.8829883758620013 0.9640448089557213 1.094176955918701 1.1068346191081955 1.596540331563354
22 220 0.12990949611204808 1.637958449259935 0.5280254523550538 0.5280254523550538 0.67140225750782 0.7799439555748917 0.7997846537422708 0.881236968156689 0.9359388646107473 1.0851223582621115 1.1248358683227324 1.637958449259935
23 230 0.13524041325660258 1.6605804103539825 0.5099563344605444 0.5099563344605444 0.6911804150946207 0.7611702647149018 0.7873576937290298 0.8805359664942296 0.9208044417418944 1.0806615962761525 1.1709841186549175 1.6605804103539825
24 240 0.13942568456308246 1.7388658118530653 0.5013468933077929 0.5013468933077929 0.6551512704249155 0.7399936566075322 0.8066974204568917 0.8924977305004247 0.9158158938929216 1.0582394309754772 1.239897797436704 1.7388658118530653
25 250 0.13973704547867966 1.8133205603381113 0.4856392921395552 0.4856392921395552 0.6470431400387339 0.7334368187051975 0.7817590093526072 0.8787554496876381 0.9310124805736478 1.0526915602768387 1.204038245107051 1.8133205603381113
26 260 0.14094056539847524 1.8425487464056436 0.4783352182129289 0.4783352182129289 0.64067296820453 0.6970250135739383 0.7837166674956181 0.8755361260343578 0.9135686333281239 1.0509471631969551 1.1871162036249296 1.8425487464056436
27 270 0.13812141395932537 1.8681371134672535 0.4728183787097733 0.4728183787097733 0.637221277079691 0.7244332709704795 0.7898996726706652 0.853710127828507 0.9172593802001133 1.030915963142506 1.17000441914993 1.8681371134672535
28 280 0.12962079540238589 1.9476264714468041 0.47777196077466727 0.47777196077466727 0.637647686169494 0.7150603411517664 0.8026437886185646 0.8349976523589902 0.8895991916756696 0.9991801282301787 1.1385376859806473 1.9476264714468041
29 290 0.12655794267105092 1.8938282510429212 0.48032178302900946 0.48032178302900946 0.6193761583534582 0.6952124694865081 0.7740424245916698 0.8443475318179675 0.8833427462612287 0.9931148476689361 1.1518799182346329 1.8938282510429212
30 300 0.12755507117356354 1.8677723060530773 0.48555380068003406 0.48555380068003406 0.61890410920345 0.6845730652615682 0.8004051298168489 0.8277738662072931 0.8879452716820367 0.9627704517900825 1.146660858616646 1.8677723060530773
31 310 0.13108707994695262 1.857338994848493 0.4814237067669557 0.4814237067669557 0.621543494846091 0.6677532834792538 0.7917520600536019 0.8450493710550914 0.8826540773868276 0.9398302706696295 1.1373543275298217 1.857338994848493
32 320 0.11953014801012976 1.8214689436440539 0.48389464725768094 0.48389464725768094 0.6193862671238747 0.6739547318803775 0.7772835497912637 0.8309457229655678 0.8791172351442957 0.9254217557915206 1.151925709854282 1.8214689436440539
33 330 0.11457782735907293 1.783866546519131 0.48680092676275316 0.48680092676275316 0.614804533559299 0.6550565812414461 0.8011533365215784 0.8294563491966466 0.8814012461429274 0.9078281810021445 1.1334150762049682 1.783866546519131
34 340 0.11826445955297368 1.7514309414098306 0.4785605365804974 0.4785605365804974 0.6181197080900169 0.6696737489004195 0.7836945187067041 0.8401188234111053 0.8853347375308678 0.9153699816254178 1.0771188164547607 1.7514309414098306
35 350 0.11781231353398502 1.7095953278240168 0.46332189592617334 0.46332189592617334 0.6177961546628798 0.6742711415874683 0.7793166080967169 0.8401517843520193 0.8927795018322503 0.9163975881938741 1.060745578827541 1.7095953278240168
36 360 0.1241617999760439 1.725009140253369 0.4519456831667295 0.4519456831667295 0.6104724568313461 0.6678592788955674 0.8080908135198981 0.8229013314612215 0.8788576618618744 0.9339527797243566 1.0402982722937406 1.725009140253369
37 370 0.11978146447038114 1.8118389697721653 0.43729581968276127 0.43729581968276127 0.6048574135225434 0.6544756504473659 0.7781979058428687 0.8286807335394745 0.8583624715905369 0.9393457521974072 1.0735007434750328 1.8118389697721653
38 380 0.11406420281604843 1.8491242973638362 0.4313461933648442 0.4313461933648442 0.5887182368109554 0.6595835840660945 0.7460857385031615 0.8126273870205791 0.8583067035323376 0.9524332411200489 1.0634514858330457 1.8491242973638362
39 390 0.11198951116797709 1.798982900084421 0.4260211072555404 0.4260211072555404 0.5744552451814632 0.651777262322238 0.7193381757956965 0.801154864297419 0.8741514750826297 0.9497708178907791 1.0832080723280537 1.798982900084421
40 400 0.11946545247152152 1.778824285234887 0.43112404777351176 0.43112404777351176 0.5645729995097358 0.6470665236285311 0.7055997696993072 0.7959703770078691 0.8790763005973877 0.9470597369975721 1.0766528689370667 1.778824285234887
41 410 0.11490577433827905 1.8491468686934525 0.4189295934981673 0.4189295934981673 0.5461849611328955 0.6300109958049258 0.679342882235816 0.796155237509137 0.8806899538576383 0.9643696141699655 1.1502928440038351 1.8491468686934525
42 420 0.10922841153027588 1.8535338255057878 0.41090065121703895 0.41090065121703895 0.5379751481886907 0.637976606138235 0.6799962054583543 0.7931600794025238 0.8251501976902843 0.9513917387213136 1.179065992950202 1.8535338255057878
43 430 0.09688882144207434 1.8958175775839126 0.4091298300017016 0.4091298300017016 0.5397938433000616 0.6285171096846119 0.6799237200062312 0.7550566108596815 0.8137758946462049 0.9430953045769447 1.1469842375612513 1.8958175775839126
44 440 0.08360731633476264 1.8994864248457024 0.38619836729852286 0.38619836729852286 0.5231280644568159 0.6279463845662985 0.6908044244230762 0.7521138297719288 0.8108562196815169 0.9185780802546014 1.1344617691036336 1.8994864248457024
45 450 0.07936202318352828 1.9688399855661076 0.3769838253409498 0.3769838253409498 0.5097078961797158 0.6116564507778104 0.6733225580567035 0.7471086532284834 0.7924933689278941 0.9263329786917551 1.124948637023613 1.9688399855661076
46 460 0.0741357721752613 1.964347327781374 0.3654124482637347 0.3654124482637347 0.5100743292076471 0.6151307941824071 0.6747281843882464 0.7163581940817927 0.7962089315633029 0.9289316574658905 1.0848578141751315 1.964347327781374
47 470 0.0715022928848256 1.974182023634934 0.3625073643850375 0.3625073643850375 0.4935854726760237 0.6189941091990008 0.6861594224282965 0.715765380503074 0.7905095215739057 0.9325028563099875 1.0552517495538714 1.974182023634934
48 480 0.07063634082332788 2.037908409934098 0.3570170025597805 0.3570170025597805 0.4826532772426616 0.6010048384979911 0.6507416149856908 0.7558916975596457 0.7982519994451418 0.9362523332013231 1.0501817016397983 2.037908409934098
49 490 0.0697417542893644 1.9866870948077469 0.3553757091226912 0.3553757091226912 0.4797012731376201 0.6038917494871443 0.6455788057515638 0.7492426895749789 0.8024098904054928 0.9417839200391734 1.0516506420510066 1.9866870948077469
50 500 0.06773452537096553 1.9631164284558076 0.34927751482614416 0.34927751482614416 0.47125163675342924 0.5997672821102882 0.6374711375890892 0.7566425954338695 0.782533980720088 0.9493200717356887 1.0487605040072294 1.9631164284558076
51 510 0.0744461700067273 1.9860535422049406 0.3391211447270044 0.3391211447270044 0.4615742279917083 0.5888922210919034 0.6409996034977071 0.7502105928558533 0.7729628694438049 0.9494575506554591 1.0310366689120478 1.9860535422049406
52 520 0.07568908715933648 1.9294550400064443 0.3365998438925477 0.3365998438925477 0.4519796692357976 0.6052014391517052 0.6413839663754826 0.7402779318688012 0.8287442410409246 0.9175615821360668 1.095796473862585 1.9294550400064443
53 530 0.0807992058849676 1.9152518806778727 0.32684121700458885 0.32684121700458885 0.43787985630303905 0.5883935501517514 0.6709828344874289 0.735752309084782 0.8248969661613399 0.959229471586671 1.0698933121002225 1.9152518806778727
54 540 0.08126981244003466 1.9119952915543506 0.31257533752017713 0.31257533752017713 0.43099032500396806 0.5759335426431933 0.6746976305039076 0.7386491343591831 0.91378741778435 0.9458514087351305 1.0484813815617184 1.9119952915543506
55 550 0.08735180273222432 1.9189097866612665 0.3047104523278371 0.3047104523278371 0.43523401887170765 0.5932703610407679 0.6864115762122966 0.747116706237821 0.8892700884983339 0.9256085269440804 1.042831607055898 1.9189097866612665
56 560 0.08498946267985943 1.8433375521594493 0.2947710828558472 0.2947710828558472 0.4344479477982268 0.6231527231920214 0.6737124823806814 0.7598334002659455 0.8612035448979242 0.9432846395907918 1.052377981917359 1.8433375521594493
57 570 0.08050299586210177 1.8862344627555319 0.29008835331918703 0.29008835331918703 0.4400645177954002 0.606879296847576 0.679561248172836 0.7626515027373976 0.8533924156334521 0.9448517858294043 1.0194622781615805 1.8862344627555319
58 580 0.07969631958801178 1.888642036775483 0.28031609539394986 0.28031609539394986 0.4371737869053885 0.5918667431792197 0.6733607548961562 0.7349859780090505 0.867102741147388 0.952506665795157 1.0115601606488354 1.888642036775483
59 590 0.07979398546200832 1.8812004510941391 0.27416734292229583 0.27416734292229583 0.42924385497541906 0.6064854841325045 0.6413337840228777 0.7378954888948341 0.8324852129386646 0.9861606606003064 1.0253380725609693 1.8812004510941391
60 600 0.08172050685590398 1.8782875540129673 0.26866619914245127 0.26866619914245127 0.43984351732163174 0.6189175253319403 0.6350807553637894 0.7350717493267049 0.7982502181312665 1.0008823007148437 1.0337768189988286 1.8782875540129673
61 610 0.07625605705407314 1.876490876011954 0.2520746987056383 0.2520746987056383 0.45510283797512674 0.6020087910501869 0.6490319135846488 0.7260978097309605 0.7911374495365031 1.0043188641827168 1.060599824181541 1.876490876011954
62 620 0.07103350176743768 1.8092760249656266 0.2486149620933433 0.2486149620933433 0.45429972121182094 0.5885458350475835 0.6425587057670984 0.7096190645409195 0.7821391240047866 0.9881017963809463 1.0888340155276046 1.8092760249656266
63 630 0.06421759484672886 1.8119879245728383 0.2390398539497292 0.2390398539497292 0.4476504168178308 0.561559799616994 0.6355540227691896 0.6783901393881678 0.8081121603914592 0.9999398528927169 1.0829029346043537 1.8119879245728383
64 640 0.06259028571328136 1.809333221896238 0.237221475273915 0.237221475273915 0.44133530291279255 0.5658157553021386 0.6397836216633658 0.6486122062312372 0.805983113766899 0.9951890504613099 1.0209384703291664 1.809333221896238
65 650 0.0647581578329154 1.8053219223989505 0.22777137822956744 0.22777137822956744 0.4068083722176392 0.5627869392148288 0.6424595682905667 0.6492264530878931 0.7985366089978082 1.0062651502503683 1.1127353621655158 1.8053219223989505
66 660 0.06333852036631776 1.795468159837815 0.21383121248661807 0.21383121248661807 0.40913536380202004 0.553411704698183 0.6357925129449097 0.6755676251628965 0.7941790697384286 1.0126506972887264 1.1251479905235449 1.795468159837815
67 670 0.05827819527933613 1.7979120006403324 0.2088575410957328 0.2088575410957328 0.39499013517092946 0.5412662011637619 0.6345847166715373 0.6659833051520172 0.7995271151744525 1.0034322703868237 1.1248491960609952 1.7979120006403324
68 680 0.0524462073532134 1.7763778396541636 0.2020737103566664 0.2020737103566664 0.3895815690274919 0.5428575508301396 0.6208688911601046 0.6612719291001403 0.7945920013270236 0.9988414950728888 1.1084261859931674 1.7763778396541636
69 690 0.05002536668278893 1.7201557957428169 0.19659817152334275 0.19659817152334275 0.3833076425936897 0.5468998121595947 0.6146632779590975 0.6600258086792928 0.8063062527391035 0.983348124655993 1.0964070247218323 1.7201557957428169
70 700 0.05286296050975181 1.7396946932961985 0.19243501040966374 0.19243501040966374 0.3688163461339568 0.5381962157970975 0.6143510039689314 0.6357295268488394 0.7892690093874377 1.0142576324001444 1.1007889834739202 1.7396946932961985
71 710 0.05830855680171613 1.702429327894274 0.18988684119385366 0.18988684119385366 0.37764043266418773 0.5388255093533959 0.605413554343142 0.6376145975397676 0.8214222017242583 0.9997148356600737 1.1433219272288078 1.702429327894274
72 720 0.06253816477531535 1.719355805765041 0.17845052681870166 0.17845052681870166 0.3785676846387636 0.5284636566697585 0.6097491103114602 0.6372208307543247 0.8703584732640166 1.0243938951220286 1.1174854462662107 1.719355805765041
73 730 0.06582891182771945 1.7003746201013135 0.17304279249995827 0.17304279249995827 0.37807969500052707 0.532430595499447 0.610000000568041 0.6474283973906872 0.9167503579874996 1.0125350669134343 1.1010066755625572 1.7003746201013135
74 740 0.06496966441457365 1.7450478523700832 0.16096862146055788 0.16096862146055788 0.373793933446741 0.5223165710165835 0.6206948481779289 0.6339232126556482 0.941768467433997 1.0110136408898447 1.1006690143416336 1.7450478523700832
75 750 0.06012976581158493 1.7931996666794552 0.158189698169883 0.158189698169883 0.37274544467209786 0.5330589178421258 0.6100364213915933 0.6305770371460436 0.9611976743950881 0.9796054067826306 1.06167447959877 1.7931996666794552
76 760 0.055796017985262174 1.7636135285509023 0.15449349082922403 0.15449349082922403 0.3709319064708606 0.5195374739493138 0.6050491838331371 0.6319296692778328 0.957211224406713 0.9779860543423835 1.0637474874062995 1.7636135285509023
77 770 0.053735899857103725 1.7352370373408739 0.15339826686364338 0.15339826686364338 0.3736741590564134 0.5110252712572039 0.605446786659504 0.6340704384197472 0.9513187286830179 0.9603831526753993 1.024716289716343 1.7352370373408739
78 780 0.05812772703183379 1.7422600914774342 0.1462409903321766 0.1462409903321766 0.3641228434254414 0.5009164583689963 0.6157468896316803 0.6474249861859193 0.9370637164929904 0.949821357627075 1.0083935966260287 1.7422600914774342
79 790 0.05787459106969535 1.7887323023318515 0.13943150451010203 0.13943150451010203 0.34996478817120474 0.4912783157062788 0.6308885184153343 0.6958311025992194 0.9301096431792664 0.9385284737717532 0.9972167867809569 1.7887323023318515
80 800 0.05840684764345236 1.796872778993457 0.13482746670399937 0.13482746670399937 0.3464648252204466 0.49099649672782447 0.64355457933624 0.6934779953871255 0.9262109741987957 0.931253596803449 0.9957139856273823 1.796872778993457
81 810 0.059996040527391 1.8331324335021884 0.132506005107544 0.132506005107544 0.3489043276903796 0.5000393206642312 0.6442702511125992 0.6946066248240401 0.9040654633348728 0.9365194650731401 0.9592619625754791 1.8331324335021884
82 820 0.06234136641054074 1.8139677103569927 0.13145271362226946 0.13145271362226946 0.3422939590083834 0.49520739070671643 0.6607165328980985 0.7168583172729035 0.903973793489538 0.9262709835797153 0.9479351773703827 1.8139677103569927
83 830 0.06536632538455509 1.8640453027989654 0.1274027102585378 0.1274027102585378 0.3402295195081886 0.5141805373029337 0.6588485252309866 0.7151212886611353 0.896923530058425 0.9278939318730404 0.9478066304666727 1.8640453027989654
84 840 0.06969920075705757 1.8494192276496597 0.12014650903585224 0.12014650903585224 0.34330865853705705 0.5233103314034219 0.6563557068147609 0.7159095655725725 0.8890840586541258 0.9274666749136132 0.9642337076002405 1.8494192276496597
85 850 0.06777109961263429 1.9067847379197866 0.12057776960467098 0.12057776960467098 0.3439694063026405 0.502112099681621 0.6597535524354269 0.7110166517915144 0.8621404694039031 0.950998683945031 0.9858281053111422 1.9067847379197866
86 860 0.06647109307879707 1.9615979777296961 0.11622286517964009 0.11622286517964009 0.33493397808945763 0.500625827367753 0.6478197319239318 0.713536932915864 0.8652337602846256 0.9301857355383913 0.9766252665427312 1.9615979777296961
87 870 0.07381606510850461 1.9160884069040878 0.1130136062181254 0.1130136062181254 0.33377260920179874 0.4960007645700197 0.64384488441029 0.6873570523601207 0.8537292965714908 0.9587913635071299 0.9672132711309117 1.9160884069040878
88 880 0.0714475510955226 1.9316846700754844 0.10849464255230856 0.10849464255230856 0.3302235423436578 0.48286800180566575 0.6659051894388007 0.6902422805230676 0.825200277733344 0.9694520012741219 1.05607819609619 1.9316846700754844
89 890 0.0721565124499672 1.9598823862060997 0.10548257611522778 0.10548257611522778 0.32116301961986243 0.4746315761011014 0.6580962307255832 0.6821221329989305 0.826839973940547 0.9477468803528711 1.062362608506572 1.9598823862060997
90 900 0.0702915788663975 1.9495911957001746 0.1034458525662677 0.1034458525662677 0.3244768274548082 0.4629617877760991 0.6481792007650313 0.7072816761003046 0.8200652495224434 0.9344891967830804 1.071426742061258 1.9495911957001746
91 910 0.07838692381440242 1.9239135089480917 0.10149962863586705 0.10149962863586705 0.32054893673291773 0.46036650271462304 0.6340275718313906 0.7062104288823562 0.8316534008594826 0.9049046536052837 1.0763939802466205 1.9239135089480917
92 920 0.08304466430611955 1.9585057634084786 0.09591875207563845 0.09591875207563845 0.3233109281758904 0.45794656777840004 0.6589737104805226 0.7270055402412495 0.8319100973109897 0.902521370491513 1.1222521522447233 1.9585057634084786
93 930 0.0833922454494933 1.9680657658862486 0.09241235840279576 0.09241235840279576 0.3197066798858015 0.45648809763291714 0.6464800771787648 0.7308985896992997 0.8229849267939571 0.9231122939429278 1.1239904016730684 1.9680657658862486
94 940 0.08357176621213216 1.9849077036335818 0.08670606900560814 0.08670606900560814 0.31834813350796104 0.4499443623915652 0.6507201035439537 0.7487154302487643 0.8221541035977905 0.9354769022846653 1.1172016572561565 1.9849077036335818
95 950 0.08608195456188701 1.9828100280168262 0.0843437414132982 0.0843437414132982 0.3101578515754898 0.4473533591070082 0.6402175830644602 0.8041389083940311 0.8157574804786346 0.917704121847073 1.083400670577885 1.9828100280168262
96 960 0.08533330893652724 1.9822526068071264 0.08313988549077476 0.08313988549077476 0.30506317759926777 0.46676251859722184 0.6246018920973749 0.7985350681790433 0.8302227056940656 0.8972412626294443 1.0684191355496584 1.9822526068071264
97 970 0.08502411807405015 2.0005243834920923 0.07770300716867788 0.07770300716867788 0.30161544361412623 0.4603021937191587 0.6265732318115991 0.7858545241685784 0.8370732815435599 0.8839733961137165 1.087296706924145 2.0005243834920923
98 980 0.07544591764513806 2.079421206199812 0.07341020405602075 0.07341020405602075 0.3042273285951516 0.4674269107340092 0.634440393288833 0.7677139129651817 0.8451534632836912 0.8558399938598487 1.0686264812694692 2.079421206199812
99 990 0.0701995730305208 2.10049376682753 0.06840099657954694 0.06840099657954694 0.29685158620475427 0.46011610662476027 0.6372429852098546 0.7741057831848102 0.8342287134827457 0.8767121614670006 1.0651293460888964 2.10049376682753
100 1000 0.06858261110220272 2.08240877169973 0.06495659505549416 0.06495659505549416 0.2901388529167573 0.4555329438089798 0.6254084001760619 0.7734371567308188 0.8174742701724367 0.8894487913831465 1.0590278048974033 2.08240877169973
101 1010 0.06690334832616 2.0835080676186277 0.06320095698283837 0.06320095698283837 0.2942964585967425 0.43273771370488495 0.6212141357854446 0.7372410121935703 0.8229809638347938 0.9080580828835849 1.044290072097259 2.0835080676186277
102 1020 0.06837735096361815 2.2216568068499996 0.06061759234473837 0.06061759234473837 0.28741950995235405 0.4315636212656432 0.6252173490202176 0.7017927902030513 0.8003480013199824 0.9132947942322792 1.0630152299214854 2.2216568068499996
103 1030 0.07048272390574367 2.199783679868855 0.05872744196098891 0.05872744196098891 0.287527790014445 0.42886069979935376 0.6289893657127238 0.6999050067830112 0.7900918181940745 0.900911526930574 1.068694095876022 2.199783679868855
104 1040 0.06807648704148149 2.1599003969103743 0.05742815550538807 0.05742815550538807 0.2834989473964241 0.43216024432664757 0.6332832485532296 0.7104515692516481 0.7886843631981704 0.875496311320196 1.092531089622806 2.1599003969103743
105 1050 0.0738508257672163 2.1846927140153984 0.05383569849126963 0.05383569849126963 0.28056660190841437 0.4268290519228577 0.6353637977447286 0.708572650369782 0.783144257259293 0.8661091139768327 1.08406316178547 2.1846927140153984
106 1060 0.07317281751630021 2.2225008095175114 0.051653461606691396 0.051653461606691396 0.27835570296602025 0.43854111517744565 0.6132210085479176 0.7040184025202544 0.7931904835630705 0.8691659518799416 1.1416452486342137 2.2225008095175114
107 1070 0.07072638351630677 2.208020371820085 0.049008598451284135 0.049008598451284135 0.2772025637640053 0.43007235415574735 0.594812065737683 0.7001966403748915 0.7957334108062236 0.8610017365744688 1.1529699257284025 2.208020371820085
108 1080 0.07087388529049028 2.223888722547076 0.04713110441186927 0.04713110441186927 0.2719280499689624 0.42535077623690914 0.5882868846331032 0.7153010521617272 0.7883595771808662 0.8530303678238275 1.1461369619862498 2.223888722547076
109 1090 0.07138394311069425 2.263781332298111 0.04709139320069253 0.04709139320069253 0.268754054825057 0.4126325642953298 0.5718529185831493 0.7219408339217922 0.7879267405970419 0.8292429756313446 1.1388584350144222 2.263781332298111
110 1100 0.06707345270991716 2.228783560998203 0.04551967504791131 0.04551967504791131 0.25965071881184526 0.41797446139558336 0.5709608028584947 0.7190976050941905 0.8082655857247757 0.8434211732190628 1.1212312879562567 2.228783560998203
111 1110 0.0676452951430452 2.1739015425529624 0.04419996476036695 0.04419996476036695 0.2642658536060509 0.41729553867857955 0.5699954417545064 0.7119236819679882 0.7971266393912523 0.8398476945188239 1.0940372037787947 2.1739015425529624
112 1120 0.07091761721874765 2.1407627180107927 0.04152353068879795 0.04152353068879795 0.2677478174481236 0.4347573095669372 0.5739020313377603 0.7090117935502487 0.7937138393805776 0.8407243451125713 1.0596515056696938 2.1407627180107927
113 1130 0.06917908934197028 2.1663715377939963 0.0394452688862586 0.0394452688862586 0.2770363456541629 0.444041556629551 0.5590734880815305 0.72158713799464 0.787068866928447 0.8344628757639354 1.0488631108710678 2.1663715377939963
114 1140 0.07181455370195887 2.189049069316294 0.037041838397412 0.037041838397412 0.26852131265402146 0.45863442296290446 0.5615007933494337 0.7156663522708087 0.7799350151168063 0.817806908867912 1.0817841146643323 2.189049069316294
115 1150 0.07478009186239616 2.2071856754606265 0.0353180964669413 0.0353180964669413 0.2643233908258529 0.46483136625814736 0.5668704728073626 0.7141256894694992 0.7699251423200004 0.8115638025699432 1.093851807842013 2.2071856754606265
116 1160 0.08237099298455017 2.1866781997376004 0.03335570213962238 0.03335570213962238 0.2620851946811205 0.4558696301477025 0.5689576838995976 0.7023245835575855 0.7605750186120704 0.8112623650346018 1.1469518492756774 2.1866781997376004
117 1170 0.08491578388186381 2.2610458587756472 0.03190462665284741 0.03190462665284741 0.256313712895774 0.44500038380033485 0.5562865841060757 0.7047120433848394 0.7746775802131063 0.8003442519241173 1.2072167785207288 2.2610458587756472
118 1180 0.07993253278585219 2.2904365883118722 0.03144446565440615 0.03144446565440615 0.24907645232159223 0.43655511710989436 0.5383309033675093 0.6996550103610225 0.7636652100975708 0.8183072912439071 1.2227994996213258 2.2904365883118722
119 1190 0.0768996101974033 2.2580159911400055 0.030614285589548484 0.030614285589548484 0.2501156278609645 0.4271987550451585 0.5341766829607402 0.6735541250412018 0.7687143819715393 0.808637404807709 1.2290241319278412 2.2580159911400055
120 1200 0.07215120023498736 2.217802932719208 0.029699251190970978 0.029699251190970978 0.24318910654201076 0.4268202772256637 0.5236680114010666 0.6673670601118498 0.7743189776324085 0.8076547016339783 1.2447609254599261 2.217802932719208
121 1210 0.06474404428741623 2.2093637711250014 0.028913402941865434 0.028913402941865434 0.24612903833883948 0.4076268686944476 0.5277727899773718 0.6546174663317371 0.7548285614075899 0.796413086047309 1.2449913456106383 2.2093637711250014
122 1220 0.05801641751509136 2.197569367184833 0.028248039876597394 0.028248039876597394 0.23456829663576892 0.39186678718072776 0.5167934467851005 0.6856370640154456 0.7465185146203589 0.8064638340209396 1.2400045111072537 2.197569367184833
123 1230 0.056621286745409484 2.2305844807088255 0.026080466386876257 0.026080466386876257 0.23435541360338255 0.3815426552621391 0.5154774146761087 0.6954515916650337 0.7384489816171271 0.7855045771246113 1.2859061392074147 2.2305844807088255
124 1240 0.05516662437186071 2.2998460211487375 0.02456172066227032 0.02456172066227032 0.23494895277684613 0.3701294316997233 0.5298024991173965 0.6783484869241243 0.7375990427775746 0.7849843172766193 1.2730058785904366 2.2998460211487375
125 1250 0.05258683386905905 2.2542479103094375 0.024230967730265056 0.024230967730265056 0.23149187407327715 0.37540965206907206 0.5262182733112676 0.6625827012406842 0.7261299095655975 0.778986329930829 1.2480924656722185 2.2542479103094375
126 1260 0.050698359916188734 2.1517886299805893 0.024101508516152816 0.024101508516152816 0.22343523600071571 0.36702975289726697 0.5371903057527067 0.6687895326792067 0.733115244432813 0.7691058607910689 1.2404404790069008 2.1517886299805893
127 1270 0.054561533402170195 2.184191604491672 0.02356652984820226 0.02356652984820226 0.22255766819885686 0.3619645817827238 0.5316615040659901 0.6574918700292893 0.7144057685983981 0.8001538994772281 1.188549383444908 2.184191604491672
128 1280 0.058418311465251574 2.159449903679597 0.022629087507177032 0.022629087507177032 0.23146404850541213 0.35534437484660286 0.5160210577257592 0.6543630520798588 0.7100256964179371 0.8607820100793676 1.1880067171496993 2.159449903679597
129 1290 0.05223006709601534 2.2123933801432147 0.021415365779187463 0.021415365779187463 0.2318425357963135 0.3519540856828214 0.5166212373884621 0.656987855497923 0.6998829738989301 0.9055436415705936 1.170003588565554 2.2123933801432147
130 1300 0.04946435114347169 2.293828880075082 0.020547373669304057 0.020547373669304057 0.22795550369759032 0.3526854851970097 0.518921326739594 0.6541582963017183 0.6851656272054127 0.8951337456797028 1.126057572680134 2.293828880075082
131 1310 0.04881426002198146 2.265871605929736 0.02029213135786673 0.02029213135786673 0.22787738138886393 0.3267168408892098 0.5329754582736685 0.6545369126668344 0.683399831904373 0.9096721222122723 1.105395100420941 2.265871605929736
132 1320 0.054665713037805666 2.204472131419991 0.01953988892599797 0.01953988892599797 0.2277958587721537 0.334045066195449 0.5434477988685538 0.650437692324173 0.6911889019581854 0.8733098883365018 1.104899262131262 2.204472131419991
133 1330 0.05927503777471964 2.133079775956315 0.01941664932975393 0.01941664932975393 0.22612726980717493 0.3317124134466016 0.5367155796561583 0.6749786910171368 0.7074825587223033 0.9079060542516694 1.100181090040366 2.133079775956315
134 1340 0.05653742750555272 2.135242722730801 0.01828242153627694 0.01828242153627694 0.22807149632543672 0.33793965646741303 0.5409418218896418 0.6606624625937434 0.6974645800924607 0.8929430045942081 1.1518622804061918 2.135242722730801
135 1350 0.0527972937300046 2.10771543303692 0.017845208060216264 0.017845208060216264 0.22813553335387898 0.33586926239861525 0.527189262730644 0.6658828247615567 0.6921538387971182 0.8983104094129477 1.1343617297600743 2.10771543303692
136 1360 0.0526207672288623 2.0639156710051854 0.017632850022803886 0.017632850022803886 0.2253377960795196 0.33535057217060965 0.5077428804106596 0.6663726092338287 0.7009220997616733 0.8898827752343712 1.1207854031555353 2.0639156710051854
137 1370 0.05101335044063958 2.0620313878353924 0.017391506212301813 0.017391506212301813 0.2096542779249029 0.3283355392725884 0.5084484336528278 0.6618804546028741 0.7066576927982477 0.9381339851350162 1.1023720728707542 2.0620313878353924
138 1380 0.04770097891550234 2.0349670299619422 0.016952307372097943 0.016952307372097943 0.21272355181067376 0.3327743724730331 0.47013277569241163 0.6539521788865627 0.7128956529148258 0.9452467754596671 1.0970762296106928 2.0349670299619422
139 1390 0.0498631656078061 2.0247476005015663 0.016287581648519567 0.016287581648519567 0.2114013142228204 0.32724249804282024 0.4689298838491985 0.664468329538425 0.7100478052364132 0.8960744537430044 1.0861432991621638 2.0247476005015663
140 1400 0.051241230469925216 2.002682763046934 0.0159535628592367 0.0159535628592367 0.20598111055594504 0.332694612180993 0.4672774258662776 0.6550791342358193 0.7350885667244031 0.8878420086123809 1.1309282310548519 2.002682763046934
141 1410 0.050564846854712533 1.922458134716714 0.015895258914734797 0.015895258914734797 0.20410098812245395 0.32268889684216584 0.4687708962795635 0.6616864577471098 0.7450814155771436 0.8915804155702958 1.144138691780551 1.922458134716714
142 1420 0.049527369722369256 1.939912093551057 0.015884037427860303 0.015884037427860303 0.20249543372032106 0.32305013067927046 0.45166832612750535 0.660892113313452 0.7382005702539514 0.9075489611194906 1.1355285821924714 1.939912093551057
143 1430 0.05146301471953474 1.9820287603652673 0.015021906711450686 0.015021906711450686 0.19945760531139023 0.3247319400700161 0.44404882407543395 0.6559306515894207 0.7224835289095002 0.9001270718856762 1.142333608305196 1.9820287603652673
144 1440 0.056994690941722694 1.9773012761633688 0.01449742335577401 0.01449742335577401 0.2000527139174359 0.3345319596503653 0.4451147416941657 0.6392934940721681 0.7234413684439205 0.8989099262238759 1.1509613799318898 1.9773012761633688
145 1450 0.059431041630398786 1.9692910273097335 0.01415005004405744 0.01415005004405744 0.20493373718064395 0.3346644810929934 0.4470843705621333 0.6196750855898021 0.7682412918242225 0.9291456836142742 1.1282875370259757 1.9692910273097335
146 1460 0.058939958402412104 1.9649939863601773 0.013797640168232225 0.013797640168232225 0.20300595214101672 0.32471415379826446 0.4468935676430407 0.6195969112563813 0.7837574686151508 0.933385464747037 1.1264659372759038 1.9649939863601773
147 1470 0.056292549336651704 1.938332724519941 0.013660831776399906 0.013660831776399906 0.20458367240977185 0.31858035124702744 0.44003642572460344 0.6309279470560314 0.7869130951799364 0.9274408449920073 1.0833483100594872 1.938332724519941
148 1480 0.05703775886755808 1.942619141012265 0.013098676640971309 0.013098676640971309 0.20073227482392295 0.31375838351536894 0.4361185745534484 0.6303068192338731 0.7750733200889819 0.9284926398153027 1.0881155626376005 1.942619141012265
149 1490 0.05594571546036382 1.9737331413281087 0.013208949504650068 0.013208949504650068 0.19628539892813962 0.31821552091730937 0.4348165032746641 0.5879907884060424 0.7681811118251649 0.9475861281199166 1.0922903033092757 1.9737331413281087
150 1500 0.05379083647014668 1.9251627866316903 0.012920410941447448 0.012920410941447448 0.1965604996295433 0.309317661311524 0.43640280355919264 0.5725045328441398 0.7608498621280919 0.9304195090817017 1.1155197133514874 1.9251627866316903
151 1510 0.05262784646399372 1.9490754622882005 0.012651417972507302 0.012651417972507302 0.1924309088503552 0.3015292971712155 0.4370091535852715 0.5928608461522286 0.7712439456295812 0.9354813566307281 1.09119062514746 1.9490754622882005
152 1520 0.05596514379792713 1.9895745681405759 0.01282938216120683 0.01282938216120683 0.18744997146774314 0.2995746571250408 0.43632545485330687 0.5962198422026722 0.7682999860754719 0.9355921738687347 1.095252208547892 1.9895745681405759
153 1530 0.056854278413059144 2.0042294127132085 0.011924705553260096 0.011924705553260096 0.18378454303187838 0.29955983489362475 0.43358722938589866 0.6080831059640647 0.7698032955837824 0.9425613109208686 1.143532227646245 2.0042294127132085
154 1540 0.056736578279022815 1.9984942008635413 0.011791436144009577 0.011791436144009577 0.18353581420824858 0.29359427963592366 0.4329503732965666 0.5937097517136831 0.8089985396441349 0.9442878304956268 1.1002824323978515 1.9984942008635413
155 1550 0.05923582831601035 1.987655979551507 0.011604109382382917 0.011604109382382917 0.18123535420926978 0.29058289036245344 0.43369777654201097 0.5690528245923808 0.8266252201499938 0.9502554978538053 1.0763953484211188 1.987655979551507
156 1560 0.056040308908912255 2.0041524597269347 0.011649404385980056 0.011649404385980056 0.17622761462018569 0.2888332683921096 0.4198533519775695 0.5505612793252915 0.8148343039311218 0.9951863606206743 1.0985256087835895 2.0041524597269347
157 1570 0.05187700231535619 1.9576822257257547 0.011738329668578884 0.011738329668578884 0.17509625906416032 0.2859952774924077 0.4194644812238651 0.5517532473742988 0.8092240156499683 0.9640535536871183 1.0857740529745732 1.9576822257257547
158 1580 0.049626793060992554 1.9488159172485222 0.011360780937209646 0.011360780937209646 0.1705951654599637 0.28231679657262415 0.4234509312963809 0.5595814560135292 0.796014615746406 0.9650295110062778 1.0708072845235466 1.9488159172485222
159 1590 0.0520947631505476 1.9057852803223807 0.01140421999720548 0.01140421999720548 0.17046469235070563 0.2824806822831449 0.42791046982207426 0.547877365092526 0.8183037859453701 0.94674758963085 1.0117302099719079 1.9057852803223807
160 1600 0.05451212166848544 1.9766445642373145 0.011481531801931665 0.011481531801931665 0.17149726309731983 0.2734417769735227 0.4236652346044053 0.5437547123963345 0.7766644329024348 0.9503805401119502 1.0480022017970552 1.9766445642373145
161 1610 0.05934815488882225 1.9880189990037316 0.01140867971504812 0.01140867971504812 0.16698640905877793 0.2709401670048445 0.41578905874467487 0.5378652269898264 0.7527627682780302 0.9421323565949355 1.1424160211546464 1.9880189990037316
162 1620 0.06224744488287169 1.9608457407559394 0.011270967314306315 0.011270967314306315 0.16338989646884375 0.2721806583522485 0.395576371557742 0.5260123388581779 0.7375384173971838 0.9367352165759788 1.2614091215668153 1.9608457407559394
163 1630 0.06287488799931269 1.9297781461222658 0.011016808398034457 0.011016808398034457 0.16036886437894873 0.26741562525363216 0.39680692568606646 0.5341849679286352 0.7321398900232855 0.9402491585713757 1.2981849959280716 1.9297781461222658
164 1640 0.0664436008989507 1.912850308847022 0.011066563473386977 0.011066563473386977 0.15552984560888738 0.27018458592154576 0.39431414996691366 0.5319911078633874 0.7227452063743965 0.9291013546203647 1.2964273106609332 1.912850308847022
165 1650 0.06875263917254575 1.922576566250507 0.010627748585638561 0.010627748585638561 0.15317414535206522 0.2692805394159413 0.40809918852285276 0.5254706354875933 0.7248310704475229 0.9342996530794094 1.2583480077421363 1.922576566250507
166 1660 0.06408479050463606 1.831602672112336 0.010595074058232349 0.010595074058232349 0.152822081034592 0.26537318878857186 0.411295258887717 0.5216412272470289 0.7462709217588146 0.941938223491898 1.3438907656948014 1.831602672112336
167 1670 0.058013709910934685 1.8296618492740522 0.0103580725734755 0.0103580725734755 0.14974250330268932 0.2618183753973097 0.41475086286683005 0.5175414341809907 0.7345943892488647 0.9356848790234962 1.3223524247182785 1.8296618492740522
168 1680 0.05490250543324535 1.8167062966447636 0.010190851845085244 0.010190851845085244 0.14701532039838108 0.26726088056655933 0.413237925466073 0.4968883279406002 0.7286428873045263 0.931573301903394 1.3421761193833237 1.8167062966447636
169 1690 0.05096146886595805 1.8265950129074686 0.010171904625329804 0.010171904625329804 0.14707071282904574 0.2679911169995102 0.4108913276809896 0.47768011456645487 0.7211570765440136 0.8925690823289542 1.3399034629632338 1.8265950129074686
170 1700 0.05108925114080836 1.8253714939987484 0.010053578211459902 0.010053578211459902 0.14492033004983235 0.26612612627202514 0.41046884497657105 0.47043555993204134 0.7171693517900679 0.8704986993005734 1.3327442446980131 1.8253714939987484
171 1710 0.050182343581370456 1.8165729059501567 0.010032386301301946 0.010032386301301946 0.14486092218204777 0.2642252675632406 0.4170134399402924 0.4625521661644227 0.7053147156832849 0.8561144118606135 1.2909561374278085 1.8165729059501567
172 1720 0.04818163355070921 1.7739025160262891 0.010124864367763827 0.010124864367763827 0.1447622757242271 0.2597034330439592 0.4204967065251505 0.4545830890100024 0.7101543770515786 0.8607656154820167 1.3295133880377004 1.7739025160262891
173 1730 0.04339939292705174 1.837696142515392 0.010158152350353705 0.010158152350353705 0.14082673562063247 0.2577678248841237 0.4019246422195936 0.4513669008972371 0.7059968828146814 0.8548629244337084 1.326689924553186 1.837696142515392
174 1740 0.04224283612743979 1.803945262612114 0.010075957676794705 0.010075957676794705 0.13765297461699044 0.25905002396843596 0.4018568955604384 0.4463202961634807 0.6972972344313666 0.8523505810331079 1.256523437350199 1.803945262612114
175 1750 0.044922165928288876 1.8247520374070054 0.01017324918771252 0.01017324918771252 0.13605309620051684 0.2602643189932886 0.3907647608832268 0.43545930699968205 0.7077708859077022 0.8439519575211809 1.2294606534082484 1.8247520374070054
176 1760 0.041080664883637326 1.8228537789893777 0.010038231242519347 0.010038231242519347 0.13546037807439334 0.2593942092462523 0.4001708652316127 0.42755894669903527 0.7143181788182186 0.8406541587620305 1.2096357729207243 1.8228537789893777
177 1770 0.04119965057086561 1.7791480481409379 0.009811025780268753 0.009811025780268753 0.13586812779487556 0.2469798200114456 0.40313031298014795 0.4167463176089209 0.7217949630629956 0.8526871818079643 1.2339326829712527 1.7791480481409379
178 1780 0.04029088415093894 1.760132004440999 0.009596432707889005 0.009596432707889005 0.13744470158748906 0.24837361732968521 0.39888890751441497 0.4146703411931981 0.7035788142600028 0.8503515869092368 1.239439184597458 1.760132004440999
179 1790 0.04068086797342232 1.7304023007450726 0.009401078925038445 0.009401078925038445 0.13432623955129672 0.24868149125699868 0.38596150012370006 0.4281230730789712 0.7076162440517935 0.83175090881958 1.2237750413701725 1.7304023007450726
180 1800 0.0374260176650135 1.6673755446867327 0.009230312108042406 0.009230312108042406 0.13220949582817482 0.2518968958472057 0.3819564990446765 0.4366114118449569 0.6943258114473881 0.8396811020829028 1.2083405811664878 1.6673755446867327
181 1810 0.035909600599313904 1.656280266808591 0.009196228397327097 0.009196228397327097 0.12981030173550445 0.25266178719884635 0.37151336435366206 0.44705439839909467 0.6679952583504304 0.8428434346592693 1.186201230147321 1.656280266808591
182 1820 0.03152314223229701 1.6484739881388326 0.008919330068311021 0.008919330068311021 0.13060817859987475 0.2521458967470033 0.3779968906672007 0.4408684989268074 0.6778898265316532 0.8311798512533798 1.1546260635066203 1.6484739881388326
183 1830 0.028173128715773932 1.6278136556697618 0.008841230182487562 0.008841230182487562 0.1302573759502877 0.24778297349317993 0.37227930126539316 0.43595769404308127 0.6755366223179388 0.8257824937858019 1.1262940893359963 1.6278136556697618
184 1840 0.025690660650861875 1.6723837181646923 0.008846762422209317 0.008846762422209317 0.13182148033996646 0.238474155726298 0.3588117934817054 0.44318738792762635 0.6628690959114119 0.8277488474212545 1.0965116988080568 1.6723837181646923
185 1850 0.02600876145779878 1.6665509492857191 0.00879662905307518 0.00879662905307518 0.1344070480228076 0.2353724891943879 0.35540301132764707 0.44001212555437125 0.636853831905179 0.8246813946036008 1.0576300181236005 1.6665509492857191
186 1860 0.027628214764054988 1.6815761599251289 0.008621717647583274 0.008621717647583274 0.13380706482539834 0.24029016928129496 0.3689042965752574 0.4153022463608603 0.6212629552413573 0.8255861369158722 1.042826650008173 1.6815761599251289
187 1870 0.02864784932032204 1.7560954621336544 0.008687853679987107 0.008687853679987107 0.1344581372213147 0.23422326360103585 0.37113466902959474 0.4181200295242136 0.6126732229956435 0.8128868396469646 1.0407445736069778 1.7560954621336544
188 1880 0.028676432180945236 1.780886583733193 0.008375657162285553 0.008375657162285553 0.13364188622273918 0.23630991289099004 0.37525132622127066 0.4159387014963821 0.5912985166500164 0.799599931310455 1.034484700670802 1.780886583733193
189 1890 0.02988053310186802 1.7774545996151785 0.00815398294906919 0.00815398294906919 0.12698953520883985 0.2344239489092423 0.3864962932251636 0.41352914012018077 0.5814382951740477 0.7897324217702409 1.0174811054058832 1.7774545996151785
190 1900 0.02871567227682491 1.7752535726529708 0.008126521822530614 0.008126521822530614 0.12445018710122219 0.24041469541658514 0.39114862301177156 0.4458492817072701 0.5844540169936511 0.7737185006870283 0.9740715995680375 1.7752535726529708
191 1910 0.02639465168713625 1.7130885758065701 0.008041464713142944 0.008041464713142944 0.12297416393634586 0.23932684184737277 0.3893822484072671 0.4436664146802941 0.5797906349011337 0.7644889480052129 0.984450588875751 1.7130885758065701
192 1920 0.026190632704252707 1.7080093749498302 0.007937840299396101 0.007937840299396101 0.11816798186861319 0.2388571471887643 0.3931851189078563 0.45732675094010095 0.5611197566668295 0.7658020629703641 0.9639321444234679 1.7080093749498302
193 1930 0.024649538168351075 1.6868959986083853 0.007844037143276139 0.007844037143276139 0.11321369304298264 0.2496114990581989 0.37535381811551616 0.45523352391379807 0.5744310608693104 0.7566112387160446 0.9725026877460891 1.6868959986083853
194 1940 0.02615983923500447 1.594409344201296 0.00789115954063082 0.00789115954063082 0.11233360437946013 0.2512357018096076 0.3770179747718658 0.44039395024096745 0.5813159258807249 0.746845048943734 0.9703147445863225 1.594409344201296
195 1950 0.024800913167213858 1.610622703308858 0.007821817912373338 0.007821817912373338 0.10942686469645091 0.2513001365514728 0.36919312801571424 0.4460492208530288 0.5787860405050242 0.7571146100573232 0.9862380409400162 1.610622703308858
196 1960 0.023951863112257412 1.5829490360380214 0.007580770742758275 0.007580770742758275 0.10765724283713768 0.24867278021122083 0.372055181931734 0.44214504478652333 0.5690983835516723 0.7485176137917148 0.9893269519452209 1.5829490360380214
197 1970 0.023529037569583612 1.566492915975226 0.0074355487365083475 0.0074355487365083475 0.10640905249381818 0.24373039268417496 0.36402101150487337 0.4378417764910142 0.5712048380590862 0.754862757245042 0.981936120136498 1.566492915975226
198 1980 0.024525230986626168 1.5872387509704582 0.007290509763062138 0.007290509763062138 0.10612971951030246 0.23872224954718949 0.351751681687323 0.4478091453665506 0.5712168645117787 0.7347117710593057 0.9691203288981057 1.5872387509704582
199 1990 0.027487072591626416 1.557340841203839 0.0074107804724319 0.0074107804724319 0.1048380024824545 0.23567393260250885 0.3475660084009075 0.45581223986286673 0.5534540012750715 0.7270163349737646 1.0112748191354368 1.557340841203839
200 2000 0.02621394105994807 1.5564606696532406 0.0073589918731720196 0.0073589918731720196 0.10122609102650126 0.2326133878017732 0.3415150526944996 0.47332895054178525 0.5651991966692971 0.7104855353967446 1.089563974807684 1.5564606696532406
