% # columns="iteration, evaluation, sigma, void, void,  stds==sigma*sqrt(diag(C))", seed=135388, Tue Feb 21 18:30:07 2023, <python>{}</python>
1 10 0.0988461037731132 0 0 0.09766086035622472 0.09692992446375308 0.09894757748259861 0.09966818544439297 0.10055948026436748 0.0973257359835885 0.10070588175332491 0.09922827252221544 0.10635120113320992
2 20 0.09889970635153447 0 0 0.09612452858837078 0.09829738816729612 0.09803831786303221 0.09835304150081213 0.09957846846310471 0.09885629149483602 0.10460827925964947 0.09963653135777882 0.10553811978123478
3 30 0.10401525241299252 0 0 0.09930600557832836 0.10273597748779986 0.10125819391529042 0.10351744220937195 0.10600458565162589 0.10354743464048134 0.10812045252240207 0.1082903117677623 0.11626533342849685
4 40 0.107279916330677 0 0 0.10045407133514501 0.10602979491080756 0.10406983577488578 0.10082223173638666 0.10930319439614879 0.10687395219715073 0.10925493366486405 0.11107959926202077 0.12562213146218157
5 50 0.10600544863161751 0 0 0.10391604438268613 0.10130155474719797 0.1013393580002111 0.10015341405305168 0.1070381952442736 0.1042003270052878 0.10660882745087116 0.10805430692991064 0.12214575636993706
6 60 0.1048971004891233 0 0 0.10429502447103316 0.09778744086521036 0.10116191868600607 0.0965177406925187 0.10437320305223263 0.1029743480571299 0.10398091976564984 0.10760307332436378 0.11838570868695936
7 70 0.11805230457093238 0 0 0.12279492666531097 0.11043885898300743 0.11276101369334543 0.10335572129414604 0.12007447304109517 0.12165991178213764 0.11479638214265388 0.12190039355668313 0.13749008282387537
8 80 0.12152361849625583 0 0 0.12726651875982167 0.11101302902784736 0.11561127473629146 0.10290669622139839 0.12420903431697917 0.12642631294135936 0.11948515803754282 0.12782512741865765 0.14131538553920792
9 90 0.12950060693571128 0 0 0.14423310024043662 0.12071919603224959 0.12043675462942582 0.10339618879725039 0.13106028301203018 0.13613901064479172 0.12605475708315242 0.13261736734169158 0.15253470535801877
10 100 0.13704927017212237 0 0 0.15277775543410307 0.12536761428613571 0.12843147084889875 0.10771347145886283 0.14221862090328288 0.14550859121184892 0.14063298718662504 0.13448087178495297 0.16054292962802838
11 110 0.13198341528948895 0 0 0.14340006468683344 0.12004458148466565 0.12297311977461588 0.10315798176514344 0.13196052152609186 0.13893294662926342 0.13557608636402957 0.12879040982418366 0.15577865630947826
12 120 0.13230596969550398 0 0 0.14353848925395782 0.11953369379893387 0.11930950985480775 0.09974850721079175 0.13222309750427516 0.13826595262210475 0.1357497958315715 0.12432879003486656 0.1642907716121079
13 130 0.13686091321328547 0 0 0.14223392633310836 0.1224873228070283 0.12254406604301413 0.0979916437748697 0.1439975301205291 0.1412876529299476 0.13794718037631432 0.1280574371666109 0.1827994917264871
14 140 0.12781161331410612 0 0 0.13527171506591806 0.11444822490619447 0.11190442886662255 0.0899485600118352 0.134017230416196 0.13442268076966746 0.12828150250989226 0.1168098726019461 0.17067709915306464
15 150 0.11906129772744045 0 0 0.1246314186142387 0.10358919075762477 0.10400046886609396 0.0816254829884596 0.1211933438762418 0.12443002190348985 0.11907808646078022 0.10744010955677312 0.15848427416551944
16 160 0.1162008979706184 0 0 0.1200347377575104 0.10145497324375888 0.10334122051105696 0.07651096206917067 0.11719672539794213 0.12289388367220497 0.11640208867024802 0.10868887382220915 0.15402936747033918
17 170 0.1220125089286911 0 0 0.12688837763885488 0.10329186936882802 0.10813621179962579 0.07846819516810163 0.12145901337240675 0.14240578870994955 0.11565557644215045 0.11470186463286032 0.1624089236360774
18 180 0.12190156900747573 0 0 0.12942642881814478 0.10907697919882386 0.10891622489448256 0.07622462007561975 0.11917966024025496 0.1426029235275762 0.11443897034070409 0.11322694938789225 0.16184526778508543
19 190 0.12026025847602809 0 0 0.12748561305049327 0.11020394088386089 0.106125003715029 0.07285850536155153 0.11889537893170052 0.1325907168047389 0.11342831295535555 0.11312294260935787 0.15730753367082032
20 200 0.12711268980976426 0 0 0.13536525310870065 0.1210195310810087 0.11096098444063794 0.07565690014457384 0.12619335783626864 0.13892838706490912 0.11352323187850084 0.12188672897314255 0.16359417064896697
21 210 0.1228079507114619 0 0 0.130451545859345 0.119135039819386 0.1056729687183541 0.07160410849620001 0.12227758958087506 0.1324841254264765 0.11101382766997925 0.116655772803935 0.16159081826494553
22 220 0.12990949611204808 0 0 0.13520401426959003 0.13709688444795576 0.11003640443209076 0.0738540131058089 0.12842545620496884 0.1385395873854307 0.11888754468090089 0.12303701409087169 0.17284735817245725
23 230 0.13524041325660258 0 0 0.1387303389258932 0.14835610352552536 0.11784824924631683 0.07542858881452878 0.13481928959434572 0.15157474949994515 0.12336177671619364 0.12471192921324457 0.18820682704685288
24 240 0.13942568456308246 0 0 0.1443995754515003 0.15617545017706014 0.12122837138328514 0.07483458023852425 0.13919462581072212 0.1524751820902052 0.1274608752106182 0.12944551437889776 0.19849634308349806
25 250 0.13973704547867966 0 0 0.1436247272652917 0.1602903430415087 0.11813489190815202 0.07463437439397397 0.1363702889176037 0.15491471357169412 0.126061595604735 0.12786652320079164 0.19980050662127763
26 260 0.14094056539847524 0 0 0.14573268219982377 0.1615519998233037 0.11664357026417561 0.07525510645586946 0.13749984571333088 0.1498354774654415 0.1296655557057312 0.1333206494671807 0.2039471222941446
27 270 0.13812141395932537 0 0 0.14056559320687098 0.1600608857589498 0.11275024621810138 0.07448239932919598 0.13156952962504845 0.14785561030820868 0.12282616024522403 0.13080157132356007 0.20902537653700337
28 280 0.12962079540238589 0 0 0.12193317808616676 0.14400329194934466 0.10740871242231029 0.07016122051873624 0.12308440068820381 0.14204149245992895 0.1142757762645041 0.11948422766296499 0.1949263251911071
29 290 0.12655794267105092 0 0 0.11660890703690263 0.1431873933170916 0.1047872610629229 0.06993416218757734 0.12060262078218177 0.13735707628763014 0.11033196708804206 0.1188331041128734 0.18271982745471232
30 300 0.12755507117356354 0 0 0.11594151380346035 0.14965104779651428 0.10283352605024818 0.06965335701303368 0.11985327412563293 0.13634878675725937 0.11098140927070826 0.11526124561074616 0.1831094583714857
31 310 0.13108707994695262 0 0 0.11843699024059796 0.14985641744382405 0.10570367750044458 0.07122618773937926 0.12243234159861657 0.1405326829741949 0.11056950375965781 0.11709847115293251 0.18727190638600605
32 320 0.11953014801012976 0 0 0.10521738486039198 0.1362359446535484 0.0965072999419374 0.06450353852429551 0.11223023723327603 0.12644148132086833 0.10202372154518939 0.10353290562139077 0.16671718690309772
33 330 0.11457782735907293 0 0 0.09867950412548997 0.12930816595600644 0.09402446189886543 0.06168477516459518 0.10842020741435855 0.11179016206953668 0.09851908443382955 0.09854268164270034 0.1589268768941999
34 340 0.11826445955297368 0 0 0.10008145805668436 0.12856327516547972 0.09654739011317076 0.05973812589186787 0.10982818011946127 0.11388928270331931 0.10473677765498231 0.0995707776179914 0.1649967120828051
35 350 0.11781231353398502 0 0 0.10135441286939342 0.1336806318017124 0.09745180843032192 0.05770570419250836 0.1069586750019175 0.10833394396782269 0.10396170868703862 0.09998705054207802 0.16388679201272788
36 360 0.1241617999760439 0 0 0.10515106836989217 0.1540332260068724 0.10176253597729178 0.060121174132298574 0.10928312627051191 0.11571919001192074 0.10806325029180955 0.10588055072367744 0.17740576929719817
37 370 0.11978146447038114 0 0 0.0987117731585401 0.14669431866187177 0.09723337933782741 0.05753632981019428 0.10719816345335853 0.11148586663615088 0.10540625728515716 0.10398528068022657 0.17419097184974058
38 380 0.11406420281604843 0 0 0.09171870384298078 0.14099761963795973 0.09334679367374189 0.05481284804880275 0.10255644104545829 0.10823867135623441 0.09871080501293515 0.09783704865955434 0.157341144750516
39 390 0.11198951116797709 0 0 0.08866136234486106 0.14040506933004432 0.08927421583456972 0.05401000589613105 0.10232996932072591 0.1079208612204353 0.09620560858360772 0.09205238769967163 0.15041381464295464
40 400 0.11946545247152152 0 0 0.09390002336226914 0.1517676587188986 0.09456065425400646 0.05719033031350447 0.10988076240727306 0.11857582721691788 0.10536719149053539 0.09504515703197584 0.17249676783197174
41 410 0.11490577433827905 0 0 0.09035243094244508 0.14676363735265896 0.08995911353409389 0.053470913410331035 0.10052841252372542 0.11694221727721527 0.10284186239688288 0.09080275153481723 0.16503070690977423
42 420 0.10922841153027588 0 0 0.08706636161726437 0.14108101744212134 0.08383381768582025 0.049992402016031195 0.09452297675786829 0.10796015133461102 0.09492891550259996 0.08460115693619706 0.16069499681147714
43 430 0.09688882144207434 0 0 0.0748923030180192 0.12633979638664472 0.07354069773643197 0.041792158535351905 0.0839313813889639 0.09384924754553696 0.08428638547782438 0.07527005701247966 0.14198090422094584
44 440 0.08360731633476264 0 0 0.06482667899724352 0.11179811082048025 0.062198226188114075 0.035313744168151674 0.0716910786080533 0.0811822999472574 0.07321103992958919 0.06513949988958538 0.1252042185892693
45 450 0.07936202318352828 0 0 0.061475047066528773 0.10607338558326235 0.058241886172746504 0.032083547748838044 0.0684069992741936 0.07419114545288515 0.06763419520954866 0.06307608139684288 0.11796935682683816
46 460 0.0741357721752613 0 0 0.05831507790890712 0.09938316885274995 0.05674320377444754 0.029484939015551548 0.06066407091040682 0.06881369313337084 0.06307429656593061 0.0590859044621659 0.10987837523927352
47 470 0.0715022928848256 0 0 0.056648485129749855 0.10010702861740997 0.055058746550566244 0.027473444579520907 0.05863638600669459 0.0644556244199607 0.0645453804798161 0.056807508816535755 0.10669400540758998
48 480 0.07063634082332788 0 0 0.055668761602477065 0.0963212712088882 0.05354516160553066 0.026800432258441774 0.05802324732063954 0.06403178777001761 0.06399198965584349 0.05568131477594415 0.10345710891699546
49 490 0.0697417542893644 0 0 0.052281851955262644 0.09269251791706797 0.05196664538679135 0.026259037618180096 0.057210662793864345 0.06324235364058924 0.0653882186106632 0.0540518127982827 0.10225200472694883
50 500 0.06773452537096553 0 0 0.05019693187026181 0.09036859906908395 0.051180776368215664 0.024670878458628077 0.05377505944363158 0.06059663798507368 0.06362776242118007 0.05218542703712701 0.10082006198592579
51 510 0.0744461700067273 0 0 0.05460052256548216 0.09915422178851738 0.05909954432333104 0.027347368329894043 0.05758064776195071 0.06666159113613464 0.06588674921224931 0.05798205769883047 0.11113810627610657
52 520 0.07568908715933648 0 0 0.055428283415155016 0.09929156772330576 0.060939182665540416 0.026906863818323364 0.05795750632232682 0.06676724209764172 0.06738093200116754 0.058559245744134514 0.11384539102381261
53 530 0.0807992058849676 0 0 0.05934058706651072 0.10426746877617922 0.07024770685066165 0.027274663805170272 0.06135904494061987 0.07097066160418483 0.07375880491377955 0.059364911800522786 0.12266723602432913
54 540 0.08126981244003466 0 0 0.058912357357902866 0.10641463270442234 0.07009587358523489 0.026812220866996625 0.06195549747687887 0.07290482929805946 0.07200039225905829 0.0586480204953819 0.12315837188941786
55 550 0.08735180273222432 0 0 0.065096189199639 0.11233640740359511 0.07490567971580502 0.02746042250464851 0.0645992050094627 0.07759572066966988 0.07387284305713462 0.06339434639045283 0.1298806976480256
56 560 0.08498946267985943 0 0 0.06439418380504751 0.10991317057737336 0.0724298993009621 0.026308361640458165 0.0614699501518949 0.07474564382813094 0.07287408584096353 0.06148442346910996 0.128441513603719
57 570 0.08050299586210177 0 0 0.0601803893614118 0.10370696296788155 0.06894146816245794 0.024185983066206274 0.05803161125910021 0.07129866357555296 0.07213337784714705 0.05666498843687465 0.1199077531059941
58 580 0.07969631958801178 0 0 0.05941044580936917 0.10331654816019904 0.0694387211671215 0.02351777688897382 0.05655877612385585 0.07437464756545659 0.06944950183640661 0.05375792051784402 0.11732827386096295
59 590 0.07979398546200832 0 0 0.061440125454626016 0.10209640759417038 0.07038563609573086 0.023345036083511718 0.05702189601393908 0.07189342767021492 0.06805641107114506 0.054875370376028035 0.11866166751592822
60 600 0.08172050685590398 0 0 0.06251449205378508 0.10277183717435778 0.07267223754103996 0.022320351181157497 0.05809856007235802 0.07398642808710644 0.07005466783409744 0.05869862156270174 0.12269210347123347
61 610 0.07625605705407314 0 0 0.05867717490387451 0.0928921551449338 0.06776090983664831 0.02043263612047371 0.053655013608686936 0.06899523634409642 0.06446018301077462 0.055361481939303285 0.11012099488211835
62 620 0.07103350176743768 0 0 0.0543892750457112 0.08669810490174128 0.061854557709273617 0.018585910742120258 0.04741485243863959 0.06413816638592429 0.06111832293068092 0.05208486170382636 0.10304654102010659
63 630 0.06421759484672886 0 0 0.04733408480158827 0.07988384285409986 0.0533649472840706 0.016837005488516386 0.04193600852099437 0.05730278208835087 0.05479086556394465 0.04571761639945277 0.09193943186850058
64 640 0.06259028571328136 0 0 0.0447832295171709 0.0795221688091523 0.05651940772516368 0.01562840506305533 0.04089665892278561 0.05511787952526031 0.05286359355749242 0.04591245722915598 0.08979434800883199
65 650 0.0647581578329154 0 0 0.04627927239110835 0.08284613386955347 0.05818701981379508 0.015219885064447098 0.043762141231638935 0.05711407605937057 0.055027112617857914 0.04655181445921765 0.09255118175379792
66 660 0.06333852036631776 0 0 0.043400029092292576 0.08037268247209262 0.05563786472346173 0.014520625532628053 0.04338630365778602 0.05593218407755791 0.053968803177262464 0.04523072922242675 0.09165154520351551
67 670 0.05827819527933613 0 0 0.040128877045533785 0.07370081178241562 0.04948868184858367 0.013096251258366907 0.03910804472868702 0.0507331212380256 0.049620144102150536 0.0410005897394568 0.08344474978527149
68 680 0.0524462073532134 0 0 0.03532327773076969 0.06444479969716932 0.043355125787156695 0.011522835324709116 0.03465304496687013 0.04598271259049764 0.045175431320671026 0.0363983980607493 0.07327891651873869
69 690 0.05002536668278893 0 0 0.03377588907998909 0.06176378372907004 0.04313102162824566 0.010757616864994025 0.032336541166298284 0.043781000645077915 0.04264046028454225 0.03511660698968051 0.07005908168968031
70 700 0.05286296050975181 0 0 0.035412659408067565 0.06547108838553647 0.04769649001256493 0.01118596735718134 0.033928090078186146 0.046386544554315345 0.04439769939500789 0.03900082864372792 0.07187402824600296
71 710 0.05830855680171613 0 0 0.03874261714040222 0.07289632638078611 0.05720473153516247 0.011761486755208711 0.03769019014980451 0.05094056130732357 0.04866185558179582 0.04243606992611222 0.07886317820456894
72 720 0.06253816477531535 0 0 0.04065022186388885 0.07610092239716539 0.061819778932033075 0.012331532304455023 0.04180025072465738 0.053121887133862455 0.05397472967361256 0.04714270840591467 0.08427661878133888
73 730 0.06582891182771945 0 0 0.043049657081850594 0.08052369131483474 0.06517445655205284 0.012416647817051436 0.04494894957372706 0.055843697475760755 0.05746855761567869 0.050279243151519194 0.09121979098626608
74 740 0.06496966441457365 0 0 0.04229780755243282 0.0805189361460854 0.06227009483883588 0.012211840149498505 0.04384925337217939 0.05456397832142019 0.05792567481703991 0.04841534631839496 0.0923233291575049
75 750 0.06012976581158493 0 0 0.038859830049794146 0.07291254243621414 0.05714726989132706 0.011012340293862681 0.04180244304578096 0.0497315884629589 0.05402902686289178 0.0449557760638427 0.08402839853735286
76 760 0.055796017985262174 0 0 0.03621628161688532 0.06650356371141931 0.05034935103989946 0.010141473207005465 0.03962866942403254 0.04683907990541389 0.04978834067613642 0.04060566487227435 0.07603529224511209
77 770 0.053735899857103725 0 0 0.03396320732573668 0.06481366320909757 0.04750035019189647 0.009200078236090928 0.04015263729364964 0.044794528919368595 0.04749392075041607 0.03831795128687654 0.07265092757508115
78 780 0.05812772703183379 0 0 0.036585738947710646 0.0706196028594263 0.05305458428597178 0.009569520824897485 0.04686684497368175 0.04843413384782819 0.05131151698749417 0.04098345764234379 0.07911387164919616
79 790 0.05787459106969535 0 0 0.03752241753031791 0.07104409028589134 0.05322425875592043 0.009290894832359906 0.046349207853518384 0.048212089852190734 0.049862186873974874 0.040174035012480916 0.07896113441225923
80 800 0.05840684764345236 0 0 0.03848589895500606 0.0728902463419857 0.05226414829764728 0.00918844600645463 0.047506036505255034 0.04802054303237323 0.049290118763806304 0.04022508469140238 0.08094634133987409
81 810 0.059996040527391 0 0 0.03818173942891173 0.074630005794821 0.05385177661252844 0.009258415183848137 0.04980237958199561 0.04873494819161998 0.04989798889268614 0.04096145853423378 0.08282436029438572
82 820 0.06234136641054074 0 0 0.04018712612301231 0.08113673313264828 0.05577559832204677 0.009241075051517667 0.05114855675868107 0.0508092557341065 0.051334606419362445 0.042698306784187824 0.08736443934878595
83 830 0.06536632538455509 0 0 0.0414760826910183 0.08509150450268167 0.058670471518197376 0.0090658783312133 0.05289267028833235 0.05517531560681224 0.05266078594605319 0.04462422157731233 0.09118180189038423
84 840 0.06969920075705757 0 0 0.04473609614339626 0.09815330611080039 0.06210784663255952 0.009631341704036308 0.05538667736052051 0.05580814620501986 0.05673010475764515 0.0467632018787172 0.09826616589008058
85 850 0.06777109961263429 0 0 0.04245595419537976 0.09974191650496203 0.06070147825483647 0.009027811021479369 0.05268388760995434 0.05450906014167962 0.055562884669882566 0.04512169749790742 0.09525346256692303
86 860 0.06647109307879707 0 0 0.04232484826283267 0.0962156375965444 0.05751831465703962 0.008702491508567825 0.05067099542036964 0.05387536043985996 0.05448358029047508 0.04314963009023088 0.09197092939849945
87 870 0.07381606510850461 0 0 0.04659477398025208 0.10876874818832633 0.06361960118381348 0.00933106287567824 0.060444812984053874 0.06162727796533241 0.059687095534443374 0.049395211890084806 0.10291236013609188
88 880 0.0714475510955226 0 0 0.046335484323349364 0.10641196642091473 0.060429547735426546 0.008512953037049341 0.057483767016951556 0.06132558748272688 0.05761889029664931 0.04742321427373031 0.09967465210068736
89 890 0.0721565124499672 0 0 0.04682898018205556 0.10530963559508155 0.06128272046733897 0.008412575736904274 0.0582372508873509 0.06442583750840873 0.057334443213971555 0.046749892795829674 0.10100559961915884
90 900 0.0702915788663975 0 0 0.04614303739167642 0.10050417321709272 0.05888650842315722 0.007949091227347655 0.05650425731573279 0.06258339674830225 0.05592074461797706 0.04544701537383893 0.09731118019434475
91 910 0.07838692381440242 0 0 0.05184462655257546 0.11380843952689759 0.06534581126360357 0.008557909779006246 0.06676253124297123 0.07029447958504909 0.06171469608876176 0.0503790979112656 0.1128685546774002
92 920 0.08304466430611955 0 0 0.05424407829329868 0.12059455983493525 0.06960017844074573 0.0083605252735681 0.0691219344032363 0.07504681619975097 0.06559505401520198 0.049838931289690885 0.12305810199352332
93 930 0.0833922454494933 0 0 0.05473709438432834 0.12223099911758589 0.0692312943188155 0.007935220115807058 0.0727585964960673 0.07425109169457315 0.06758991423459584 0.04915426431903207 0.12364917996214293
94 940 0.08357176621213216 0 0 0.05441636616007856 0.12205575645851438 0.06977164499469185 0.007730575292315157 0.07177004956477163 0.07362142203900303 0.06636080282216936 0.04851765130728415 0.1247766089578869
95 950 0.08608195456188701 0 0 0.057983161295061904 0.12440276434735867 0.07013410408440418 0.007856076937265309 0.07028839612852242 0.07700692434715571 0.06689381183344077 0.052197253666881945 0.129349400120775
96 960 0.08533330893652724 0 0 0.05912537330219508 0.12330907755059553 0.06680256561606426 0.007367777428095745 0.07082530984695377 0.0784875109293558 0.06637236106975228 0.05290908856534759 0.12864424960174672
97 970 0.08502411807405015 0 0 0.05766472520291849 0.12638480654743825 0.06602570120066803 0.007115627548752233 0.07000189992358849 0.07635571184046161 0.06726735930132573 0.05198932011397851 0.1332818646944986
98 980 0.07544591764513806 0 0 0.051032674708199034 0.11381113544200094 0.058656737031017835 0.005850780173024916 0.06179906839081556 0.06832712603817506 0.059907567361991675 0.04424739249713431 0.11957009728526684
99 990 0.0701995730305208 0 0 0.04666392735982284 0.10697472311413779 0.05445597131882067 0.005250429668912132 0.05752853489130157 0.06298598334325267 0.055518791275160184 0.040242172173038306 0.10876388550607999
100 1000 0.06858261110220272 0 0 0.045596864933984196 0.10385915909824424 0.05261483496943068 0.005046888656911733 0.057734939373440625 0.05964905385936201 0.05298862691093861 0.03919867230545011 0.10674827915955501
101 1010 0.06690334832616 0 0 0.04392444833822301 0.10449176714269255 0.05174736582078732 0.004767629075599825 0.05515475340631069 0.058140729613036776 0.052153887022931465 0.03761685642778604 0.11322360858560954
102 1020 0.06837735096361815 0 0 0.044680369284204303 0.10483012872461331 0.05250652235605286 0.004851921099609211 0.05632853585382278 0.05800059943102774 0.05411080184993769 0.039859287799679594 0.1151559251773072
103 1030 0.07048272390574367 0 0 0.046456176507791526 0.10728081334114721 0.05469656195366123 0.004910230216694671 0.057724558813417245 0.059142889474785146 0.05346909844822753 0.042110293742586895 0.1170518781208388
104 1040 0.06807648704148149 0 0 0.04457976767216809 0.10230620909765417 0.05269825135579962 0.00442004113779604 0.05523603098990554 0.05754090173305558 0.05244053494560312 0.040835621444831785 0.11521619277731134
105 1050 0.0738508257672163 0 0 0.04891703664187971 0.11447638225892345 0.05711595869667717 0.00463932008046706 0.0608084876497481 0.06722199531620174 0.0563482855920222 0.043700092448789196 0.12552739815020658
106 1060 0.07317281751630021 0 0 0.048802532979385645 0.11308950167355844 0.05594249353277605 0.004483091276359074 0.060982040460867235 0.06731521897888523 0.05629083939755894 0.043150877274304354 0.1221217010044409
107 1070 0.07072638351630677 0 0 0.0466519652851769 0.1105564756329569 0.05568105418068961 0.004103978835271421 0.058371298855030646 0.06456807467562327 0.05276455497171241 0.04194654855763111 0.11832034695283236
108 1080 0.07087388529049028 0 0 0.0452947126019984 0.11323691715372985 0.05771624646535967 0.003993916713310713 0.058630464811002786 0.0621504587972813 0.051790575376662804 0.041753061938780596 0.11988443307655366
109 1090 0.07138394311069425 0 0 0.0439058894025482 0.11228280026286233 0.05883982117901862 0.003865845509365398 0.05842882145375632 0.06170823790711624 0.05281966289524867 0.04180788005165155 0.1201710760534809
110 1100 0.06707345270991716 0 0 0.041529631408289934 0.10439623450393977 0.05427988160593068 0.0035130103710053037 0.05471012197426459 0.05771484802660858 0.04664341368356281 0.03852873076386115 0.10935941160329478
111 1110 0.0676452951430452 0 0 0.041658434105141556 0.1052896204745036 0.05445073594391624 0.0034040498537219466 0.05481102887640953 0.05688966512795768 0.046143904305697474 0.037816550631572174 0.10787127915357211
112 1120 0.07091761721874765 0 0 0.04368249646894975 0.11206721910034226 0.05641853683620154 0.003434210980491642 0.05728737085262383 0.061073751744660475 0.04947734149048927 0.03911079849721616 0.1125981687806263
113 1130 0.06917908934197028 0 0 0.04366130507136735 0.10934176206661345 0.054330389834293856 0.0032289674089207767 0.055842173980051896 0.06090382343039065 0.049029520917718686 0.03809393206038267 0.11161073134519192
114 1140 0.07181455370195887 0 0 0.044254457138671315 0.11394143138080805 0.05543024276062933 0.003138501752440245 0.05921296814484832 0.06372716737844047 0.05287614992694609 0.038897395428270656 0.11669782124865508
115 1150 0.07478009186239616 0 0 0.04650963571583097 0.11984672594558 0.056142427073138636 0.003067271518823449 0.06317622123185472 0.0670696705172342 0.055343693063568046 0.03977233225730019 0.11962156487705489
116 1160 0.08237099298455017 0 0 0.04972604130347471 0.13686042991671016 0.061990818155597815 0.0032163586942260797 0.07661219503295859 0.07734921605511735 0.06057445505723578 0.04257416272349024 0.1336708258328777
117 1170 0.08491578388186381 0 0 0.05060791458936461 0.14384710441048643 0.0649059886100168 0.003218158992268674 0.08277913697904477 0.07847492403544161 0.06317993840004284 0.042132702324351 0.1372500697461026
118 1180 0.07993253278585219 0 0 0.04589209140127084 0.1328060372980686 0.05904617381634558 0.002908479679450548 0.07826450587217743 0.07289443995408455 0.05934484332697911 0.038056872171357795 0.12971702180572459
119 1190 0.0768996101974033 0 0 0.04528739259977247 0.12681314498666038 0.055972909378276585 0.0027592044288786044 0.07331145998475368 0.07001919583941166 0.057160891460192646 0.035628173784386555 0.12350277408262182
120 1200 0.07215120023498736 0 0 0.04172696874765883 0.11718410022279561 0.05239025600543441 0.00250914452400937 0.06841872793757807 0.06426497157824042 0.05307634658446261 0.03175002749179557 0.11727309647777213
121 1210 0.06474404428741623 0 0 0.037266483110358774 0.10484601775044398 0.04757307680702571 0.0021359176907649663 0.06134172818841839 0.05740513603533156 0.04701550365704956 0.02700959923035584 0.1052212391730878
122 1220 0.05801641751509136 0 0 0.032819414025715324 0.09434642194471181 0.043145948266893525 0.001821106905103585 0.0546594200285895 0.05121318570813236 0.042642509911186774 0.02328690920580279 0.09803141217955162
123 1230 0.056621286745409484 0 0 0.032057203890085394 0.09363708251836068 0.04116734649697072 0.0017271876722918338 0.05289536641637889 0.04924103659779533 0.041123504826767535 0.0226761047761384 0.09972190867652515
124 1240 0.05516662437186071 0 0 0.030471144567176537 0.08760759353135353 0.04035233844362244 0.0016396565307249763 0.05094323333473113 0.045765927669971944 0.039492431036823324 0.02076016317868453 0.097544988839218
125 1250 0.05258683386905905 0 0 0.02847689667348128 0.07964849332463031 0.038397524935032484 0.0015385713192804815 0.04759279227315429 0.043633912779917454 0.03733556440134523 0.01947346048564088 0.09030358239164799
126 1260 0.050698359916188734 0 0 0.026379771260830197 0.07818699688737125 0.03737684705028419 0.0014620189361683022 0.0455249626982263 0.040559141954999094 0.03527845762369729 0.018552382153303588 0.08740279470519924
127 1270 0.054561533402170195 0 0 0.028560183337476865 0.08356965120509947 0.040455720149595545 0.0015721390853100572 0.04802952070208023 0.04603894968706726 0.03771988127954364 0.019997402482017684 0.09331060902274983
128 1280 0.058418311465251574 0 0 0.029813548425426523 0.08921556178553484 0.043830307113731856 0.0016464911212834721 0.052597260034462585 0.049814060180393825 0.04083864919910631 0.02082848612332551 0.10351750701280239
129 1290 0.05223006709601534 0 0 0.025688253688406947 0.0804830619118119 0.03922422142708963 0.0014497829038334223 0.0467440150878697 0.042535424693809075 0.03675894201570732 0.018336052688709657 0.09645569427046284
130 1300 0.04946435114347169 0 0 0.022903868260444733 0.07452121279239035 0.038022917376982206 0.001323377685351549 0.04279974378059762 0.040827954108722246 0.03478369757105031 0.016711172522441746 0.09131262729407698
131 1310 0.04881426002198146 0 0 0.02216585712895547 0.0734352774680599 0.0370926681087799 0.0012999489872263354 0.04249255187985424 0.039348440905610176 0.03350005944550666 0.01686208677635484 0.08674484031081334
132 1320 0.054665713037805666 0 0 0.024261498815953703 0.07770408164306879 0.04119915155564177 0.0013974831009017587 0.04750320500537203 0.04505263288718606 0.04138330098680205 0.018999396621254352 0.09587744748958815
133 1330 0.05927503777471964 0 0 0.025973020814442322 0.08170095493948332 0.04452974255949954 0.0014560264948588974 0.05276442018064071 0.049488543799168 0.04586416089809394 0.020628695265710113 0.10602569631173978
134 1340 0.05653742750555272 0 0 0.024637934872495628 0.0773949636727 0.04303026834668872 0.0013443253849167727 0.05022017606055927 0.04735229500066794 0.041552141146081335 0.019764495547429484 0.09962904799848447
135 1350 0.0527972937300046 0 0 0.0228453002622773 0.07071444539458946 0.04034705617399154 0.0012598696916363387 0.04518362597547097 0.04450587681456111 0.039198410750940674 0.018409372997376622 0.09118951233528753
136 1360 0.0526207672288623 0 0 0.023325726481627982 0.07032195914806817 0.041475840614670335 0.0012412721615095144 0.04520883744731326 0.045328132777117905 0.03904459637423301 0.01781068313071383 0.09031445277516828
137 1370 0.05101335044063958 0 0 0.02267432329151051 0.06779139365643767 0.0393940433104435 0.0011659539669248743 0.042530349078907535 0.0451941355598436 0.037593070350288214 0.017767605785094315 0.08606968131652694
138 1380 0.04770097891550234 0 0 0.02083962349633033 0.06258830036069239 0.035919102420345024 0.0010581944511870527 0.03873688718144768 0.042028404799382274 0.035218393229446754 0.015777419012939314 0.08024021067167923
139 1390 0.0498631656078061 0 0 0.020953061412107437 0.06505667794891443 0.03741057126470523 0.0010827800053874745 0.04419291811000498 0.04377359760021336 0.03683071024958833 0.016074815827920103 0.08300875070617658
140 1400 0.051241230469925216 0 0 0.020898699599071605 0.06462249242862816 0.03983790760190138 0.001089041605646273 0.04678851272520008 0.04482841751797346 0.03670468773923043 0.01630742712104169 0.08235910279713465
141 1410 0.050564846854712533 0 0 0.020585817583381065 0.061502806024764635 0.039903073057391894 0.001062359053691142 0.04589421407260177 0.04461627540058946 0.03490054495399449 0.01602661217648959 0.08400625912087209
142 1420 0.049527369722369256 0 0 0.020050577254506537 0.060670703990832596 0.03855351226857306 0.0009777182514636887 0.04500575789254453 0.04425959858575728 0.03354164751494514 0.01516837141281177 0.08420872290310934
143 1430 0.05146301471953474 0 0 0.021394603555766733 0.06375637346812649 0.04048186989856824 0.0010016637928777171 0.04695183207942336 0.04530170501773696 0.034662342719939065 0.01577414205177174 0.0867750581519126
144 1440 0.056994690941722694 0 0 0.02361082993631337 0.07257161342467189 0.045244641037742984 0.0010693702939914937 0.05157162126431799 0.051616196611437834 0.03745943135972967 0.017879428592631814 0.09451452624406355
145 1450 0.059431041630398786 0 0 0.02447532172470678 0.07628679039066726 0.04695945018961617 0.0010979273439111065 0.053907478533153565 0.05466887802877177 0.03900890401473775 0.01880505997632804 0.09773190682946682
146 1460 0.058939958402412104 0 0 0.024220972350699758 0.0764586290388134 0.04595862305868213 0.0010718703304214519 0.05140153877335756 0.05372513468301347 0.03897409565925903 0.019159492857600473 0.09413828862021555
147 1470 0.056292549336651704 0 0 0.02282731233670767 0.07397538422894888 0.044256267562854765 0.00098917861962175 0.04978209521760785 0.051714699445644975 0.035876339453070005 0.0183230807230872 0.08898998120826346
148 1480 0.05703775886755808 0 0 0.023104713031333983 0.07622984383981693 0.04536736003960917 0.001028738410891026 0.04994916519036349 0.05424491223105579 0.034325169176606767 0.01821932167666975 0.09077278964645145
149 1490 0.05594571546036382 0 0 0.022665424940324825 0.07289007032563646 0.0447765712484308 0.000979303520035111 0.04960989981200244 0.05436123648321764 0.03226438324954602 0.017924280858496785 0.08630317799824715
150 1500 0.05379083647014668 0 0 0.02118302464309332 0.07218014502221895 0.043317683887385224 0.0009023795258892365 0.04765234427285264 0.04992412860123434 0.03197445896358623 0.01756958425332425 0.08366888138948671
151 1510 0.05262784646399372 0 0 0.02050469046293941 0.07147377077556043 0.043558084845727 0.0008794120576152072 0.04591612994093904 0.04931254897753467 0.0322064248345586 0.017296828455578735 0.08306653861943844
152 1520 0.05596514379792713 0 0 0.021571673548219514 0.08042356509044449 0.04862066700020636 0.0009108668490646942 0.0493902615338493 0.05208622818383577 0.034300497021740275 0.018721146492043983 0.08644459863980347
153 1530 0.056854278413059144 0 0 0.021850316035453166 0.08433884993966756 0.04914357904089464 0.0009060932936819086 0.047484219412359356 0.052783164576546526 0.03332905775812344 0.019177266526234287 0.08618975461660155
154 1540 0.056736578279022815 0 0 0.02145015927046595 0.08458905117231096 0.04673943545524402 0.0008854118001080396 0.04660827847191715 0.052584569084787376 0.03278923727247673 0.01912049831127502 0.08602671041969374
155 1550 0.05923582831601035 0 0 0.02223383465489217 0.08764292518801474 0.04819534723739639 0.0009198661700709781 0.04834416043816311 0.05479308672127534 0.03383123185600489 0.019885261844205387 0.09401495128260173
156 1560 0.056040308908912255 0 0 0.01997688899684835 0.08017329756555759 0.04584265247886127 0.0008636069962773831 0.0453477973956368 0.05010129604612736 0.031881943747384796 0.01826047303518296 0.08792295065469884
157 1570 0.05187700231535619 0 0 0.01867198583425544 0.0742126093601984 0.041665867265444086 0.0007522296636915858 0.041605383342853644 0.046479886410802106 0.02920978078285136 0.016452645468154618 0.08080051711519133
158 1580 0.049626793060992554 0 0 0.01804597281733519 0.06664559130383896 0.03904133781675101 0.0007263172094164817 0.040243436796027196 0.04414236353746089 0.02679974827272336 0.015406174859528986 0.0772367660843233
159 1590 0.0520947631505476 0 0 0.01808780963988716 0.06947208799578682 0.04039860162152507 0.0007738762693506667 0.04296673150802911 0.04626773273348852 0.028040420544075097 0.015035109759360035 0.08636886661565336
160 1600 0.05451212166848544 0 0 0.018575352428670023 0.07254576203800152 0.042131653542783934 0.0007965886332627743 0.04664808115604069 0.051761996600643845 0.029070681634176188 0.01522789789955191 0.09111969278540734
161 1610 0.05934815488882225 0 0 0.020343669308488785 0.07823176689744459 0.045818564868575065 0.0008567717011944408 0.05441940470548528 0.060134046921916276 0.0314175551348052 0.017002093627258894 0.09770767935627944
162 1620 0.06224744488287169 0 0 0.021076337294902495 0.08064142916550308 0.048636946132660556 0.0008955454862778776 0.05650972409211032 0.06672368337130767 0.03360819646954873 0.017298852340543503 0.10083398493266017
163 1630 0.06287488799931269 0 0 0.02097188140789846 0.08235877704844038 0.04912002361944559 0.0009187493887543055 0.056850715067951176 0.06642469050428562 0.034012738978740686 0.017220575027158957 0.09985472878098244
164 1640 0.0664436008989507 0 0 0.021834540271064507 0.08868484401133037 0.052961391785715246 0.0009237889314377956 0.058541064662212317 0.06799183022949726 0.03699498222163601 0.01766034236405908 0.10479674033152682
165 1650 0.06875263917254575 0 0 0.02243908204386728 0.09209869794196812 0.05545644730091017 0.0009616451189370835 0.06450070628696722 0.07175728514622155 0.03621286284801531 0.018855375177288254 0.1035014343520963
166 1660 0.06408479050463606 0 0 0.020664817868290344 0.085141397747986 0.05079442037935988 0.0008699673537831862 0.0596658743077472 0.06643704771629944 0.03362886314775507 0.017078332116256666 0.09627356247740025
167 1670 0.058013709910934685 0 0 0.019364312060930734 0.07712444849069122 0.04606090890670206 0.0007808421368561413 0.05311617412889768 0.06030676700861931 0.02985230905836169 0.015364206287666386 0.08698696223948134
168 1680 0.05490250543324535 0 0 0.018289742742014184 0.07042986011310096 0.04317271173941615 0.0007294925339303388 0.052137304230837636 0.056537247884727554 0.027633896978905326 0.014585718197205758 0.08286131158370685
169 1690 0.05096146886595805 0 0 0.017200166341752657 0.06412173684976305 0.04006946701912355 0.0006595027040786688 0.049154439917424644 0.0520957278676669 0.02532300605170132 0.013242770550119508 0.07655675100656303
170 1700 0.05108925114080836 0 0 0.017349846485471884 0.06232027774934917 0.040620280150319765 0.0006568113539764969 0.04974090666698136 0.04878078167771861 0.025057416407411832 0.013194720218015836 0.07702758732830506
171 1710 0.050182343581370456 0 0 0.016893772193100516 0.06209175045458635 0.03963045016342903 0.0006536103888275153 0.05040838828271521 0.04813370828152512 0.02427943781989755 0.012569876757271323 0.07336795134083084
172 1720 0.04818163355070921 0 0 0.015777377453157004 0.05953541406684311 0.037682838345588845 0.0006282584856469673 0.04877214475307875 0.04537313409218752 0.023737686710210967 0.011888463026633352 0.07397296131910362
173 1730 0.04339939292705174 0 0 0.014279519843777143 0.05348808600251403 0.03373724626700854 0.0005417439943793253 0.041300650817633934 0.038896317680660854 0.021124293771292074 0.010330486838704848 0.06522224778486344
174 1740 0.04224283612743979 0 0 0.014015587244001173 0.051746931735015794 0.0343181860364451 0.0005279617817533202 0.03928903210468084 0.03721066770098472 0.01968082547444519 0.0099407498517307 0.06404928220887372
175 1750 0.044922165928288876 0 0 0.014757656007399004 0.05490596059074845 0.03701137642886817 0.0005470408327832864 0.041048657625173395 0.038248011382319286 0.02095453575607734 0.010351192537789588 0.06842752630289387
176 1760 0.041080664883637326 0 0 0.013487678523528333 0.05064270217314119 0.03323815669699423 0.0005041797680553397 0.03729364882573712 0.035419266913652825 0.019194146898018988 0.009468998226118271 0.061354130622370814
177 1770 0.04119965057086561 0 0 0.013583776303031116 0.050223157476680054 0.03253442285231739 0.0004967083057612601 0.03781322310396776 0.03507089464980096 0.019293136806645232 0.00935748065692822 0.061217580513891215
178 1780 0.04029088415093894 0 0 0.013308771017935761 0.0487390636586715 0.030565839944083323 0.00048718006900914137 0.03705360165417862 0.03386036751257826 0.018455175992492592 0.008988155711092238 0.058898833569443955
179 1790 0.04068086797342232 0 0 0.014188198482375229 0.04906179257340269 0.02941870763523764 0.00048256550638553036 0.03703639112312402 0.0337860388396817 0.01836355285732482 0.008901521309352659 0.05717728416317043
180 1800 0.0374260176650135 0 0 0.013400666525070418 0.04554779255778893 0.026231848255662143 0.0004404744062754186 0.03349996218459288 0.030726964278804354 0.016344467430600154 0.008037970705310525 0.05176147381793668
181 1810 0.035909600599313904 0 0 0.013091728504915101 0.0443003171875195 0.02461391806413667 0.00040877135831104646 0.03143903994440386 0.028662895262473398 0.016115048216820128 0.0075974870020319015 0.04876845871329218
182 1820 0.03152314223229701 0 0 0.011211411322579785 0.038226082334061245 0.021201939025168814 0.0003543346630973072 0.026885863611781222 0.0247774920537302 0.013923995860334012 0.006522387973107945 0.0426559500505847
183 1830 0.028173128715773932 0 0 0.010235957463115479 0.03542254448568776 0.0183598829964646 0.0003153310556262424 0.023590745052882986 0.021548793647081725 0.012678963016137752 0.005539994652574614 0.038404541894050896
184 1840 0.025690660650861875 0 0 0.009377017907102742 0.031978584840934035 0.0161100242762663 0.00028579649238350924 0.020853060937906606 0.018797024450939677 0.011409654331216275 0.005053632487091247 0.03512211284143637
185 1850 0.02600876145779878 0 0 0.009354909408605911 0.03287849772095804 0.016702695364865336 0.00028611147298531826 0.021207648454544793 0.018232587739126817 0.011378636838149115 0.005269209243552178 0.03526409937402287
186 1860 0.027628214764054988 0 0 0.010150442068219547 0.03528413320833572 0.01827307916289612 0.000295842194969503 0.022388569961312416 0.018674289455145814 0.011611176405499734 0.0055140922408881375 0.03960810436040866
187 1870 0.02864784932032204 0 0 0.01061468780978979 0.03623240169777146 0.01891341150681894 0.00029167955004670245 0.023090538863841364 0.018722426809555284 0.011957584078138895 0.00578169391258382 0.04204236689356665
188 1880 0.028676432180945236 0 0 0.010589772329299762 0.03587966080069119 0.019178492285932672 0.00027436900150662084 0.022783374134460167 0.017846919856923535 0.011674120846522883 0.005544509788361582 0.042311202442770875
189 1890 0.02988053310186802 0 0 0.012369574639348555 0.03741709942508652 0.019809549516640927 0.0002840124152710752 0.022087633396135845 0.018055467504495007 0.012186460257559501 0.005756791118657147 0.044033746174512584
190 1900 0.02871567227682491 0 0 0.012114290390820962 0.035363297197487716 0.01860419447858183 0.00027033200238020186 0.021048207687380912 0.016750220883153713 0.011618116589218604 0.005528395129012791 0.041141275620375554
191 1910 0.02639465168713625 0 0 0.01160363353567605 0.031935778941710874 0.016501856803455617 0.0002470700200033304 0.019228930969304434 0.015369363253163916 0.010898816360332417 0.004906431691911517 0.03787952389715157
192 1920 0.026190632704252707 0 0 0.011534241555412243 0.031155217926292354 0.01661312680999368 0.000239441116366276 0.018888681911720738 0.014956941950644106 0.010873634640494699 0.004904237682561622 0.037517566515312635
193 1930 0.024649538168351075 0 0 0.010820093924386152 0.028435337920233717 0.014993216979640364 0.00022632378011824808 0.017884628740141222 0.014138748993864593 0.009973383394319696 0.004532119784576685 0.03347980537312403
194 1940 0.02615983923500447 0 0 0.011930793045802296 0.02975473885745408 0.016327414573438833 0.00024013266689740953 0.018543279227947268 0.014445644792206232 0.010635643882341813 0.004693656514175603 0.0368955131359681
195 1950 0.024800913167213858 0 0 0.011274089341118773 0.02818772692721382 0.015419316687242349 0.0002196576604059863 0.01757337979470469 0.013161596012656956 0.009838812130369095 0.004287801864353483 0.03436543002915858
196 1960 0.023951863112257412 0 0 0.011061445809381863 0.026868660220090303 0.014595295040677199 0.0002110973368308244 0.017044341158777995 0.012343780295319157 0.009616439711491332 0.004070778603855091 0.03305072692112337
197 1970 0.023529037569583612 0 0 0.011479972292506857 0.025940446908620962 0.014778463631301147 0.00020371298131306782 0.016383450294008138 0.011919625808030625 0.009613292732304775 0.00394729007162577 0.03270888481339431
198 1980 0.024525230986626168 0 0 0.012574674173425008 0.027445199896004545 0.01577739367265176 0.00021854907543487133 0.01702671508625683 0.011739288998149047 0.010285148765386179 0.004011473290352796 0.03322391222375396
199 1990 0.027487072591626416 0 0 0.015144022428998628 0.03194163775029155 0.018022150732222807 0.0002506074409368952 0.019322780179513287 0.012882178783772387 0.012938958597781255 0.00424673164475634 0.03683535824474429
200 2000 0.02621394105994807 0 0 0.014798562580330516 0.030660312490156875 0.017190154999008306 0.0002413136409206173 0.018759929096106208 0.011620496379704604 0.012311771691218299 0.004003295556779806 0.03596930460194546
