% # columns="iteration, evaluation, void, void, void, xmean", seed=135388, Tue Feb 21 18:30:07 2023, <python>{}</python> # scaling_of_variables: 1, typical_x: 0
1 10 0 0 0 0.4217283280973406 0.7779314898458936 0.4560216526298583 0.03560681117197617 0.5651822567492965 0.8560677797719243 0.45685752335081964 0.8987011178886626 0.5447249788911955
2 20 0 0 0 0.5233447178662732 0.8014545875230062 0.4750714749697983 0.036726746006146865 0.6649521924075732 0.8001906814734879 0.5599350327033357 0.8191938417832143 0.5205706036931766
3 30 0 0 0 0.507080623595016 0.8567273997206453 0.5338591712858458 -0.0021737256496226903 0.5324293670011992 0.8367093342961518 0.5387142956677982 0.7591066566323177 0.6249213984924481
4 40 0 0 0 0.5149357466052719 0.8543137516518555 0.541719065990224 0.03985658506546205 0.5549909611346076 0.9024493152770169 0.46351023357245186 0.7507048147945989 0.7315811516393116
5 50 0 0 0 0.6303221601931427 0.8945525873937732 0.5767151959326382 -0.003143108797188092 0.6085319245596501 0.8999404858035582 0.49635229375567474 0.7377653826475579 0.6668186386272758
6 60 0 0 0 0.680360622725819 0.8970750139244217 0.49507966445956236 -0.008403304843567142 0.592867021244824 0.9503836703291582 0.5331691478203411 0.802440442206924 0.6983672891945478
7 70 0 0 0 0.7840033791683051 0.9332389482317655 0.4792197295782658 -0.0059313781633557015 0.49602039284641053 1.0842453908502308 0.5364050322368492 0.7250333598475321 0.8034934190406146
8 80 0 0 0 0.7966736168778599 0.9695949470254609 0.5065613409390199 0.04555393155236248 0.4705862925425 1.0727718638575527 0.5767773782711556 0.8293696189208335 0.7382950086484521
9 90 0 0 0 0.9266272727854452 1.0305648169418016 0.4345059803187848 0.007671873784310251 0.5015855864631996 1.0767372379717597 0.6212823986575385 0.8154723199292483 0.8411920224760681
10 100 0 0 0 0.9493468925796372 1.0370340519083818 0.4019645950879794 -0.046374036981697404 0.4056724892186626 1.0936722046389746 0.7634851917599416 0.8339584785478217 0.8140601319628337
11 110 0 0 0 0.9357272316552805 1.053304102236724 0.40534875595752656 -0.01881703236301641 0.34025955406795977 1.024016013564268 0.7300154262732643 0.7586071565170549 0.8672086444850512
12 120 0 0 0 0.9482139564407592 1.064517379128146 0.39487134950197045 0.002486919872327291 0.3168688646578179 0.9651404371603547 0.7336915704623248 0.7658535051436769 1.0410682426552835
13 130 0 0 0 0.9597290551220393 1.131844578845239 0.3871467272306999 -0.016300840138217153 0.23426684373881895 1.011107951373801 0.6481045128483054 0.7311973494722598 1.2116579999737251
14 140 0 0 0 0.9766322929766652 1.1235541369079607 0.47753205584285235 -0.02177821885570552 0.18808229323690787 1.0141407858067302 0.6888573833411746 0.672971386983424 1.078186849025418
15 150 0 0 0 0.887225832183262 1.115437195327148 0.43108381128044626 -0.049326349386399466 0.2595811837575882 0.9317961212304978 0.5737228823412228 0.669071241308924 1.1241200451922626
16 160 0 0 0 0.8742074727584362 1.1523723618335202 0.3993454758837359 0.03208464175147612 0.26702252921280445 0.8633480325231325 0.5200125562055188 0.805834055345094 0.9753250325848591
17 170 0 0 0 0.799498568573395 1.1540196018109121 0.4423285995066007 0.051982348432549556 0.27638934366385004 0.6730104641988038 0.5172512517531177 0.8274784960567497 0.9349448409282004
18 180 0 0 0 0.9472272537050083 1.2852865400318612 0.41459011674665874 0.036576609686500484 0.16995081647247243 0.7394648398278818 0.5803882985311943 0.7859042059639104 1.0227003873934604
19 190 0 0 0 0.9754045803981687 1.3246997299023495 0.41152118952962463 0.003949629491506512 0.09143674455892004 0.7470240778359089 0.6188971316314553 0.6924833073349201 1.009310653909934
20 200 0 0 0 0.9557717453418614 1.3987746215847403 0.3816464728467131 0.052910079673621296 0.10469376346904966 0.7000651391228454 0.5841544834589559 0.5798976142528323 1.0222437582172665
21 210 0 0 0 0.991059811337033 1.3955084514451668 0.36252007908220824 0.004330019141269917 0.11350188645362858 0.6214344586410254 0.6423278332889905 0.6041219502131349 1.0563001010353419
22 220 0 0 0 1.0136966543368615 1.5331930723531848 0.38551162053037097 -0.02328526118388475 0.14245363456628005 0.5386316215890964 0.7184093116515207 0.5563439356225317 1.1502412192000557
23 230 0 0 0 1.0742585687464659 1.5667797041400582 0.5250874011785188 -0.02684011783820264 0.11539683287767417 0.7237525857545509 0.6555379068301254 0.538174517618733 1.303028209093239
24 240 0 0 0 1.1320120536160834 1.6177444013943127 0.4466459668673375 -0.061723484693554084 0.08293949630045803 0.819197159700183 0.5377877067244582 0.4876867631133412 1.4265788649004256
25 250 0 0 0 1.1530803861108996 1.6750022846295802 0.46535760452945946 -0.08275085169737081 0.09603926491408477 0.9238460283266711 0.5741652200460102 0.5487649119918491 1.3665041865288474
26 260 0 0 0 1.2493985472068823 1.6880530945794974 0.4325823013424658 -0.012493533922484493 0.16477591793302093 0.8779248012065622 0.5795614153929534 0.41745786310438227 1.4793815038638625
27 270 0 0 0 1.2907601416496801 1.7180904544019346 0.4399181539408503 -0.007515985094374206 0.10057555892437267 0.9712721217868476 0.5125329851729329 0.3898574391970954 1.5128302375700469
28 280 0 0 0 1.3099004227009394 1.688864312117616 0.48680305819394176 -0.05304397278402901 0.10283322805217364 1.0236624320686551 0.5927608339844953 0.3681764844187466 1.6337963103464856
29 290 0 0 0 1.2535805015135746 1.776032696364272 0.48377096160833644 0.0284205442386146 0.19395679049376005 0.959860250882407 0.5942137501638138 0.4366477011576806 1.6226960562025126
30 300 0 0 0 1.2261309300543657 1.9010607584867834 0.4838475910427222 0.005049032488460722 0.23673025573916065 0.9484186892872113 0.6096800789675281 0.4133201942975115 1.631176519727221
31 310 0 0 0 1.1995231643639717 1.9251660586593822 0.5531577252404364 0.056072544127451274 0.25317528433827063 0.8949881929935453 0.6252482304423982 0.5019086169974396 1.5784376661740198
32 320 0 0 0 1.201741589114862 1.8613651572942969 0.5007259515207428 0.029846103621340082 0.20103922345657704 0.9740270826660575 0.6975402338812061 0.4564248086529741 1.6260398770777045
33 330 0 0 0 1.1847280754011227 1.8180406511686404 0.45949899419084744 0.06714389210448965 0.23265486131997104 0.9728521963307489 0.5875607334014301 0.5467684723466495 1.690457387961839
34 340 0 0 0 1.163567500864721 1.8198470838937513 0.4414832670489125 0.08021405479837648 0.21130806737580626 0.9983774999931007 0.4872607613736374 0.5577311130976381 1.7994674023997257
35 350 0 0 0 1.2215115293803371 1.980216636281803 0.3810534117932995 0.076052008155572 0.1981225830209597 0.9958360140087894 0.5096257150257161 0.5523018629512673 1.8429628758142043
36 360 0 0 0 1.2025951762814655 2.1718677276934693 0.44316171094220125 0.04809930480654285 0.15556893295666246 0.9304446409986392 0.5179631187124463 0.4290036212227259 1.9678163027556266
37 370 0 0 0 1.271091342616326 2.125735947512505 0.4870139820589177 -0.00015030655629458267 0.10266118620564571 0.9551046195607316 0.6155185993814193 0.37285641937147995 2.0339806077150673
38 380 0 0 0 1.2141794257148597 2.1281501141954933 0.4036101481689294 0.016645522204311217 0.05013844797095734 0.84552493720793 0.6236933296093088 0.43082908535336467 1.921839770718351
39 390 0 0 0 1.278641371558185 2.231908964512758 0.4044978330948146 0.047205599911320416 -0.003189007834606142 0.9417210009407839 0.5650475903858703 0.44814346582338943 2.0327221545539644
40 400 0 0 0 1.3055212434482029 2.282309963204082 0.3857230154904824 0.08505815099234248 0.09436971386017098 1.0423839916813664 0.4760081969568014 0.4552732742879871 2.2284206803608035
41 410 0 0 0 1.3064847935612176 2.302397120334401 0.34821797113063097 0.06523039455573651 0.07461022661245234 0.9970978824274257 0.4365700474272523 0.408118129739121 2.207752651728839
42 420 0 0 0 1.3497157649748752 2.331254781628317 0.37490613693447783 0.0811691193540845 0.08173693166809086 0.9951022892746966 0.40319938971050706 0.43093664570743534 2.1597503737361143
43 430 0 0 0 1.3576921170514655 2.3411153350130243 0.354167746976409 0.07295798263642919 0.09477088518831094 0.9752045793710313 0.4807822114662299 0.42399883410248856 2.1491861980983296
44 440 0 0 0 1.3374533368140522 2.3052007095854585 0.35155311140376105 0.06660869479309511 0.0739080067324372 0.922151311460752 0.4550292441934107 0.4248174938691766 2.1394767750372172
45 450 0 0 0 1.305475290809123 2.2461191487005068 0.35879172285730876 0.053541893174545545 0.027933818183261412 0.9147300256545653 0.4282673719169888 0.4748673960937566 2.132517171152017
46 460 0 0 0 1.3443987606229044 2.221787437908533 0.3054046791993268 0.06376462617649864 0.056274244704070886 0.9665358809777391 0.4225630666653358 0.5086080295293803 2.0944453207675067
47 470 0 0 0 1.3810904672381699 2.3476318530783677 0.37137699331587554 0.06859785283047952 0.02206648396840273 0.971059946790721 0.3641207308287767 0.46531243441265696 2.1795338269863325
48 480 0 0 0 1.38326352746074 2.393903092941332 0.3963366945690194 0.056530180799857374 0.01102310027178806 0.9939287350811471 0.3326251267297283 0.4698065320054097 2.2143784448150803
49 490 0 0 0 1.3690773950082924 2.438323637241483 0.34093994258967475 0.05300204448579799 -0.013553503244599316 0.9962479396298463 0.2905901749817 0.4607334402391876 2.2889284423413794
50 500 0 0 0 1.395678446617847 2.448717561499474 0.3186985134729685 0.04172376350066054 -0.04977214056741968 1.0198619405455769 0.31920143994563005 0.44503958895970547 2.349163194328931
51 510 0 0 0 1.3705201812643828 2.363514947243869 0.26812735246279334 0.06941519382954413 -0.03088625030826975 1.0346721124351252 0.32512949341268105 0.4779171549551174 2.406776589085345
52 520 0 0 0 1.3537658392791967 2.433683023012829 0.23464603819391816 0.06821116893506729 -0.013416639203190805 1.0390967600608436 0.3009875501169083 0.5306516744707581 2.3749703759942755
53 530 0 0 0 1.3490974034904422 2.4378330357863063 0.17652644604880027 0.072790720910918 0.0011077695593602142 1.003256965974004 0.3662051001901302 0.5131578935754378 2.441656810273528
54 540 0 0 0 1.3596220089207247 2.523301890167565 0.21010356558799617 0.061131090523475 -0.02084034965841406 1.0298598556425116 0.3502934023843424 0.5443571427513434 2.480924040370809
55 550 0 0 0 1.296926114280811 2.569226513937433 0.28257363914415434 0.06054717354694592 -0.007584325537828925 0.9781389526251457 0.37979870013613287 0.5421988780461799 2.50801102109353
56 560 0 0 0 1.2820311606789807 2.4335407314260284 0.24867039933642462 0.06208451910312672 -0.01637692059132566 0.97250827429518 0.4489194578014009 0.5085113680994184 2.335064034113321
57 570 0 0 0 1.3015796968625544 2.428063578848286 0.30231155202295984 0.061808844144560324 -0.006531809842586925 0.9557261376518753 0.4923603696955655 0.48635509768932994 2.322613086730604
58 580 0 0 0 1.3297913455778554 2.44159641926109 0.3396694804601986 0.06408322314034039 0.00336823601595034 1.057324017804189 0.48079059364996596 0.5126713158558511 2.3749966384312358
59 590 0 0 0 1.407413658567538 2.413421447675006 0.36938659650970446 0.06011798733869456 0.031024471732401915 1.0475916579359512 0.4997836352467554 0.4451230899753198 2.335921601817475
60 600 0 0 0 1.4064632265081796 2.3910785022137033 0.35072163785333543 0.05870231755870593 0.039444325354201955 1.0831378610669604 0.512666548674988 0.40162753396809003 2.2746568022627685
61 610 0 0 0 1.4224603135232443 2.43102210637251 0.3946927096433913 0.05978382416350948 -0.012664125788204465 1.037504549161254 0.4977786932164799 0.4087890395266265 2.288909749698982
62 620 0 0 0 1.3898143827685652 2.4111476643829453 0.3955541793280324 0.057770776633226884 -0.0076293848534619586 1.0026975626925898 0.4418511141505553 0.43862138146936525 2.223435689886281
63 630 0 0 0 1.3861905592748716 2.4402758350535025 0.3941323942814807 0.06503136631587865 -0.003648589334083647 1.0124524132780854 0.4457058377697815 0.4107097909548102 2.2264758699514595
64 640 0 0 0 1.395144807070932 2.49902777169386 0.43381301476946776 0.05594153171593472 -0.0020057575322844955 0.9961781466467485 0.44845811606715674 0.3841452532699376 2.2100685007312872
65 650 0 0 0 1.3726885450515063 2.495340664859006 0.4346483997814983 0.05743492019323924 0.053202169704584766 0.9573527770880313 0.43881870304753284 0.35904067858875777 2.182621856049651
66 660 0 0 0 1.3905496523043366 2.5090855978817808 0.4589418235156936 0.05409466736054756 0.03853420319829445 0.9681856343023553 0.43055346126540406 0.3376356866893342 2.1584868471475245
67 670 0 0 0 1.3689127124096658 2.4746524464785775 0.45727193721980924 0.055667854068118264 0.028295833666612848 0.9714442280676733 0.40684535172896025 0.35467523902759396 2.148386042264171
68 680 0 0 0 1.3817130856029534 2.4524299338655418 0.46904365866866815 0.060148526440305425 0.013808199040840045 0.9972361634004865 0.4004178512648491 0.3728510349032644 2.163183599178579
69 690 0 0 0 1.4026250773893953 2.440248218511108 0.5139780238266425 0.058902897158891035 0.022919269949957837 0.9939556230032638 0.4433860057352757 0.34144573437559045 2.1377175556801924
70 700 0 0 0 1.4119403010224625 2.4106279681131104 0.5309301840714049 0.06347521465132813 0.0007612303423624699 1.01309239543396 0.4167633379954293 0.38959897087177037 2.140222569834781
71 710 0 0 0 1.4154314617724855 2.3939913094507346 0.5967265239093225 0.05857048033731076 -0.0010893354997492505 1.021094908177436 0.383219283372067 0.37523010752943364 2.104605903321928
72 720 0 0 0 1.4040042536533197 2.3624343754447223 0.5628155926690003 0.06208792995060023 0.0456087933376743 1.026069942214837 0.36109253080296666 0.4286355350250393 2.072338125613494
73 730 0 0 0 1.3904058549148972 2.35061841665197 0.5816405997085455 0.06018279359739259 0.07279258962157266 1.006828737861023 0.3443834213375169 0.4456210247134577 2.031729633040173
74 740 0 0 0 1.3895952912246679 2.3012819975755994 0.5682671806563564 0.06234160145588301 0.08337811801149278 1.0387296775477233 0.41391637877128606 0.4240936230746757 1.9970070095214765
75 750 0 0 0 1.4015552467518817 2.333266699975422 0.5729456533657096 0.05857190345055048 0.08793913873900894 1.0211233881284494 0.4540973199564627 0.38284865875553165 2.014723249796725
76 760 0 0 0 1.3912418582205162 2.3200117836943583 0.5578955238753365 0.05814320127122119 0.11254721789799116 0.9839606888960748 0.4582520876485858 0.37639303804122065 2.003977859667837
77 770 0 0 0 1.3860566270363808 2.278082265620272 0.6020402552129779 0.06209510916364372 0.14163032130667647 0.991729311446646 0.4548737231647183 0.3800416213834967 1.956138979698329
78 780 0 0 0 1.3890502162050944 2.266034973264231 0.6612895346408005 0.057976790640609524 0.18556168886813154 0.9710339466015325 0.46439503978180113 0.37298296563963457 1.9324807899122016
79 790 0 0 0 1.3501693476145789 2.223293021617058 0.663946699058175 0.05827776340722917 0.1714058488757766 0.9465972319480389 0.45630273348915457 0.39539395141327627 1.9015192858891852
80 800 0 0 0 1.351443359057796 2.2140410419922785 0.6655600165846103 0.059359083143092045 0.19669229892418616 0.9974482128214245 0.44956896382803974 0.41026699730246086 1.8713336578727688
81 810 0 0 0 1.3452119061818408 2.2156432771953374 0.6123403780980786 0.057617978282477146 0.23648984547760643 0.9637642347614146 0.49090032392339567 0.38744521204665416 1.826800749576867
82 820 0 0 0 1.3962961712860125 2.3056831131892834 0.5952589547221389 0.05859000882594393 0.20550763208946018 1.0116627550077006 0.48895696313326475 0.36103650547290045 1.856078049251631
83 830 0 0 0 1.4001585546598372 2.3622290184873327 0.6028794621384252 0.05924710427989134 0.17419442667168072 1.053357051323312 0.501651163142387 0.34871303922247243 1.9011313713541849
84 840 0 0 0 1.4126179287978247 2.4747110570490154 0.6061759330906512 0.05307797281461166 0.19639458709620847 1.01222539602986 0.45598140183846164 0.33892321235277856 1.9663465460531768
85 850 0 0 0 1.3836616529687373 2.4867874892598345 0.5886991250797804 0.055807205279015504 0.17525256278296616 0.9890873822489816 0.4756357325862708 0.35278417732926 2.0032587801845336
86 860 0 0 0 1.3476073525297065 2.4902401333549604 0.6075038191920419 0.05896295840761776 0.19473375685262534 0.9546192242517285 0.4775984446744316 0.3749617486914363 1.9937313946587678
87 870 0 0 0 1.3464472967216106 2.513788969082824 0.6477554946642439 0.057781663846049824 0.2758108228931296 0.9221252660714564 0.48034811278654627 0.39898901007277654 1.9817534628114246
88 880 0 0 0 1.311323285360762 2.4189054146721674 0.6340605906799986 0.05530010449690995 0.24391511873688956 0.8779894730691968 0.5155341035499651 0.3974762690127321 1.9245068745406901
89 890 0 0 0 1.278612469751025 2.421661219458443 0.6520167269406817 0.054294625124784876 0.2274986061184437 0.8236901637684253 0.5132670021003465 0.3921309631066217 1.9522439536041654
90 900 0 0 0 1.2705347698258345 2.4256001617376186 0.6831177288229316 0.05599050303762885 0.24107780839646714 0.8448955073249655 0.485463913474255 0.37615442981772473 1.9578195564399397
91 910 0 0 0 1.2810925449721962 2.5421592791933345 0.6692574948351931 0.05594995435484027 0.3287734923016592 0.8283488035196737 0.4784958260103552 0.38986080906086773 2.088017859872355
92 920 0 0 0 1.2752828515397776 2.4606510144615124 0.6660124573130092 0.056404353198644105 0.3246459636086755 0.8200840319484297 0.4898829685636018 0.3758976516034221 2.112156977727671
93 930 0 0 0 1.3043306917081172 2.4238136515355264 0.7092137074626121 0.05544062489594442 0.3818589454680382 0.843477643715037 0.5602443978035865 0.3724497758024435 1.9869482252431818
94 940 0 0 0 1.3295622026140768 2.45539209232036 0.713729760488625 0.05732141343732801 0.37617352974606977 0.9213882256534667 0.5216891272609158 0.36778368954655627 2.0899918972335008
95 950 0 0 0 1.3849966644657812 2.5095438226427977 0.6853776161495563 0.05435815727942554 0.36879212541902734 0.9494652527987079 0.5270666084711938 0.2995800908832565 2.1596074796976246
96 960 0 0 0 1.4059934330334898 2.529818303570874 0.649821735108737 0.05507267975915833 0.3806575469290742 0.9945500502684096 0.5023833043503476 0.3023916938653984 2.182375947901027
97 970 0 0 0 1.3991990950809667 2.6093438468756753 0.6211830327892445 0.055771316662893214 0.4065163167839776 0.9668717378008761 0.4441718205990957 0.33176727902264513 2.280077075593842
98 980 0 0 0 1.3587192123419178 2.6358563957960786 0.6361449806956966 0.05456904747931783 0.37853561997736834 0.9130045619478798 0.46819905071768525 0.3492532880598716 2.209878432003933
99 990 0 0 0 1.3693588941136021 2.663353413182783 0.6487604253640942 0.05529643850917657 0.3878902080456158 0.9224767021196693 0.4976641063463491 0.36575140797979455 2.2329229142556137
100 1000 0 0 0 1.3975218538127945 2.6406693452994476 0.6650143133242358 0.05408732061680714 0.44668952526253186 0.9302570595752297 0.5327631630699684 0.3553015599704996 2.199652035943093
101 1010 0 0 0 1.3966765954619422 2.581032251253662 0.6696523642006323 0.055063666654331385 0.4202828503095758 0.944150989856504 0.5630754181430595 0.35938433536657866 2.068102371509007
102 1020 0 0 0 1.3758089114195164 2.533457411540248 0.6583672170816119 0.05732265432845072 0.457978074358675 0.9369189432457091 0.5701948601504598 0.4063318234939385 2.0337361251227173
103 1030 0 0 0 1.3418963558741717 2.48437141862144 0.6132081826915717 0.05658430755321901 0.486397250447928 0.8766843596634026 0.5678299841757086 0.4295685438083551 2.023945399708605
104 1040 0 0 0 1.312896535755487 2.471994351259024 0.6371831566556397 0.05585128967807594 0.47797451249359607 0.8325876025821255 0.5809257277190346 0.4302837918078735 1.972447290438624
105 1050 0 0 0 1.3024762808108081 2.4107149108717145 0.5892352823881607 0.05526724875293849 0.5083502247384669 0.7700063267440588 0.5777595936852248 0.43938037585795037 1.9717370711144797
106 1060 0 0 0 1.3054403808662003 2.424779368601577 0.5678554636229196 0.05422374179080197 0.5214639531250294 0.7757291265462064 0.5752151558238455 0.4343937057924706 2.0264203938595413
107 1070 0 0 0 1.3387461135711967 2.5263531470800387 0.5399124041401991 0.05706061448075834 0.49531811754758065 0.809122789294757 0.5507496207181836 0.4476906780545422 2.09287213042197
108 1080 0 0 0 1.3490030516842917 2.606888752216002 0.5120865383981293 0.05734369523297953 0.46256992706698563 0.8021214703318549 0.5297233284157892 0.44992364958584385 2.167884609617058
109 1090 0 0 0 1.3346822065398232 2.6121779198951964 0.5303369884038502 0.05658750397408339 0.42121654469033476 0.7681555721852762 0.5080809999825521 0.4384964050100215 2.1117843152130686
110 1100 0 0 0 1.3443055556147967 2.548419528940818 0.5651343253491499 0.05555902099065592 0.45236234697672667 0.770783110791787 0.5034059122310639 0.4373265141566374 2.0599882801110496
111 1110 0 0 0 1.364095320998101 2.589839787342352 0.539086838768893 0.05479671860667694 0.4740271378268669 0.7451696653883401 0.49812071376532624 0.4270445303173998 2.0865306446565404
112 1120 0 0 0 1.3623951733145498 2.563393813069964 0.5722922714561408 0.05418919842317889 0.4844127097910943 0.7219974066741252 0.46792800009698166 0.42784745130502233 2.123996809670431
113 1130 0 0 0 1.326227932109561 2.552447737525364 0.5662713569691139 0.055952481477091656 0.4831998933368993 0.6923260342232752 0.44038332929628055 0.44399273646812404 2.1087570414441292
114 1140 0 0 0 1.33855545368174 2.572095580929273 0.5588905846336005 0.05500390129369019 0.5252484515003842 0.6623482007253157 0.410276061519517 0.43247719242757504 2.153976342262125
115 1150 0 0 0 1.2994541305938143 2.478631118443208 0.5848916159807825 0.05501873706638555 0.5685186599062192 0.6284027833334955 0.40871931939591954 0.44597173262620077 2.1566409340018518
116 1160 0 0 0 1.2758329395738575 2.3567716305695847 0.6021710202281375 0.05456354098809963 0.6513212572821434 0.565513804399005 0.4095220368912064 0.4642310158399036 2.0590029238123098
117 1170 0 0 0 1.2795558191677845 2.3699598527987673 0.6415746620248347 0.056004325425926434 0.691091882822544 0.5806441705137789 0.4112601206802514 0.4684848679237267 2.0838183975899116
118 1180 0 0 0 1.3006685176963424 2.402738236693494 0.5758332670688121 0.056456028970664936 0.6308069056268247 0.6313744542069479 0.4252891172688641 0.4639924588672569 2.18685290679942
119 1190 0 0 0 1.259220853937087 2.361268708715646 0.5623929913255008 0.05575837577851386 0.6278512666612801 0.5891300021061258 0.39233409198401614 0.4609707103976733 2.1884083490386463
120 1200 0 0 0 1.263868866932981 2.4005211078349014 0.5532232421772949 0.056045086488627716 0.644361410879465 0.6081266543370222 0.37334924670684966 0.46322121118439485 2.2584991182907457
121 1210 0 0 0 1.2506396756078417 2.388871629901755 0.5757744930799322 0.054448500239649714 0.5992268303580921 0.5737570115957791 0.3768118332114729 0.45784234458575684 2.1952909740957436
122 1220 0 0 0 1.2701657156983537 2.373620350365394 0.5598482782531783 0.055164639697160914 0.5705744752162348 0.6186140549238096 0.41897031634641924 0.4519981041135925 2.118367427440051
123 1230 0 0 0 1.2878174556272688 2.336391325383428 0.5629188187939679 0.054642521044871314 0.5874175440242064 0.6056742094279121 0.39538657735451627 0.45493232257642585 2.0526727430926046
124 1240 0 0 0 1.3119825509863632 2.3910382717344953 0.5446865927914036 0.05420469267669997 0.563737872174875 0.6119837940432803 0.4096090826768858 0.44350933021080524 2.0721961177704697
125 1250 0 0 0 1.295034959089119 2.364951497605158 0.5538873829587664 0.054825643857790714 0.5902301906761724 0.5909482407095423 0.4068325053486442 0.4508704663698362 2.0103801040835783
126 1260 0 0 0 1.2948835266421956 2.4270952934145114 0.5224679683172403 0.05459154346439425 0.5520133661655504 0.5706392113887402 0.3879366135364476 0.4513080834108491 2.0730929053028158
127 1270 0 0 0 1.2824708158459823 2.3932512314314285 0.5060748934139316 0.05440228477110511 0.5477865024794922 0.5212847003378265 0.40471056066698236 0.4683576795885823 2.0213620998092674
128 1280 0 0 0 1.2765244566075153 2.330735669099995 0.4963138770680249 0.053857239186217785 0.512552692692952 0.5153416351130696 0.4362400449470688 0.462484215057929 1.941604620661979
129 1290 0 0 0 1.2974561654440555 2.3824324300147426 0.514818975567237 0.053293841098561244 0.5675600247908525 0.541889172317041 0.40617727249734425 0.45153798025046693 2.0527765968049754
130 1300 0 0 0 1.2936930494419256 2.36369457227545 0.510937622036054 0.05347288651931807 0.5663740441801802 0.5153105967171223 0.38878550657534605 0.44896716043709023 1.993441580598014
131 1310 0 0 0 1.3058389962329857 2.3818991538505023 0.49566551909219553 0.052839999266075986 0.5603489649054535 0.5248933425439162 0.36915786040283594 0.4314243790080154 2.04313258897822
132 1320 0 0 0 1.2998807173277314 2.378430690361098 0.4979879755440453 0.05366135472053153 0.5505447025627996 0.4860795631958097 0.3152620544910858 0.42888651526662674 2.0679119872403096
133 1330 0 0 0 1.3002682378386519 2.3787247581558137 0.5102489724059701 0.0534041051081226 0.5962239554471126 0.45615321394737063 0.29987748775122963 0.42740439943038094 2.1241599562845295
134 1340 0 0 0 1.2939400180450216 2.3770922431719805 0.50851586107608 0.05403032931347785 0.5917771783596062 0.44979376876152477 0.3143010435462251 0.4455072581762904 2.0706395734184975
135 1350 0 0 0 1.274567937045348 2.359627373081703 0.5269212269682497 0.05393512283626419 0.6077620586153237 0.4332744424620792 0.34661217168516156 0.45771459934706843 2.028937667570557
136 1360 0 0 0 1.2583923261117211 2.3985345191026237 0.48507420520866945 0.053985852752443324 0.5885042150689643 0.39829303141489203 0.3434611855974845 0.4713825905232462 2.0528456556462262
137 1370 0 0 0 1.265266596964298 2.386385939743909 0.4832802761109513 0.05400886840916413 0.5878629029224867 0.3810958538845253 0.34368731123718205 0.47543203501346787 2.035704600025643
138 1380 0 0 0 1.261993947230597 2.3668913055530485 0.4988577059291588 0.05396615023223044 0.5836681373816052 0.3757837858106869 0.329256437461755 0.4711384561282972 1.9791363371072743
139 1390 0 0 0 1.2752710748165277 2.3608606085477817 0.5320706735163054 0.05391072100689158 0.6567781397936778 0.3617040121070738 0.33652757961726926 0.4725182566384998 2.0103337275063944
140 1400 0 0 0 1.2823159762309648 2.3652014517701443 0.5467776632954544 0.05359332299779905 0.6767119793001238 0.36875349098108395 0.3166611728381426 0.4655543469581204 1.9943722372457808
141 1410 0 0 0 1.2682230220587036 2.3722627798072207 0.5184758332230479 0.0528974174571265 0.6769122491587259 0.32554857710866153 0.31628903478267406 0.4659480283524955 2.0764265134476134
142 1420 0 0 0 1.2665998190298284 2.381124600248578 0.5025757583933887 0.05340474568143641 0.6904727068477287 0.3112630631698544 0.3186286718157088 0.47323351157282556 2.1082781196044778
143 1430 0 0 0 1.289047716221039 2.4397508813655735 0.47634253935510507 0.052420606124368066 0.6598327507695029 0.32715386003939734 0.3123928806335999 0.46707535736354194 2.1475711617582367
144 1440 0 0 0 1.2911531388384 2.474120165307693 0.45974767387349125 0.052822516544385176 0.6708955529587174 0.2872071902895328 0.3259844351071606 0.4868004598839018 2.1176311596542314
145 1450 0 0 0 1.286396172892737 2.53200637394246 0.4739357410346128 0.05302227234781249 0.6894017463554378 0.28675587366075017 0.31082708126378367 0.4917290329460689 2.156385092566482
146 1460 0 0 0 1.2839320951684232 2.5088475613848362 0.47023584044165256 0.05308645563815532 0.6464413053979876 0.2823954028336134 0.29285699752454264 0.49545276520875764 2.0996357748822994
147 1470 0 0 0 1.2901917523179343 2.5449980304682285 0.45523924409939903 0.05327635425004674 0.6778732349527355 0.251251843333534 0.2991667867557025 0.4988196904015338 2.147399522328822
148 1480 0 0 0 1.2796822605781508 2.5629883136153793 0.41104382244582793 0.052166644358258164 0.6871002934920172 0.19872700881363378 0.3011164206673393 0.4989549694037414 2.186381225898193
149 1490 0 0 0 1.2803759989689394 2.5710292479804258 0.39782487406783185 0.05238026601876956 0.7131727172978113 0.1894292228141438 0.28947751569443086 0.511537676394713 2.2201708223114913
150 1500 0 0 0 1.2833127545334941 2.6294747677600556 0.40686023123156667 0.052417573545209636 0.6775174803945319 0.19090076709303788 0.3075770645695178 0.5069695717061058 2.227397605990291
151 1510 0 0 0 1.2890531378501853 2.6736304713972254 0.35905886869725395 0.05282212649144853 0.6405588661615245 0.20706124762295539 0.30817716620776514 0.5103863364940281 2.253878460545139
152 1520 0 0 0 1.289454707491774 2.7322322747394607 0.3267968967766127 0.053064384419695645 0.6234511023099143 0.23446940961675408 0.329060866725954 0.519337506044658 2.2584873270561556
153 1530 0 0 0 1.2903431804923213 2.7638755888058926 0.36743127811897114 0.05311035011510679 0.6550889258382485 0.20845310461367825 0.330836453268903 0.5241768299577189 2.233764438782212
154 1540 0 0 0 1.2917348187272208 2.776926408334249 0.3609717570165007 0.05302567326041987 0.6757865188701035 0.1930221180399641 0.3356150490502173 0.5343710953373081 2.2098480166220407
155 1550 0 0 0 1.2932727352320943 2.7416877042999817 0.3659339673364092 0.052390578109202654 0.653183489284076 0.20786943934618377 0.35506687186475716 0.5391372510318106 2.099768805280996
156 1560 0 0 0 1.2919148345962435 2.7509931540923183 0.3754922145281115 0.052516882436468265 0.6293791806080252 0.19293943498317345 0.34337624201554845 0.5355462319058485 2.1512102317050714
157 1570 0 0 0 1.2913368581080158 2.7245637321690186 0.37134043204088735 0.052858938617715866 0.6728550097262681 0.17555870375843755 0.3237045308352108 0.5445637597975488 2.1849190019572564
158 1580 0 0 0 1.3056535309370252 2.734427256260046 0.38340362259614313 0.05228233486781127 0.6943988321449335 0.15954568255404727 0.3155700129279896 0.5403789091087106 2.1650739249399655
159 1590 0 0 0 1.2931940581235248 2.6966826652333062 0.41762096262476245 0.0519123362880085 0.7126449142951368 0.12596515252200158 0.33002828829141495 0.5424678021951026 2.0466954672832194
160 1600 0 0 0 1.2883369301406045 2.7317184129413286 0.42228590560076285 0.05198892734353345 0.7545593611013668 0.07409439693518874 0.30603803154116993 0.5494845212052343 2.093760845219203
161 1610 0 0 0 1.2734459818761736 2.735488715721708 0.4420522156401828 0.052280988198200345 0.7931169060567487 0.030045022917043113 0.3026841827695047 0.5629614287518454 2.0677125232006026
162 1620 0 0 0 1.279913919116357 2.730599330948687 0.4393603457360038 0.05182513802994313 0.7894631883874432 -0.006952132906015554 0.2772827018927658 0.5614409978885367 2.036269381340702
163 1630 0 0 0 1.2668548020045967 2.7510292900565605 0.41323321240588035 0.05264090178178644 0.7623607509949206 0.013924594823692356 0.2772014140756079 0.5715223343412313 2.02643805292602
164 1640 0 0 0 1.2711552211216308 2.802064021186783 0.3583246430463366 0.05265126886508917 0.7612347478790034 0.003999732161458967 0.2500141442307313 0.5771612569371299 2.0688688579519
165 1650 0 0 0 1.2783511047134366 2.7263184190999508 0.31763611904938716 0.05313512879078644 0.690745151940203 0.08362055632570599 0.2509602023900775 0.5583191222731451 2.1446968563446154
166 1660 0 0 0 1.2736997766646851 2.6814648778288523 0.3521775987353614 0.05252243879519177 0.7496574811828632 0.03647837610117241 0.2628203735669254 0.570066695120917 2.0346035576934804
167 1670 0 0 0 1.2924810631638355 2.669438450869472 0.3693679112483689 0.05277174815707251 0.7136821908159053 0.10208163590562194 0.2804387656835138 0.5566930562815515 2.0397661047953948
168 1680 0 0 0 1.2890260396890305 2.6851007527854986 0.3924173837053154 0.052857242543175746 0.7824041915887064 0.055177803792352195 0.2724038654075225 0.5689729078668954 1.9863401323321008
169 1690 0 0 0 1.297089155407529 2.6839806364364 0.4048927393298848 0.05297339004802849 0.7722889033449791 0.049214424669008626 0.2568396713298749 0.5668018849733859 1.9755280496394627
170 1700 0 0 0 1.3063488647433532 2.688623805037853 0.43540176608925285 0.052753035309438555 0.821665273716322 0.020646396525270148 0.25250199134062157 0.5736426188889393 1.9343273604929196
171 1710 0 0 0 1.2960822363798776 2.7123991368483176 0.4203713383862676 0.0523836389949821 0.8511342738987487 0.008409032349014233 0.24488849781770133 0.5755899441170164 2.017907790213615
172 1720 0 0 0 1.2970369108308089 2.744084807599193 0.39807334906522474 0.052898532699570726 0.8261958155992869 0.02421277586647439 0.2244289648910929 0.5727996994590306 2.0793619416460762
173 1730 0 0 0 1.2897032691226875 2.7082235771130097 0.3982052926956843 0.05298021138171661 0.8368014875316947 0.02416312803350551 0.24189542837701838 0.5731960334255105 2.0742739358947335
174 1740 0 0 0 1.3020941232392866 2.723871843657605 0.36153407710107166 0.053150380557996556 0.8218338115129298 0.01545646434882721 0.2280543794868357 0.5740761806484299 2.099882425354415
175 1750 0 0 0 1.3112353703705624 2.6973494725422142 0.34249001812558516 0.0532213107731132 0.7942474228976176 0.014006412003690374 0.21634862885313288 0.5704924824284864 2.065392961974512
176 1760 0 0 0 1.3127283589302097 2.7162367820874267 0.36798195909092457 0.05317796946353719 0.8041092086947752 0.027713776524197552 0.22135665009869948 0.5723380364223785 2.030475358147501
177 1770 0 0 0 1.315593653972049 2.745182401492475 0.3631460475165936 0.05303182598867718 0.8404074636214881 0.005574566920912138 0.21080319647593246 0.5700501927722356 2.0500442831336954
178 1780 0 0 0 1.3180531182898279 2.7082161389357786 0.36162330117849073 0.052968751509705855 0.850694817693055 0.008480639859256914 0.21807830417070195 0.5724949753232109 2.0190857717460453
179 1790 0 0 0 1.3311541906567084 2.6983082422427658 0.361803313453714 0.052836575002088756 0.8559463484450179 0.005347975132860225 0.2142802941880614 0.5684674490547821 2.0040301425904254
180 1800 0 0 0 1.322812125052824 2.6892508723162063 0.3728441424019712 0.05281905739346877 0.8610535055659924 -0.0059277260426339 0.22228169779169804 0.5679266209788597 2.0060494740775483
181 1810 0 0 0 1.3384960857343815 2.7325406944429624 0.37886156182728437 0.05313456821064885 0.8576147008742024 0.0015022600467322648 0.2078536702036199 0.56787912692437 2.031944244316902
182 1820 0 0 0 1.333429328396912 2.7162889295783743 0.35382733501071095 0.05294001781547399 0.8456966972868041 0.0009938925149265312 0.20902632788565176 0.569225808217049 2.0231101705962033
183 1830 0 0 0 1.3346932256173716 2.730967729174681 0.35478021381090474 0.052950685491792014 0.8504948251254218 0.007233094911441262 0.20851274556172644 0.5667254238043483 2.0298859868967045
184 1840 0 0 0 1.33014067438663 2.7246884647956575 0.36434705959486635 0.05292596981389467 0.8644887935222405 -0.0001221165243179504 0.21458453811253528 0.5695934234410055 2.054097627253512
185 1850 0 0 0 1.3294794054422407 2.759335715766641 0.3461652745564139 0.052971580008942296 0.8696160245126654 -0.0038787372830938792 0.21206561884218358 0.5752439796573371 2.0725949858278763
186 1860 0 0 0 1.3218180874539207 2.768192709560696 0.3358233109880748 0.05309679149119091 0.8696110210069962 -0.0011766229724538483 0.21486787700788917 0.5714653087202084 2.1095867143663387
187 1870 0 0 0 1.3195017556976754 2.778827851764999 0.32649280366159356 0.05304956058233973 0.8754993830672838 -0.004269110996913585 0.2169682430443495 0.5738668182968996 2.1305587517108933
188 1880 0 0 0 1.3175554493291255 2.7895229650862334 0.3247909975143336 0.05305777781525988 0.8803447345861894 -0.006570358183266962 0.2206937485132317 0.57529549678899 2.1240278057251394
189 1890 0 0 0 1.305724041898085 2.8033755823479347 0.3317588821923117 0.05290781249278785 0.8777346149024912 -0.004749733408522613 0.2235701475749697 0.577499048954172 2.1417339696103754
190 1900 0 0 0 1.3056005225721834 2.8176546101170743 0.33268452723967845 0.05301947154457819 0.8739622968424877 -0.009315398425599457 0.221510922539016 0.577485156594995 2.139323370247793
191 1910 0 0 0 1.3245704681087933 2.8123566187294147 0.3426263935948327 0.05300218238698502 0.8764546538552325 -0.013358027580499554 0.20662781086166093 0.5731406375685033 2.122038610089289
192 1920 0 0 0 1.3261373577371232 2.8202577993608977 0.35849363910568505 0.05305833739865747 0.8816409570538389 -0.013339820260130053 0.21295393982506883 0.5694324251729441 2.118282618510833
193 1930 0 0 0 1.328272352181205 2.8164406677155767 0.3622072054803858 0.053031051548939265 0.8849415585103516 -0.0006353210761494664 0.21436843275522077 0.5723097666311903 2.1097021060440606
194 1940 0 0 0 1.3395026666695107 2.8189871630898713 0.37306222298914576 0.05294787951796992 0.8763139142618911 0.003952224908347936 0.21702807729470022 0.5718883845755894 2.07027407713453
195 1950 0 0 0 1.3418320428942527 2.8206712127103684 0.3660442717688304 0.05300442823515876 0.8838753750111853 0.0010729618185469467 0.21615822456401854 0.5719098730202832 2.0735089625840057
196 1960 0 0 0 1.3486150432993604 2.828133699929781 0.3590217386954605 0.05297766753369293 0.8844950367695845 0.00012098377963055485 0.20685070169403913 0.5718623182620463 2.065704421916715
197 1970 0 0 0 1.3582514401400307 2.8179440795498127 0.37143828163903914 0.053040185960882925 0.8905460728697453 0.00016453508031808107 0.2032624039175661 0.5703453816370073 2.055277401391275
198 1980 0 0 0 1.367030616062001 2.8181525376141976 0.375748448424087 0.053204005624165135 0.8996449465503378 0.0011926646173756334 0.19701669624348944 0.5713033890349036 2.04350626814161
199 1990 0 0 0 1.3793656238113001 2.8469381167733663 0.3721042574091053 0.0533784325937657 0.9088346721495333 -0.0023304752252560164 0.17986285331965496 0.571350778134014 2.0537559536923697
200 2000 0 0 0 1.3746872293738752 2.8240913836824313 0.37145454883086765 0.05336264962570231 0.8887923996593995 0.002593746598590258 0.18800099040483942 0.5714807614593097 2.039734464756319
