% # columns="iter, evals, sigma, 0, fitness, xbest" seed=135388, Tue Feb 21 18:30:07 2023, <python>{}</python>
1 10 0.0988461037731132 0 -825.0943660887276 0.32991200061329357 0.7740656315941447 0.40273085830070887 -0.06131122214135287 0.47630204405449805 0.7896099638395859 0.4942317454650855 0.8046492040099749 0.7506032073654594
2 20 0.09889970635153447 0 -1591.7545888332813 0.49540300794167075 0.8365609555401445 0.5336702483749862 0.01728416738080886 0.6665215200001204 0.8286319108176801 0.7060619015293735 0.8377073328601593 0.47592955764499884
3 30 0.10401525241299252 0 -84.13367559921166 0.4904720677586045 0.9408129653087199 0.5833610129441199 -0.006297135691565925 0.4653227431776862 0.7913581441082218 0.5048107366426557 0.6609643936093261 0.7291910217656793
4 40 0.107279916330677 0 6.475671773504219 0.4894643883994205 0.8245944235227982 0.5788299715043975 0.032403077355361555 0.6612196944988971 0.9279818415494568 0.45972486937345225 0.6833140526866708 0.81248554042729
5 50 0.10600544863161751 0 -13.15367942339665 0.6863297938929646 0.9369922579107515 0.6059220361083982 -0.01804405665010375 0.5867743437458893 0.8529123345426933 0.5748410905869346 0.7095351184974341 0.69149464081876
6 60 0.1048971004891233 0 1.6290879123741848 0.8014956692756487 0.8753106786555682 0.49280655914149274 -0.031170782183503932 0.5984573932470472 0.9960843071649876 0.5394580203994794 0.7624916281532663 0.6999810225867052
7 70 0.11805230457093238 0 -7.589093691927041 0.8003272453353261 0.9707199857731555 0.3873692567571693 0.0186588374486093 0.42722369344677535 1.043189087128913 0.48932873689502626 0.6205036621079507 0.8205545882761934
8 80 0.12152361849625583 0 0.6347010905198189 0.8332469568878288 0.9954505511514352 0.42553351328895933 0.012813562274234885 0.4260645460042749 1.0794524483060628 0.6711892784962283 0.7889672035034908 0.6570071812051201
9 90 0.12950060693571128 0 -4.618947013424955 0.9997652797467327 1.0868743532408862 0.3388334174438631 -0.05339374593134867 0.5015244809173451 1.1382448745261546 0.6435872962548449 0.7171519092866432 0.9898346342637008
10 100 0.13704927017212237 0 -4.418393776146345 1.014378405890985 1.0942656395815946 0.406766400516083 -0.03772504205452003 0.31374493628114336 1.1200332916731355 0.8376960069183925 0.8884383158231031 0.8128487322597244
11 110 0.13198341528948895 0 0.04826532505585593 0.8603706848247763 0.8969424101426579 0.2925268175411887 0.07402976706333206 0.33862615201315693 0.989383677568593 0.7046873308475476 0.8090750376333712 0.7911239917026314
12 120 0.13230596969550398 0 0.06769605494573998 1.0028241389959829 1.0828991414503897 0.32656440126798975 -0.03214572736614282 0.36366644284707794 1.0482775186172928 0.7147331235655494 0.7233326953563074 1.2402276627005304
13 130 0.13686091321328547 0 0.11581893232005264 1.0282602711182411 1.1558406778989192 0.41067013399227814 -0.024650779674395527 0.1542761964153635 1.0438824616725382 0.5298841570526447 0.720831466155521 1.0223724331835768
14 140 0.12781161331410612 0 -0.3242787631763703 1.1378265023766447 1.158092997017524 0.4448702049113132 0.030953850187957408 0.13430498447354458 1.159877244147955 0.5186335168785501 0.6637259406159118 0.9212744873572115
15 150 0.11906129772744045 0 0.14023873221194316 0.9020437941711182 1.1458555555210754 0.36381757825312067 -0.022741527433840947 0.25620105207666033 0.8172754071362467 0.5060858117183682 0.7687723342110313 1.1233316616536442
16 160 0.1162008979706184 0 0.09144870921691392 0.8738079468188944 1.2245933230569244 0.2603922419830499 0.04563562191999663 0.25560036321294666 0.8829358693440835 0.46857807348776964 0.8710508676767935 0.8496992937593066
17 170 0.1220125089286911 0 0.14659394392396566 0.7228943756336325 1.1422175921568782 0.4053334618854562 -0.005772012745481725 0.2853652386407245 0.5374004029523236 0.4603765262592284 0.8666341714672086 0.8778015484217501
18 180 0.12190156900747573 0 0.05881159424741919 1.085270270298201 1.4108372415403836 0.32509179829546736 0.01921989032985144 0.045568382533336615 0.7327836604583061 0.5531786644120049 0.8525716796811651 1.0534248249150338
19 190 0.12026025847602809 0 0.13344820146163514 1.0261555788019003 1.3431393772645623 0.4876837319847771 -0.011504748725398167 0.025312588562943217 0.7363414096692497 0.7043009026741489 0.7249040474835371 0.9526942697167414
20 200 0.12711268980976426 0 0.08389639248428651 1.0491025206559894 1.450248799063555 0.39695175895290574 0.09561377795293419 0.04403478139992711 0.7526096393803863 0.5808901962496815 0.4906218032454088 1.0519649524376107
21 210 0.1228079507114619 0 0.019788753650870718 1.137012364090062 1.5090946902366071 0.28802690873012227 -0.06861832167858509 0.08714036149942236 0.6384938378057669 0.7669043173229766 0.4958886003929871 1.2327508672745244
22 220 0.12990949611204808 0 0.04668295368620585 1.0512671806835574 1.7214792226839184 0.4404435774086577 -0.04234502169478537 0.02324549860706157 0.57689828092103 0.726544753803554 0.5120909023818668 1.3005991622871653
23 230 0.13524041325660258 0 0.032282282821926044 1.0839017690397232 1.403894731843621 0.5775719084317219 -0.05393085045603345 0.26976703193918256 0.9290130113644489 0.5216469969299679 0.5719402110129358 1.2505854089784392
24 240 0.13942568456308246 0 -12.619826920194525 1.128071745030406 1.6274443781577344 0.3914399953127268 -0.06809865728589291 0.10375230993173037 0.8269188003624447 0.44548736406428324 0.4809038892171692 1.4493328734917823
25 250 0.13973704547867966 0 0.0797801376028525 1.2113992849542041 1.7233908888844296 0.47430169238186765 -0.10570923532430693 0.14886766785882283 0.9539351050775848 0.5694575763246607 0.5704633243749191 1.483513392401668
26 260 0.14094056539847524 0 0.059558667346730806 1.2644985151257986 1.593276442480069 0.41630203304857794 0.036875892310065564 0.2687038970020582 0.857161698160675 0.8024006359224409 0.4834987603144053 1.5572631649814832
27 270 0.13812141395932537 0 -118.65343165065701 1.1804730549949576 1.4773926345471713 0.3970954846014791 0.05992065638733625 0.030300042812041322 0.9419927848899375 0.4432146455204771 0.4704681895804545 1.1412378118284736
28 280 0.12962079540238589 0 -204.1747364229407 1.2967381016442592 1.7620303022406891 0.5800889455619802 -0.05044389505289144 0.07974108528914745 0.9365733529723301 0.6669985834111406 0.30328092017461916 1.6888255949422621
29 290 0.12655794267105092 0 -2.0807242201202927 1.2952969906197995 1.7720350189351917 0.4789917912259288 0.06731284565845824 0.24220880092898778 1.0270111458329645 0.4813117200398276 0.5736205187923762 1.5672473623198973
30 300 0.12755507117356354 0 0.004717944623752635 1.223593119759654 1.885499591015204 0.4076674821662827 -0.044691071565998226 0.2605142905728756 0.9321601728903726 0.6097462406096343 0.36892378231430334 1.5688867915111466
31 310 0.13108707994695262 0 -53.33328628384693 1.2330998360680525 1.895327809645148 0.5637818476660803 0.06444371539125306 0.24306255809510882 0.997057073620384 0.6356939553961019 0.5890459951051237 1.419700460099801
32 320 0.11953014801012976 0 -157.08951836949242 1.197004621943659 1.8078539826182072 0.6545122762237218 0.045030777791250795 0.22421676303448831 1.0223903905776386 0.7266570303687927 0.314943089450448 1.6011081349774428
33 330 0.11457782735907293 0 -0.00844975588812172 1.2038678908557598 1.8082980271937161 0.5266237648479191 0.06931020452854768 0.31193080140464424 0.964215033330679 0.5139491984021632 0.619353419533045 1.7511161993719835
34 340 0.11826445955297368 0 0.037868841634930595 1.1867705556901664 1.7583006329977067 0.4439770221369597 0.09784505387532134 0.2645177123120666 1.0055575189398176 0.45629291512016357 0.5188407617971468 1.798158501820916
35 350 0.11781231353398502 0 -2.0134009493237902e-05 1.3417229496405128 2.164376133083417 0.32002538103591066 0.07981401150172197 0.18105074684689793 1.0191422295835975 0.4550907166239425 0.5791428674937583 1.9108136425112485
36 360 0.1241617999760439 0 0.0037555273308517226 1.1421512144322425 2.260595868763389 0.49567672500947185 0.06703261732268675 0.19120075856043683 0.8333663903813185 0.4867192069516514 0.36127045294068416 1.9475527595844668
37 370 0.11978146447038114 0 -10.70704969050956 1.3157169205099133 2.1374846311390567 0.5115463778774321 -0.06024666171866134 0.06985577331863453 0.9474198676858036 0.6015431246418651 0.3694129020055109 2.007116680861584
38 380 0.11406420281604843 0 0.024162161237517167 1.1761168934479806 2.1232130501525215 0.4035713347115045 0.04498790375384974 0.03464427054875441 0.878411050270256 0.6430347450280639 0.4653148786190787 1.8717419296219224
39 390 0.11198951116797709 0 0.02205020765558694 1.2874025297180982 2.309378680233085 0.42442089416010537 0.07425310335781776 -0.037368050393116324 0.8544524128669377 0.5346922775615314 0.4623558974658839 2.035485322981872
40 400 0.11946545247152152 0 0.006309907108775693 1.324840809222003 2.1851935259314303 0.39943199877754165 0.07416442019362178 0.1998204408310823 1.1409291460702329 0.49476497014380366 0.5205583124461022 2.24687570948847
41 410 0.11490577433827905 0 -7.831134375670669 1.2076331551405433 2.3045922128111087 0.4006257462794909 0.06632421102278281 0.016836943572407295 0.8190084334235399 0.41180704527072354 0.41982638993183075 2.1601240643833797
42 420 0.10922841153027588 0 0.0043605174534130375 1.3008880676549337 2.2167810546296747 0.42190333251956896 0.05831048418401994 0.08702367529075486 0.8937669543973951 0.44215476802692005 0.5183060587440963 1.9093075468475207
43 430 0.09688882144207434 0 0.03594233823639305 1.4380394877097258 2.448420368177757 0.3466611439753528 0.08429268247503152 0.08082657957408611 1.0245311791298464 0.4569524342494354 0.45409592962411643 2.194433255171152
44 440 0.08360731633476264 0 0.001977591944002585 1.2621133204098853 2.079948854566746 0.32673765220471473 0.06581917868765266 0.12566239339915444 0.873591436431752 0.5100137518089743 0.5028569069461304 2.0098938291727446
45 450 0.07936202318352828 0 -0.036889378701839975 1.2653995740351411 2.1349251988774935 0.36526973298929133 0.05426034811627175 0.027806374291851732 0.8864723476354135 0.42278168086616397 0.5430042162491003 2.037659774932711
46 460 0.0741357721752613 0 -2.1729033697728815 1.3521989233150211 2.2079330768372976 0.2199717600351507 0.07048650251069515 0.1145169746406218 0.9847158974824805 0.45929703872815364 0.5104044886539726 2.100993408916597
47 470 0.0715022928848256 0 0.006834007713215878 1.3797665595729802 2.4351041789365175 0.3717244728202923 0.06196136602317312 0.0434172283493864 1.025832356926096 0.270221145605966 0.4882203906248366 2.2881255228119155
48 480 0.07063634082332788 0 0.01469547632052115 1.3285368016821828 2.4300461739832007 0.43304615071416097 0.05654539265169453 0.0657572431824145 0.9572305919302249 0.273200384849865 0.5232719654196964 2.1890144427361458
49 490 0.0697417542893644 0 0.014262913429451025 1.3457891528583061 2.401148164168034 0.31588563128698455 0.054838978081855075 0.007100850691520323 0.9832943750776877 0.2564239793637661 0.4646575594393925 2.2757329126154398
50 500 0.06773452537096553 0 0.04580008350436626 1.3952250020939068 2.4628049122437434 0.34167845293308896 0.04789450568153972 -0.02487654017948268 1.0472923131697027 0.3530307658530424 0.4553853285067286 2.3706209188431404
51 510 0.0744461700067273 0 0.034513022196500626 1.3566021211618453 2.2736858896463135 0.29515236426536967 0.07183344597362282 -0.009036678296108734 1.0386252687979725 0.3111364011701948 0.5221606499178485 2.432449807591194
52 520 0.07568908715933648 0 -3.457717502392141e-05 1.2939916525721553 2.4786904910879666 0.21806533146025242 0.06095716423422979 -0.008292490532253723 1.0074424641107644 0.2730931444804256 0.5331551264703588 2.3572046171504732
53 530 0.0807992058849676 0 0.000702445916081533 1.3145191282691737 2.3489485387354554 0.10745166558025307 0.06206634903513891 -0.014298285695164371 0.966190611064359 0.43513758519949586 0.5068443560437004 2.377141422137271
54 540 0.08126981244003466 0 0.05173286571024051 1.3691553960378076 2.5662186151633297 0.20775630920995014 0.0888056735470556 0.03993991854596682 1.115958156167689 0.25327233506871155 0.5859173949224111 2.5141363081184043
55 550 0.08735180273222432 0 0.0050722510369435175 1.31152411499822 2.6229582415276034 0.32472222996689015 0.060090937558434074 -0.05822497279759834 0.9806909955414275 0.404983549174626 0.5261058321725747 2.4906114454746624
56 560 0.08498946267985943 0 0.005262543801829035 1.346123509603412 2.4623818112867855 0.24758687773392052 0.06550491519482968 -0.0229313454307969 1.068845381305095 0.4885855782118202 0.5220836839707423 2.4118562614947954
57 570 0.08050299586210177 0 0.003365561676072798 1.3243188956629202 2.5541185924184497 0.3375123808665098 0.06243033942685182 -0.037304155097747344 1.0011349817058866 0.459332227870403 0.4663970865842682 2.369501560430946
58 580 0.07969631958801178 0 0.0025110658066039016 1.396514362435607 2.409291152679654 0.3549660608248963 0.06917544904778718 0.014490627560439564 1.0952651009455863 0.5017464263386615 0.47928323308507775 2.3478026908864207
59 590 0.07979398546200832 0 0.0005862308014479983 1.3897368307028213 2.379691982224098 0.4080095697147449 0.05711327056681656 -0.013057944794429613 1.0632108719065787 0.5419880067259734 0.4035354750880772 2.294543110798986
60 600 0.08172050685590398 0 0.0008814872997417664 1.4420053516123092 2.399433341091358 0.36860680234068205 0.05756538214736426 0.005153473602557444 1.0863677951735886 0.5327841830486213 0.4046333980028372 2.2887914013161144
61 610 0.07625605705407314 0 -0.001400808267855768 1.4711383050841513 2.389345606794228 0.3996006400397321 0.056961001545571564 -0.007667364591927621 1.04349099452803 0.512569756567798 0.37943255881445176 2.25187040035673
62 620 0.07103350176743768 0 -5.8543927128086595e-05 1.347472261886404 2.4698517638570223 0.3839983154436155 0.061637352118467714 -0.004747508163701191 0.9770598947594628 0.3899581398153498 0.47923457477250814 2.20835202139664
63 630 0.06421759484672886 0 0.004584825033822057 1.3706257310851608 2.3652256158139218 0.3912095971901981 0.05313312881139744 0.006095120240121276 0.9913431970904705 0.41862690892735516 0.4110440745398298 2.2058108275652826
64 640 0.06259028571328136 0 0.0022220724164417963 1.4289242359228573 2.4678294252959097 0.5589179711838327 0.05270391177416183 0.018567938682404736 0.9928843741104021 0.47514184011675126 0.32842720270905656 2.1169181586082058
65 650 0.0647581578329154 0 -0.0004480194092153041 1.374331393403908 2.4534043169322537 0.43712872866769 0.0552589664564516 0.06851369882196899 0.93026909709007 0.4225997612193424 0.36915771467830094 2.171931862154985
66 660 0.06333852036631776 0 -8.364363098591276e-05 1.4210893308297128 2.493557911165824 0.4844335483762324 0.055783524685973626 0.08106816473209436 0.9798697405024636 0.43700667294584294 0.34037265443023645 2.1249342646476888
67 670 0.05827819527933613 0 0.003447448515044936 1.3261584250068275 2.3967913838554415 0.4751334494060946 0.05644468252579675 0.03502667346734917 0.9619094024254787 0.4133467540331449 0.3968450920619063 2.104743136758855
68 680 0.0524462073532134 0 0.0024034876722328555 1.3664803992343986 2.399444702523067 0.4665982349409731 0.06102253761085966 0.008700001153400562 0.9669288326049867 0.3448828654550711 0.38694046847611374 2.1586371040390144
69 690 0.05002536668278893 0 0.0025723361346929874 1.4108929579610967 2.3827797587140322 0.5093821833376454 0.0581442104273899 0.05692878378429565 0.9902424932026594 0.43851202938564887 0.3348905530224265 2.1056565561834817
70 700 0.05286296050975181 0 0.0038928642040324535 1.4206562137141443 2.3371316443175223 0.4861945384453235 0.059138167273466075 -0.009033416170224202 1.0520434411720765 0.38580395836625464 0.4450024039170696 2.145720680376121
71 710 0.05830855680171613 0 0.0012136857161399728 1.4000382371971896 2.382938272219192 0.6337014330134267 0.058416037968399524 0.027094899501009923 1.0165012599277767 0.3691812088623617 0.3649459735275979 2.0455225093236287
72 720 0.06253816477531535 0 0.002861554113911355 1.379826201288015 2.3601602911145974 0.5486461927708802 0.0653403964449428 0.0814297263449387 1.004645406143661 0.2942468187456686 0.45380054731213454 2.05909364732603
73 730 0.06582891182771945 0 0.0030151780939033507 1.3598110709564657 2.2762552175125563 0.6435803627247806 0.05736894971492709 0.11660538126027419 0.9532212917587787 0.3736279453444451 0.4295023527894758 1.9194686498270768
74 740 0.06496966441457365 0 0.002684937182046654 1.3833486528510892 2.274471625135738 0.5451116802533061 0.06320467064633449 0.07323851221146019 1.054587929344081 0.41941389662862383 0.4155307943135433 1.9792855300253152
75 750 0.06012976581158493 0 -0.0002973363723706233 1.371668002005879 2.2663998031934156 0.5566253304827954 0.05758653054397131 0.15184066914389754 1.0189817748359211 0.4950186194039191 0.3677082565176495 1.986623505570575
76 760 0.055796017985262174 0 0.0018957903103968832 1.3449870091760263 2.2725288454081505 0.5605381365608363 0.055864143707957274 0.15166964564729268 0.9568147094425485 0.47579946673866513 0.38405550339141653 2.0085544466336507
77 770 0.053735899857103725 0 0.002682441640371132 1.3993324939266547 2.305906255999128 0.6079028604852806 0.059139071728381024 0.09826538737112585 0.9887551824560894 0.4617797594715094 0.3733653895626124 1.955791703715397
78 780 0.05812772703183379 0 0.003028485441182241 1.3880117102789116 2.258370920725658 0.6813363742024661 0.05905588860923279 0.206803576053546 0.9488335369789931 0.48842884522640057 0.36995308136862776 1.970073645289709
79 790 0.05787459106969535 0 0.0018780484162242428 1.3294948140640421 2.216049397998886 0.6524134583084074 0.057225762905616144 0.15711552803102272 0.9620979259329936 0.45063164737036393 0.3804828227369091 1.9082869195617582
80 800 0.05840684764345236 0 0.0016941116813053575 1.2957554633157682 2.1568340765390093 0.6153148084141724 0.06044687307244193 0.2093366645386844 0.9499511159957098 0.49773297340422357 0.4320864339757142 1.839966304083218
81 810 0.059996040527391 0 0.0025423620995111904 1.3629742778493006 2.234746536524356 0.5794113718816731 0.05511118073977633 0.26095113806451625 0.9620193228632036 0.5110559631924518 0.35343385616311185 1.8011749427119763
82 820 0.06234136641054074 0 0.0029227158481737806 1.41508512043767 2.4023505234378826 0.5719063893403298 0.059686897836240475 0.18227114878843334 1.0280453115815216 0.46609623322837757 0.408883606160782 1.935601279887061
83 830 0.06536632538455509 0 0.0033894310112327214 1.4048202504414773 2.335687498973192 0.6558286394840247 0.05533357342737896 0.1557489572301503 1.0637944262136725 0.5366178998816711 0.3196710463397311 1.859643312579228
84 840 0.06969920075705757 0 0.002840694294034711 1.3649339807648717 2.478525970041538 0.5654154447428489 0.0563141718383408 0.23626485003251468 0.9606597279695144 0.48894574937514174 0.3370928603378828 1.9734739620735868
85 850 0.06777109961263429 0 0.0019003141599294796 1.3398772277914095 2.406482712519787 0.6169266780484697 0.05557732330957005 0.1652881086662622 0.9331064650647791 0.5101568850014965 0.35792901340742234 1.987399435306533
86 860 0.06647109307879707 0 0.0028232147061658455 1.3302741722174736 2.441908893379915 0.6219762433169979 0.059453960685626604 0.17056547849519582 0.9412204028616434 0.4475085073951251 0.41589932058215584 1.9842614287364895
87 870 0.07381606510850461 0 0.0026167636260035973 1.3111557041588364 2.533342658509139 0.6638655605583292 0.06028671082565132 0.3235440240052653 0.8750545457843837 0.4674723951624813 0.4602297074351917 1.974403556562486
88 880 0.0714475510955226 0 0.0019074862460349076 1.29964796908797 2.3690777269162027 0.6243193577281217 0.05489209658071786 0.2279097945397516 0.8375893270880337 0.526891925878444 0.4095171837674391 1.8801673447073906
89 890 0.0721565124499672 0 0.0024276497701365 1.290525706677909 2.4706887747116713 0.6259074489849199 0.05469161703960451 0.20998846783039277 0.8860199893271972 0.48345444851147107 0.35508682437766736 2.036562265598084
90 900 0.0702915788663975 0 0.0037421569328912746 1.2556214872126195 2.4756953948237994 0.6607283942984218 0.058954968695551814 0.22618888899091558 0.8767502003644904 0.4281854967383074 0.4185280127207985 2.044379651063737
91 910 0.07838692381440242 0 0.002470139084814464 1.3150467156228638 2.591967891188954 0.6508418108398629 0.05574811096616044 0.36858774031257047 0.8501565590606657 0.4545533237625117 0.3847836303122034 2.1883487904261734
92 920 0.08304466430611955 0 0.004788078628783471 1.2400093675015489 2.476859491437179 0.6145481810525139 0.0578367838615937 0.30147194287422974 0.7994371648109172 0.4264984508396911 0.40543488434537134 2.1849357160906693
93 930 0.0833922454494933 0 0.0041177154810849645 1.3133347817874028 2.348246017443871 0.7231815191804257 0.052165816907610366 0.45256965569185315 0.8309190276185336 0.6069977472030141 0.3981038652946957 1.8977772295823443
94 940 0.08357176621213216 0 0.002864389914384549 1.313651700454343 2.456340043231101 0.6790309986565802 0.057110074918920874 0.4243922808673048 0.9458201551952415 0.5389766426786075 0.39628113117075986 2.1708596685618162
95 950 0.08608195456188701 0 0.00637535682972061 1.384167317436217 2.5136217783518138 0.7189825141063427 0.051952662128354574 0.3495336517103516 0.9464203892672997 0.5049935859277067 0.243178552314749 2.1830929172324987
96 960 0.08533330893652724 0 0.004502376012979044 1.3777114368969832 2.5510835347456124 0.6484384742663122 0.054402816953232576 0.43779961492657193 0.9361639356566374 0.4736599170642399 0.36221528498577704 2.153414574200049
97 970 0.08502411807405015 0 0.005291087505424785 1.4162894020449999 2.5534950912792134 0.6478276669299187 0.05499620838867767 0.4515365638720245 0.9450336100241025 0.38143278328526153 0.3515327516527188 2.2975254734021315
98 980 0.07544591764513806 0 0.0044077965415663806 1.362343207086456 2.678409431726856 0.6473778334812978 0.05484194643018763 0.43579980477166724 0.8628147726297707 0.44691789870385396 0.370068169937938 2.127431102676596
99 990 0.0701995730305208 0 0.0042855627026890455 1.3693173694417762 2.6159346261833485 0.6597210661481017 0.05488262779233491 0.3956190979811036 0.9060591310024761 0.5167637519336375 0.3573729984256531 2.208730420786107
100 1000 0.06858261110220272 0 0.004364919151821849 1.4001745416664526 2.580442327502114 0.6839662120598137 0.05399688062359741 0.4647008774091716 0.9294914022576753 0.5645888611864903 0.3509176297289847 2.1460449365225336
101 1010 0.06690334832616 0 0.005158221891445554 1.406993581265485 2.4268352578738623 0.7402792397557619 0.05464613172495495 0.4144379703665363 0.9652684649800891 0.6076349671372081 0.35271344511977776 1.854759930760661
102 1020 0.06837735096361815 0 0.004418845219004659 1.360586122320792 2.5085556317704816 0.6396665023499599 0.057286570471412744 0.4276740229445422 0.929229303219577 0.5673076169231682 0.42405029317828646 2.0012982892735387
103 1030 0.07048272390574367 0 0.003949601863911627 1.3042717158939903 2.3750794332306535 0.59886193186528 0.05777799126951187 0.5177722514267356 0.8332653749961819 0.5409051161189625 0.4725695387216928 1.9270413041440366
104 1040 0.06807648704148149 0 0.0039506103885433505 1.2925119914903282 2.46771699908038 0.6731218159911267 0.053676631756680436 0.4657392195475978 0.7962243946872529 0.5799965159460373 0.4137819436020884 1.9385005699761808
105 1050 0.0738508257672163 0 0.003451439934989392 1.2804236880574462 2.2747947309965446 0.583014193725946 0.0535885094951199 0.546993577094543 0.7212023423529266 0.5888863019815079 0.45223008036218776 1.9456834886409755
106 1060 0.07317281751630021 0 0.0035930855435479733 1.3308973441932697 2.392826088989356 0.5983405066273437 0.05473770245187734 0.5623103902339179 0.7987038976439923 0.5703417831926845 0.43970284361181233 2.01390663171588
107 1070 0.07072638351630677 0 0.003204020851179018 1.3739060090511521 2.6565028265880444 0.5018584204245858 0.05805581557342924 0.4354380905364047 0.8409567809512941 0.5458998744456974 0.4340137135479577 2.1664783455683536
108 1080 0.07087388529049028 0 0.00329754732235326 1.371996011296643 2.6784080566427337 0.5366572619200486 0.057493918328093724 0.41843881979546016 0.8184679414956809 0.5266574524291294 0.41657033401820376 2.206564056252287
109 1090 0.07138394311069425 0 0.0017075624062282968 1.3204584680687235 2.6973986052627743 0.4804051957544777 0.055621495294615145 0.43850464583956716 0.7443302268390294 0.4746842599841637 0.4398956043188978 2.1813059544673616
110 1100 0.06707345270991716 0 0.003669770081220332 1.3786666771898164 2.650741835939181 0.5619374479080642 0.056903612322330495 0.4720163953686009 0.7713228090155888 0.48951461867400103 0.44475896378454666 2.06528865799224
111 1110 0.0676452951430452 0 0.0037977324123210157 1.356701265472497 2.6859563528170973 0.4759158271356826 0.05445648754240631 0.4810634128954924 0.7357683493280928 0.48883006266153023 0.4552495894984984 2.1564009717936776
112 1120 0.07091761721874765 0 0.0038378746503403838 1.3397384554253329 2.390985548221832 0.5975905209768231 0.052165000901244714 0.4945378127429685 0.6562779654376055 0.5099630982792083 0.44504432308068337 1.9927512832039807
113 1130 0.06917908934197028 0 0.0035955746098767505 1.294197796375197 2.659405927029363 0.5374090342429965 0.0580108683424991 0.5038339790722175 0.6783325596235297 0.4097946274635131 0.48706235239803214 2.2472472937448793
114 1140 0.07181455370195887 0 0.0031386405056628847 1.3599205769023117 2.6379444631199918 0.5375376760732129 0.0555320410393878 0.5477539849446965 0.6493868022063664 0.33885243756651307 0.42789955900783716 2.2265368719525886
115 1150 0.07478009186239616 0 0.0030456902398523916 1.278243045275429 2.383434426633716 0.6123005933464517 0.0555880366764483 0.5830965925322719 0.6143288222447478 0.4293139268558727 0.4661954423862947 2.0663820078431137
116 1160 0.08237099298455017 0 0.002715545125619563 1.2748308830070951 2.272434009691788 0.6143065784653232 0.053914572035432366 0.6576525998687767 0.5405550325928334 0.40301420086313533 0.47424738803268335 2.035939436834699
117 1170 0.08491578388186381 0 0.003160106545680025 1.2786050844441688 2.307966509195775 0.6490053603292197 0.0562615050948279 0.6937089895080687 0.6274988230261683 0.4082528452387213 0.4644699016935354 2.1036203438386294
118 1180 0.07993253278585219 0 0.002882185951909047 1.3160793211047621 2.3897614552660604 0.539674451842407 0.055696520729950565 0.6266573190216311 0.6318643570640156 0.41169302704392835 0.45631132263700025 2.165504887440054
119 1190 0.0768996101974033 0 0.003422701652801327 1.2408810464788873 2.302241475393734 0.5248143422041963 0.056454629859669876 0.6106164096993769 0.5842799665647208 0.4056727269813947 0.4836348649954083 2.1733893595819493
120 1200 0.07215120023498736 0 0.003323337769029218 1.2512662314036311 2.3417967109517974 0.568920409953491 0.05582125657641079 0.6092421062365246 0.5942488932736354 0.34894411494978034 0.46075939518320796 2.279295781823559
121 1210 0.06474404428741623 0 0.0033088758941502497 1.2469200245382117 2.5171153560646804 0.6309126090193845 0.05417117591631591 0.5928421049691386 0.5621224522570677 0.36537756777798636 0.45267831276069975 2.1952121321592912
122 1220 0.05801641751509136 0 0.0031128683787178674 1.2894654453794574 2.3074085421840054 0.6078264487196953 0.054928505061989714 0.5570733399005323 0.6373906716562479 0.4442357762645031 0.45502062421162726 1.9505685224489222
123 1230 0.056621286745409484 0 0.00303690742926363 1.2874058377815023 2.270039208851161 0.5839772850757174 0.05430025083363177 0.604527396581168 0.6028634247860107 0.40599852584674134 0.4561769234325048 1.9603131628607464
124 1240 0.05516662437186071 0 0.002983818284039569 1.317073575659618 2.431970592598704 0.526184766623134 0.054236725518913884 0.563755083223378 0.6121156399783362 0.4072972130904949 0.4363310599800301 2.1682416222247247
125 1250 0.05258683386905905 0 0.0030147519746886314 1.2661310206595766 2.3376746443265866 0.5719601227218135 0.05524182189236121 0.6063437400126561 0.5533016565083312 0.36721128395481994 0.45918462075069144 2.0785386625820346
126 1260 0.050698359916188734 0 0.002882924923987014 1.299734512585844 2.4916443252749074 0.5333782745588048 0.054389126572406875 0.5386500734617341 0.5742840265062594 0.3916535514489918 0.4438566301211707 2.125851916892465
127 1270 0.054561533402170195 0 0.0028245713460038208 1.301923760491269 2.3895449825223474 0.48904504380212144 0.055384548530735475 0.523103488217106 0.5418666842595825 0.44113947724235175 0.4751970252604153 1.959995715308764
128 1280 0.058418311465251574 0 0.002617610843807912 1.2836038626288835 2.331514849169825 0.45577542197345844 0.05367160270798369 0.4931984922548325 0.5153990476436873 0.45329384958780145 0.46531548554598645 1.9121131077452662
129 1290 0.05223006709601534 0 0.002827560242259032 1.2997814277831723 2.485567815880776 0.49561801401154365 0.05326776691161677 0.5478837782787853 0.5338830890933304 0.35417855096167344 0.44040616136228006 2.214143976073092
130 1300 0.04946435114347169 0 0.0025645879334185093 1.2815516541599827 2.3930681425322913 0.45594759540710794 0.05331491212983708 0.556889150487874 0.4753065238522393 0.40052357438896796 0.4581521480326981 1.965101055524264
131 1310 0.04881426002198146 0 0.002845545455220401 1.296582261631264 2.4074722706525673 0.4944425815550263 0.0527643109275264 0.5840307697743475 0.5086897655843265 0.35942849321883075 0.4333373429213369 2.071876640176392
132 1320 0.054665713037805666 0 0.0027395477862276543 1.295243711838246 2.3732930125306972 0.49838470269250656 0.054034774558778136 0.5601232225137369 0.47400826244196864 0.27287707156776103 0.4254246539546025 2.0914188172119834
133 1330 0.05927503777471964 0 0.002639783284858116 1.2863042721648958 2.3909429079682383 0.5168434956631903 0.05346714895006683 0.6359207131995702 0.4093604919807411 0.294304084123367 0.4359061951687923 2.2067441489576525
134 1340 0.05653742750555272 0 0.002706922526244167 1.3052865946667036 2.409685842159501 0.5567547961432621 0.0547602965573814 0.6069931305664241 0.4890343059059311 0.3258763134099976 0.45276711280737914 2.0331878472065283
135 1350 0.0527972937300046 0 0.002825976144648648 1.2754940915662554 2.376208675703462 0.5185511992522615 0.05552258964657186 0.6523045800731049 0.44515058945311164 0.3331724237710954 0.47603909144492035 2.02836564872829
136 1360 0.0526207672288623 0 0.0025948431656268034 1.252477707502353 2.4197776520593184 0.45258557696371493 0.05422931703879885 0.5729273389292664 0.4125052431665026 0.3217758281726783 0.4756801269621114 2.1082295194953065
137 1370 0.05101335044063958 0 0.0024716043024605658 1.2735696238535161 2.401541308616314 0.4562424833721905 0.05367751779311317 0.5679735334323617 0.3844732889418492 0.33777854619295716 0.4672506863496743 2.0937566099310296
138 1380 0.04770097891550234 0 0.002562773968312379 1.2600465694517764 2.362963900437277 0.47093373469716265 0.05431334392624764 0.5708480157787693 0.3765126956782406 0.3499840090591154 0.4813556557955365 1.9363459674937171
139 1390 0.0498631656078061 0 0.002564501257150638 1.3017223246621492 2.368110957053699 0.5505102746977574 0.05403772905422051 0.6768227672109934 0.3711122188268587 0.32634821003531916 0.45984798237509217 2.062452465265653
140 1400 0.051241230469925216 0 0.002308436582447372 1.2902466147468872 2.316055109001589 0.609661718317499 0.0534004942989183 0.7030730311383159 0.37800038434275324 0.3099629610539188 0.46154931619285144 1.9168211671018294
141 1410 0.050564846854712533 0 0.00244187579723619 1.2542299712730947 2.4522558409529407 0.48394601878149257 0.05294974508650338 0.6947434999133096 0.2953174963116477 0.29995386119152606 0.4724310260009639 2.204116496709454
142 1420 0.049527369722369256 0 0.0025197977122196555 1.2754649522204502 2.4311812275246 0.5118930235724843 0.0531244031833893 0.6747032297254716 0.30306722661870567 0.284867267790538 0.45777582445212334 2.190487258008621
143 1430 0.05146301471953474 0 0.0021627723874385538 1.2969184894310204 2.469352506539508 0.5083209633172125 0.05221227800494488 0.6932233133230982 0.3149182486839613 0.312027987243934 0.46041489440784994 2.1980153707893604
144 1440 0.056994690941722694 0 0.0016584274847758693 1.307835028860397 2.502336922057957 0.45086361055397145 0.05250337614423134 0.6955444641747424 0.24127873170959852 0.2931994982776244 0.49233891897138843 2.079417093088265
145 1450 0.059431041630398786 0 0.0018891520135047857 1.282166825681069 2.5336990320276573 0.49162189407448215 0.05289487973651736 0.7265553669117237 0.2674677574035631 0.2610432466788214 0.4850180034170542 2.2075184476999175
146 1460 0.058939958402412104 0 0.002013163269315686 1.2730692600754223 2.448518647079835 0.46699871596663506 0.05351375434225695 0.6513420042179022 0.3016123278740407 0.34722513977734276 0.5227493608773809 1.98711591016352
147 1470 0.056292549336651704 0 0.03591903825112403 1.282535983505305 2.5693215449233175 0.4347515734718888 0.05326830289830231 0.7504457741672077 0.22957136035056364 0.30026689612869195 0.5066577600432953 2.2449905900627436
148 1480 0.05703775886755808 0 0.0358429778379476 1.2729863745587022 2.6363067728301903 0.41171250975642437 0.05182922941229963 0.6813298095803286 0.19409642602120253 0.2752495519159204 0.4967048491401691 2.2266419653563068
149 1490 0.05594571546036382 0 0.032017492123745536 1.2775163754353511 2.606335190892604 0.39796436888511755 0.05272592598753938 0.7302799186676947 0.18565978140802025 0.26866247584302205 0.50605870340097 2.2907048162327572
150 1500 0.05379083647014668 0 0.032201839886663364 1.288732724149659 2.6804851884406897 0.44293774337081093 0.05244988423668291 0.6806993190290699 0.16618746794126638 0.25204571279472054 0.4859754508959138 2.2995893719586404
151 1510 0.05262784646399372 0 0.02985985568284641 1.2887739696459375 2.6806229637159573 0.31455796267767744 0.05271728180819872 0.6396898671224265 0.15776397567797135 0.2371345850180595 0.4925994144895808 2.347002680519376
152 1520 0.05596514379792713 0 0.02524691316584582 1.2867021657142046 2.7267616324089863 0.33753114649238497 0.05309611504301415 0.6544364949215882 0.24582639858687624 0.35316251048584146 0.5228116801270426 2.2475440004400875
153 1530 0.056854278413059144 0 0.025087237104875412 1.2943925360543738 2.8235338057797206 0.3653671287973772 0.053948654830053046 0.6790660205831672 0.20841811279448264 0.30755390237197333 0.5430874616945749 2.2727863648154103
154 1540 0.056736578279022815 0 0.027808396296085298 1.3243015659576827 2.8821322346101335 0.3515733911379108 0.05305503354278785 0.6771512720918612 0.1906310007757781 0.33752936798448524 0.5288753730701553 2.254513537759491
155 1550 0.05923582831601035 0 0.02849318595036967 1.3100194801759295 2.7831252515083293 0.3418317960146097 0.0525532518418529 0.6112154867613345 0.21565291764790123 0.36671941709374245 0.535627090146002 2.1148732281705276
156 1560 0.056040308908912255 0 0.026518253618927103 1.2968137925867151 2.734537733859976 0.4319201850897481 0.05235592421801656 0.6709100416760158 0.1838658516604395 0.34628641850586955 0.536191603757835 2.145575404140809
157 1570 0.05187700231535619 0 0.027817755608310846 1.2742516192948061 2.744161069655692 0.37086150916387073 0.05259589758789386 0.7008020159990856 0.14337418074224226 0.31896059729069415 0.5533144872041068 2.223382642844511
158 1580 0.049626793060992554 0 0.02650569904367246 1.3044390823409695 2.7696022643546425 0.4306070320940699 0.052026921989092166 0.7500502222576988 0.14528343100739563 0.3113399451662336 0.5422141930833951 2.170321093780094
159 1590 0.0520947631505476 0 0.02798234641665679 1.2821024615533576 2.6518922492858086 0.4206999869766657 0.05210508193787402 0.7112328084035003 0.09698480960043172 0.33007721673730334 0.5488595713538196 2.00710533871527
160 1600 0.05451212166848544 0 0.030286846752910178 1.2871282740319734 2.7118209397471875 0.4296531213074773 0.05252464129431843 0.7468475204126294 0.09888615406353585 0.2856269276042562 0.5592763164091202 2.0975116373135156
161 1610 0.05934815488882225 0 0.03006677801496891 1.271299588383533 2.729518889270228 0.4594783252477679 0.05196356538992148 0.8469865511280635 -0.004498134258367814 0.2974686861941658 0.5630840402484808 2.044635531184063
162 1620 0.06224744488287169 0 0.03289266633060648 1.3005809894794054 2.7809351716013855 0.47122680933055605 0.05187074397889174 0.807024046711723 0.02473702556648466 0.2875568568948874 0.5583367848859423 1.9674575825925575
163 1630 0.06287488799931269 0 0.03273745690100746 1.262272299099374 2.7509398248298824 0.38523546731231234 0.05279306379691177 0.7734219773783366 -0.015642190330170773 0.27570240429008475 0.5841587854136068 2.0316492310215075
164 1640 0.0664436008989507 0 0.03266652362279811 1.2740857351977684 2.798975105918433 0.3372928804007247 0.05227864834376964 0.7426328143006127 -0.008768391451187348 0.24962341872258692 0.5738301596799218 2.0405041669862656
165 1650 0.06875263917254575 0 0.03239522205462055 1.2917553377650413 2.6755357615591278 0.3171739217171281 0.05363071591944482 0.6369431222017072 0.10314641018621709 0.23701809490109332 0.5525704882175562 2.1186561706619993
166 1660 0.06408479050463606 0 0.03172316147383565 1.2757887353274533 2.690415712960279 0.34200463685415816 0.05235122180974952 0.7850618578101239 -0.010404456773479565 0.23768659651223273 0.5708122551164989 2.0299488632532876
167 1670 0.058013709910934685 0 0.0009590603879080645 1.3066900756669995 2.641272572664842 0.36634189869232303 0.05279608100723673 0.747920409959541 0.12048606566030311 0.30471589601756083 0.5481681906040364 2.1210743605419284
168 1680 0.05490250543324535 0 0.000708126677806245 1.2821384930442044 2.7105387748784047 0.3700868115677906 0.052945583457872286 0.7906974790621625 0.037523929018455304 0.2584055080709758 0.580332918216784 1.9539864268143838
169 1690 0.05096146886595805 0 0.02110353123653566 1.308479322937462 2.6684219878970623 0.4154357629566442 0.05352786011229191 0.8288457676475921 0.037253856441755495 0.23799832812849062 0.5708234380644692 1.9841882327726656
170 1700 0.05108925114080836 0 0.02183781391789465 1.3089408145446164 2.7167101105894966 0.4450666989869011 0.05281867893660416 0.8561874638657376 0.011097710228139532 0.24320768604368073 0.5768871421077761 1.9703754763487602
171 1710 0.050182343581370456 0 0.021919235768471698 1.280166590645416 2.790587632613912 0.4137059804617613 0.05260018740651406 0.8542297395127276 -0.0033272725676581627 0.2556499200213664 0.5866708531741414 2.0562013635759757
172 1720 0.04818163355070921 0 0.021964773872878027 1.29748964801188 2.729858738840208 0.4198226861319601 0.05296504103784357 0.8511870391663144 0.012278141903363342 0.19786292518529897 0.5794083358297397 2.0529903164987426
173 1730 0.04339939292705174 0 0.015324599028977346 1.3043085919537782 2.7123813744822187 0.4061618390983242 0.05329737180650503 0.8378356922259794 0.02229277396816156 0.24139541170886986 0.5742490021300138 2.033511276654308
174 1740 0.04224283612743979 0 0.015268844008253079 1.3114139194212755 2.7641059133301242 0.323054863457356 0.05353268233122849 0.8055597869377467 -0.005289571861579301 0.21502427813027822 0.5736640287853921 2.1146599962468433
175 1750 0.044922165928288876 0 0.020468477806862315 1.3215202632782665 2.712358793710568 0.3320482286317015 0.053163146770056464 0.7947417575881189 0.027633418530548834 0.21428868859697853 0.5646788818343218 2.0762475129274165
176 1760 0.041080664883637326 0 0.020492231549652604 1.3284144389223824 2.7742111858094276 0.38835499261632644 0.05366450289640813 0.8417497310189267 0.025299507008426203 0.2109932209936249 0.5785498899861219 2.056663780167952
177 1770 0.04119965057086561 0 0.01973274032708838 1.3114635235212575 2.761255268742423 0.36721109279303965 0.05321286127868771 0.8515737032603542 0.009084530358771364 0.2029297402712095 0.5695043735623954 2.076322647675209
178 1780 0.04029088415093894 0 0.023250915217518587 1.3030834902764963 2.663263835024825 0.3605653753330927 0.05279663483775724 0.8439800160196275 0.0002341788881998633 0.22633213777050099 0.5748045881427668 1.9873355684396774
179 1790 0.04068086797342232 0 0.023241670397537297 1.3422342182662965 2.7289006658702353 0.3508182641004967 0.05272205302687022 0.876974515162002 -0.004073065689084996 0.21281396013392648 0.5717601551838377 2.0187108543162977
180 1800 0.0374260176650135 0 0.026755083663263866 1.3029638037022246 2.7026571657643266 0.37438233253616143 0.05243730474990826 0.8531529776733255 -0.007076064755833827 0.25062742248639786 0.5668067682468847 2.0083600768793075
181 1810 0.035909600599313904 0 0.025852405149637152 1.3480114309413957 2.746023384604006 0.35096231120287785 0.05326475472569871 0.8430055716583308 0.0012409011220881512 0.18371230239454706 0.5664991315089906 2.0557450910799466
182 1820 0.03152314223229701 0 0.0007047258313078869 1.3391286343004503 2.7112820496393333 0.33943819683763665 0.0529864542703384 0.855159004625271 -0.005737772376415605 0.20608775315716601 0.5689453801001978 2.0039072119790715
183 1830 0.028173128715773932 0 0.0007028827435596186 1.3477441274301103 2.803080975315564 0.3506384407322905 0.052752312607993394 0.8802064507736851 6.0836187615674825e-05 0.19287272101981393 0.5635410001372816 2.0716007327526964
184 1840 0.025690660650861875 0 0.022567876819735377 1.3315546189644685 2.755071069916843 0.3499122120415884 0.05291674201742372 0.8520252852498454 -0.00026960855824299974 0.20937840538074706 0.5674580963665435 2.0897299805329586
185 1850 0.02600876145779878 0 0.022584782027893477 1.3204963149249296 2.7543730381471705 0.3477127988369384 0.05295198176456544 0.8638996014742699 0.0010869229317119898 0.21523360767303465 0.5794090507777341 2.0555662473581062
186 1860 0.027628214764054988 0 0.02376969820400065 1.3114437853271892 2.764720327937757 0.3279546075042144 0.05303408403332925 0.8550081226237509 0.006176281361643676 0.22536614182031645 0.5725105803181825 2.106865979195477
187 1870 0.02864784932032204 0 0.02200793481354306 1.3205146353169392 2.768640055133271 0.33149331350900463 0.05293157402908048 0.8863046775506382 0.0006412508821314442 0.2145801437276691 0.5783601891196944 2.1127141604790496
188 1880 0.028676432180945236 0 0.022343524488132586 1.3110301319998485 2.800190759313771 0.31226372874673586 0.05294818518654193 0.8878531953311166 -0.006942478624588668 0.2261238973426073 0.574494653272282 2.161536678093678
189 1890 0.02988053310186802 0 0.0009301823687263427 1.277671069742879 2.7987750964542086 0.33916292150269284 0.05271912930493679 0.8760338749959441 -0.01547779500787012 0.2256577584651176 0.5816461884391652 2.16349840019192
190 1900 0.02871567227682491 0 0.017539262461414774 1.3213843246996764 2.8611238531718306 0.34087818671118847 0.05325399424385926 0.8790177860541873 -0.010578748703406322 0.20747493118080365 0.5783703195147912 2.139542973799914
191 1910 0.02639465168713625 0 0.014338886942144254 1.3330592298091373 2.8386504965808745 0.3463770107989752 0.053047406038906786 0.8945830290369904 -0.01525711923893229 0.19884867432947845 0.5729174726999191 2.149399525789439
192 1920 0.026190632704252707 0 0.014309940988243355 1.3336949159438969 2.8052993585449704 0.35714386271914467 0.05294277144502204 0.8609534969414623 -0.013738808855862721 0.2160060466229987 0.5651854545115107 2.0938705620400704
193 1930 0.024649538168351075 0 0.0007113252779577459 1.340849975241485 2.8381748587834617 0.36181916282140014 0.05292833611901493 0.8824281354410938 0.005999766117130394 0.20938120882225827 0.5692597127818168 2.115242913230707
194 1940 0.02615983923500447 0 0.011252879671763562 1.3330696984317139 2.832718473279831 0.37188047486233 0.0529798761061658 0.8827897712658543 -0.00019042402549259959 0.2271397014083933 0.5747959882799976 2.0821535490024172
195 1950 0.024800913167213858 0 0.011263197666407314 1.3395755467324475 2.7972201089322577 0.3568260882001521 0.05306119526929207 0.8783893923140901 0.004361983636763818 0.22473098646978917 0.5737656877398906 2.0490590245000724
196 1960 0.023951863112257412 0 0.010359962658600036 1.3490605357569787 2.842704223075962 0.35385052985872334 0.05305230792816206 0.8916798106884858 -4.061017064548554e-05 0.19584953029596935 0.5734947962445086 2.0861450222057067
197 1970 0.023529037569583612 0 0.010238933474637217 1.3708538702581814 2.819133285993738 0.37915805372599476 0.05298176184801401 0.8922696257847331 -7.716774315901266e-05 0.19561059436883746 0.5683776177321167 2.0371916323512873
198 1980 0.024525230986626168 0 0.00732418846376056 1.3742223255537085 2.818676207055107 0.37939287850852654 0.05344594885765957 0.8964010865911395 0.0017913556337893072 0.18487206853672203 0.5717264815739062 2.0332731076508646
199 1990 0.027487072591626416 0 0.009380060374332973 1.3906640256402887 2.8735936995853457 0.3933580050604656 0.053280523494177084 0.9270699264336499 -0.0026513665898014738 0.17224960778372084 0.5686123578697799 2.057507691942422
200 2000 0.02621394105994807 0 0.0007080336847240173 1.3563435774354857 2.838337941376732 0.3610552552065236 0.05321598080506674 0.88982831166814 -0.0032244325154036986 0.19290702988914538 0.573025539897638 2.071464626825821
