% # columns="iteration, evaluation, sigma, max axis length,  min axis length, all principal axes lengths  (sorted square roots of eigenvalues of C)", seed=1062029, Mon Feb 20 14:22:43 2023
1 10 0.1775004260256913 1.0000444454321133 1.0 1.0 1.0000055555709877 1.0000111111728396 1.0000166668055563 1.0000222224691375 1.0000277781635838 1.0000333338888951 1.0000388896450716 1.0000444454321133
2 20 0.15007990947040006 1.031066945136048 0.9140528496563133 0.9140528496563133 0.9310878920136612 0.9772987236817208 0.9931907162675778 0.9990077129881675 1.0009513956567535 1.0055167838791153 1.0171673757260522 1.031066945136048
3 30 0.13673769210826134 1.0325406266945352 0.8524354043198773 0.8524354043198773 0.9229576139268294 0.9339138858117058 0.9720459073210472 0.9907722555589391 0.9951817485395767 1.0033979684717118 1.018532010625356 1.0325406266945352
4 40 0.1232107764867777 1.0214438521829678 0.852368190170259 0.852368190170259 0.8861846539391809 0.9253683025588376 0.9347272063891255 0.9567272307922439 0.9937547053353621 1.0059553615067554 1.0187827093499235 1.0214438521829678
5 50 0.11768420806154267 1.024675085728467 0.8238308302344493 0.8238308302344493 0.8634221059187573 0.89237133805892 0.9378062893010721 0.9506859001106003 0.9732650324884309 1.0087247742569287 1.020367691446974 1.024675085728467
6 60 0.106082579309908 1.0920903505315878 0.7918747449390211 0.7918747449390211 0.854665847109173 0.8808473060064917 0.908317477329697 0.9416728878302396 0.9869737498084876 1.0009670631128018 1.0101475220125906 1.0920903505315878
7 70 0.09445002564261093 1.0894870835432842 0.7791716382271665 0.7791716382271665 0.8440978023408094 0.8699297701040407 0.9027499885548026 0.9240682836711247 0.9616399233421538 0.9864759156457393 0.9917030082068026 1.0894870835432842
8 80 0.0900501866932496 1.0727990705506727 0.7674366654075362 0.7674366654075362 0.830222245711234 0.8508383132401625 0.8953465757677342 0.9179052529251059 0.9511265763670528 0.9671358670087451 0.9996283343552718 1.0727990705506727
9 90 0.08309490259809965 1.0628681140098784 0.7617345503418487 0.7617345503418487 0.8150881736574699 0.8458886611980043 0.87922937526976 0.9024455596975574 0.9316953790931883 0.959668413540853 1.0253710520056716 1.0628681140098784
10 100 0.0781096505323626 1.0516866153267364 0.7365470091535009 0.7365470091535009 0.7946587910940379 0.8233799337452395 0.8805043980144323 0.8987419362642775 0.9250590778950183 0.9590461137258239 1.0240215798950592 1.0516866153267364
11 110 0.06877967022921368 1.0783563963245426 0.7080601492466083 0.7080601492466083 0.7666884483844071 0.8328058170545067 0.8760760688086342 0.9015504641211105 0.9159534035004606 0.9523509783291328 1.006059456675739 1.0783563963245426
12 120 0.06501239011651008 1.0799379603136199 0.7009346068843008 0.7009346068843008 0.7605934833087384 0.8019964818962513 0.8588079242129725 0.8767374902730609 0.894799340775496 0.9590947073099446 1.0098562404437472 1.0799379603136199
13 130 0.05518974969570088 1.0912428069665616 0.7211481451227962 0.7211481451227962 0.7387882700404783 0.75913293659673 0.8167442743158029 0.8710214975029141 0.8926303302991971 0.9786312790820901 0.9999314919732645 1.0912428069665616
14 140 0.05096003733353051 1.0698770091847418 0.6759979131518491 0.6759979131518491 0.7216618022809529 0.7618359400060667 0.7890996541821359 0.8558510460201808 0.8811386414205192 0.9763628170386206 1.018727937163478 1.0698770091847418
15 150 0.0449950731814773 1.0604271757218662 0.6663116507147844 0.6663116507147844 0.7143457671085658 0.7614957460498719 0.7823323213801754 0.8479250773543298 0.8788705904965308 0.9506973195403303 0.9860289076532174 1.0604271757218662
16 160 0.03988673125471205 1.0519719301729338 0.667252923150354 0.667252923150354 0.7055562052908965 0.7382054469716899 0.7473602833702437 0.83451559723219 0.87766265617667 0.9233525885392384 0.9830800498869597 1.0519719301729338
17 170 0.03500399988325292 1.058403625013374 0.6364946228652609 0.6364946228652609 0.7102351426435681 0.7380597796873882 0.7534404486471773 0.8176503731010872 0.8444299219502049 0.8821972976103124 0.9856314325753567 1.058403625013374
18 180 0.033875112368768445 1.0438197896094767 0.6158759288353097 0.6158759288353097 0.6950947640480913 0.7331552137503354 0.7462440417934793 0.8039417750012363 0.8307826690678625 0.8722686318306301 0.9724777102084786 1.0438197896094767
19 190 0.0331636240634629 1.011829048604228 0.6185443190501223 0.6185443190501223 0.6688619401801512 0.7402943019825452 0.7426776075291169 0.7989786193600875 0.8278956462732866 0.8526896900221791 0.9781909646570989 1.011829048604228
20 200 0.029189524978190967 1.0134523792414523 0.6165245035688371 0.6165245035688371 0.6469334062711843 0.7384749710830885 0.747988586265355 0.7814572060585417 0.8250050130047222 0.850586617496397 0.9859332857939999 1.0134523792414523
21 210 0.026162251290534625 1.0100690874316574 0.6078971299721219 0.6078971299721219 0.6328000251431957 0.7227001120981016 0.7460207079374302 0.7802470824106087 0.8142516031267479 0.8633790044014658 0.9659247735529534 1.0100690874316574
22 220 0.022965061002409567 1.0019488148706592 0.5975955441799518 0.5975955441799518 0.623395531227065 0.72112064232574 0.7450813312580123 0.7705802962370205 0.7972263718933282 0.8386212122646469 0.95611007147774 1.0019488148706592
23 230 0.02235676659020718 0.9798997157208233 0.5956544657031214 0.5956544657031214 0.6105030313595002 0.7214211718024283 0.7285331490163686 0.7613745317968674 0.7753709101171457 0.8159287123270388 0.9572975342499555 0.9798997157208233
24 240 0.020634061370207915 0.9814550010784054 0.5959845122883582 0.5959845122883582 0.6245340346670052 0.7040750753897491 0.7160441288356403 0.7452989811476823 0.7588233894259969 0.8030631357272827 0.9537177022019917 0.9814550010784054
25 250 0.01851646649290519 0.9531802648698565 0.609084826463752 0.609084826463752 0.6251333212777787 0.6888870959447536 0.7138634267628864 0.7399506567067078 0.7549628096865015 0.7798007875182612 0.8908595543967431 0.9531802648698565
26 260 0.0168714248984472 0.9400184902968208 0.5919463091867203 0.5919463091867203 0.6117677193485297 0.6860347773528866 0.7118975157997431 0.7284779560729311 0.7400041615806752 0.7865549884088855 0.8776367848735638 0.9400184902968208
27 270 0.01620109259857973 0.920514875129257 0.5931852291467661 0.5931852291467661 0.6105397480725381 0.6488498955952442 0.7131946937838332 0.7287412936828574 0.7393396843725197 0.7829203906480666 0.8665230982674627 0.920514875129257
28 280 0.015666009336720382 0.88246212989897 0.5990803927307488 0.5990803927307488 0.6110695874263105 0.645563149607177 0.6947878510464661 0.7087121420701824 0.7465803977909109 0.7728042461499763 0.8651571193015218 0.88246212989897
29 290 0.015264645282345326 0.8745436398682227 0.5883098371512583 0.5883098371512583 0.5973698463745145 0.6471242275903151 0.6792155982647938 0.7084005153629533 0.7382215520438127 0.7869616514503871 0.8390070316705422 0.8745436398682227
30 300 0.013909927531261032 0.8767247875580231 0.5491913153216684 0.5491913153216684 0.5970659782892845 0.6286375821382366 0.6700042668554542 0.7201893307546275 0.7552534558795476 0.7712297905283476 0.8512610813640112 0.8767247875580231
