% # columns="iteration, evaluation, min max(neg(.)) min(pos(.)) max correlation, correlation matrix principal axes lengths  (sorted square roots of eigenvalues of correlation matrix)", seed=1078856, Mon Feb 20 14:22:43 2023
1 10 -0.04095291787256042 -0.016422946258959403 0.009733092515440456 0.04501040573595039 0.9450020179990241 0.9661253598879106 0.9850392223687697 0.9939036083303187 1.0028949309104767 1.0070048360179022 1.016053161497872 1.033189785770903 1.0467684462582039
2 20 -0.07817437737557618 -0.01185382610346688 0.02507584949625858 0.09406709457852797 0.9450020179990241 0.9661253598879106 0.9850392223687697 0.9939036083303187 1.0028949309104767 1.0070048360179022 1.016053161497872 1.033189785770903 1.0467684462582039
3 30 -0.12456060152288555 -0.028986152606169192 0.029976931940108167 0.16434504861411098 0.9450020179990241 0.9661253598879106 0.9850392223687697 0.9939036083303187 1.0028949309104767 1.0070048360179022 1.016053161497872 1.033189785770903 1.0467684462582039
4 40 -0.13728027504648407 -0.029217716445051757 0.035435084789464694 0.2197292892716996 0.9450020179990241 0.9661253598879106 0.9850392223687697 0.9939036083303187 1.0028949309104767 1.0070048360179022 1.016053161497872 1.033189785770903 1.0467684462582039
5 50 -0.14347464369513546 -0.0440803540372932 0.031715863781831506 0.2120508636700167 0.9450020179990241 0.9661253598879106 0.9850392223687697 0.9939036083303187 1.0028949309104767 1.0070048360179022 1.016053161497872 1.033189785770903 1.0467684462582039
6 60 -0.14114925562274772 -0.042674403755397036 0.04037778438204659 0.20128154372020512 0.9450020179990241 0.9661253598879106 0.9850392223687697 0.9939036083303187 1.0028949309104767 1.0070048360179022 1.016053161497872 1.033189785770903 1.0467684462582039
7 70 -0.12956631475221836 -0.02888257789187358 0.048570858968487916 0.21411586640052035 0.9450020179990241 0.9661253598879106 0.9850392223687697 0.9939036083303187 1.0028949309104767 1.0070048360179022 1.016053161497872 1.033189785770903 1.0467684462582039
8 80 -0.12275951745613152 -0.04106787112004437 0.051111179998397135 0.20143812543415318 0.9450020179990241 0.9661253598879106 0.9850392223687697 0.9939036083303187 1.0028949309104767 1.0070048360179022 1.016053161497872 1.033189785770903 1.0467684462582039
9 90 -0.16152029795142384 -0.029923919883238777 0.05776565288087715 0.22815193313982282 0.9450020179990241 0.9661253598879106 0.9850392223687697 0.9939036083303187 1.0028949309104767 1.0070048360179022 1.016053161497872 1.033189785770903 1.0467684462582039
10 100 -0.14018806814567752 -0.05630063530215778 0.05983401661226346 0.21459898529854357 0.8145735910911598 0.8422168531346393 0.9034620544651865 0.9629867709731794 0.9915182886138038 0.9948356908300783 1.0735507107722337 1.1165562016173973 1.2294462101654482
11 110 -0.1552650030641657 -0.05834295321135616 0.07320634962638335 0.23838224675159547 0.8145735910911598 0.8422168531346393 0.9034620544651865 0.9629867709731794 0.9915182886138038 0.9948356908300783 1.0735507107722337 1.1165562016173973 1.2294462101654482
12 120 -0.2011236642948365 -0.06664307621605524 0.05009256225378404 0.22985585325655652 0.8145735910911598 0.8422168531346393 0.9034620544651865 0.9629867709731794 0.9915182886138038 0.9948356908300783 1.0735507107722337 1.1165562016173973 1.2294462101654482
13 130 -0.23912060141930241 -0.04811699733287439 0.06667270494776553 0.23494021357299247 0.8145735910911598 0.8422168531346393 0.9034620544651865 0.9629867709731794 0.9915182886138038 0.9948356908300783 1.0735507107722337 1.1165562016173973 1.2294462101654482
14 140 -0.2442361539112777 -0.04556947689534842 0.07380919876754329 0.2369736284057981 0.8145735910911598 0.8422168531346393 0.9034620544651865 0.9629867709731794 0.9915182886138038 0.9948356908300783 1.0735507107722337 1.1165562016173973 1.2294462101654482
15 150 -0.22355969339085813 -0.05327188523916106 0.06406249929607023 0.20950582787785446 0.8145735910911598 0.8422168531346393 0.9034620544651865 0.9629867709731794 0.9915182886138038 0.9948356908300783 1.0735507107722337 1.1165562016173973 1.2294462101654482
16 160 -0.16682831467828094 -0.06121088167628347 0.073992917600987 0.18761417314813336 0.8145735910911598 0.8422168531346393 0.9034620544651865 0.9629867709731794 0.9915182886138038 0.9948356908300783 1.0735507107722337 1.1165562016173973 1.2294462101654482
17 170 -0.1775640471676816 -0.053739460129211644 0.0734558913665394 0.19319785422404315 0.8145735910911598 0.8422168531346393 0.9034620544651865 0.9629867709731794 0.9915182886138038 0.9948356908300783 1.0735507107722337 1.1165562016173973 1.2294462101654482
18 180 -0.17548412927972126 -0.06199440577788569 0.07286430821856962 0.2009399356081914 0.8145735910911598 0.8422168531346393 0.9034620544651865 0.9629867709731794 0.9915182886138038 0.9948356908300783 1.0735507107722337 1.1165562016173973 1.2294462101654482
19 190 -0.15666585134124675 -0.0707558891399015 0.07320576540516956 0.1870503833833767 0.7753856407805408 0.8279304008509641 0.8763531161142983 0.9369027014634349 1.0096088450140552 1.0378623726043454 1.1226230147173972 1.1354847346873231 1.1922460161416917
20 200 -0.14966135880827916 -0.060703328354503386 0.08673363409898793 0.20292639653532257 0.7753856407805408 0.8279304008509641 0.8763531161142983 0.9369027014634349 1.0096088450140552 1.0378623726043454 1.1226230147173972 1.1354847346873231 1.1922460161416917
21 210 -0.15589471435479377 -0.05339487949051566 0.08275160109355134 0.1788374554659536 0.7753856407805408 0.8279304008509641 0.8763531161142983 0.9369027014634349 1.0096088450140552 1.0378623726043454 1.1226230147173972 1.1354847346873231 1.1922460161416917
22 220 -0.15470804732982035 -0.06303691301477163 0.09383650642226984 0.193876150379395 0.7753856407805408 0.8279304008509641 0.8763531161142983 0.9369027014634349 1.0096088450140552 1.0378623726043454 1.1226230147173972 1.1354847346873231 1.1922460161416917
23 230 -0.1678604495104465 -0.06571269607429622 0.0927674244838226 0.18091064136872506 0.7753856407805408 0.8279304008509641 0.8763531161142983 0.9369027014634349 1.0096088450140552 1.0378623726043454 1.1226230147173972 1.1354847346873231 1.1922460161416917
24 240 -0.1849894294618938 -0.0723614777883405 0.09199046111111706 0.18623444041797918 0.7753856407805408 0.8279304008509641 0.8763531161142983 0.9369027014634349 1.0096088450140552 1.0378623726043454 1.1226230147173972 1.1354847346873231 1.1922460161416917
25 250 -0.15867559570290074 -0.0620358609840148 0.11147286045349947 0.20710798322126758 0.7753856407805408 0.8279304008509641 0.8763531161142983 0.9369027014634349 1.0096088450140552 1.0378623726043454 1.1226230147173972 1.1354847346873231 1.1922460161416917
26 260 -0.1374553888627252 -0.06716347857339572 0.11547761938702765 0.1844004215607324 0.7753856407805408 0.8279304008509641 0.8763531161142983 0.9369027014634349 1.0096088450140552 1.0378623726043454 1.1226230147173972 1.1354847346873231 1.1922460161416917
27 270 -0.14267575288898574 -0.061733158210539166 0.099154867633877 0.2461128386737324 0.7753856407805408 0.8279304008509641 0.8763531161142983 0.9369027014634349 1.0096088450140552 1.0378623726043454 1.1226230147173972 1.1354847346873231 1.1922460161416917
28 280 -0.12791787759037107 -0.049845479563958225 0.10291425600095302 0.24638221693605267 0.7723953589291005 0.7980978040824576 0.8369365828748003 0.9662655535373997 0.9909568018471738 1.102715478018186 1.109230985128683 1.1311415799040705 1.1935082237550685
29 290 -0.10042590978417731 -0.054378215920085626 0.08495895817732237 0.24276503992558063 0.7723953589291005 0.7980978040824576 0.8369365828748003 0.9662655535373997 0.9909568018471738 1.102715478018186 1.109230985128683 1.1311415799040705 1.1935082237550685
30 300 -0.11782641160892725 -0.04228814540337138 0.09983360537412897 0.2840677564090512 0.7723953589291005 0.7980978040824576 0.8369365828748003 0.9662655535373997 0.9909568018471738 1.102715478018186 1.109230985128683 1.1311415799040705 1.1935082237550685
