% # columns="iteration, evaluation, sigma, void, void,  stds==sigma*sqrt(diag(C))", seed=1078856, Mon Feb 20 14:22:43 2023, <python>{}</python>
1 10 0.17810428467185355 0 0 0.1770718658367273 0.17219250422073973 0.17834425705552176 0.1787762309835926 0.17205523862416772 0.17540604823469588 0.17552943126460968 0.17586305365991578 0.17851895323044656
2 20 0.15863175309373292 0 0 0.1538982386342793 0.15400644654536189 0.15629865948135666 0.1584008975525414 0.15143419996216165 0.1542820325692334 0.15730839087368995 0.15914686917775972 0.1531621387331578
3 30 0.1561859382236937 0 0 0.1505184642696801 0.1491859173305056 0.15723056089841012 0.15829724755011543 0.14731165476670632 0.1515429178047174 0.153339711287237 0.15576362518189102 0.14819696617507022
4 40 0.14371844213144408 0 0 0.1396200001983057 0.1381104694826814 0.14177077592359844 0.14478934995168605 0.13586878244661563 0.1383087646739412 0.13891692095230482 0.14222379736870325 0.13170458517887812
5 50 0.1419620821353619 0 0 0.1433228354314307 0.13187518371325688 0.13699392103160693 0.1416550754043537 0.13050784792415124 0.1365675294168413 0.13573342528974844 0.14073023889124375 0.12938786475258923
6 60 0.13156904676847428 0 0 0.13186091912353537 0.12103978463977756 0.12320150080768687 0.13106690179602618 0.12013787368409577 0.1264443616966209 0.12587401963262 0.12635290798097729 0.11744686217243791
7 70 0.12320319351937371 0 0 0.12188213333867497 0.11395470088872908 0.1136400051007761 0.12121524653299949 0.11037619657291194 0.1191124725321881 0.11280476230558514 0.11718676411768192 0.11068666015206127
8 80 0.11646145307726062 0 0 0.11529606997390114 0.10793275208610723 0.1056114122493431 0.11256345445093596 0.10212329296499165 0.10885086203295737 0.1071325008924225 0.11141822098136626 0.10358366891193621
9 90 0.11098633833165576 0 0 0.10753340657144339 0.09984845911263168 0.10178242143324923 0.10935301498777172 0.09364493060152151 0.10161622157604314 0.10079772254738839 0.10724481915162531 0.0995394169981942
10 100 0.10027146996767032 0 0 0.09485976534930286 0.09197341717701364 0.09107300682756274 0.09464904801606343 0.08360528387127389 0.09244366257493856 0.0911695455668702 0.0953969231867272 0.08861649901937371
11 110 0.09351143333960872 0 0 0.0875616981872433 0.08619305041449847 0.08415125996713421 0.08764300838610271 0.07788637125744997 0.08726942069001406 0.08421433840014236 0.08810845253561975 0.08028168627042963
12 120 0.08504827375086771 0 0 0.07901566979218354 0.07780311428259962 0.07567084368595153 0.08045063600745364 0.06967587101796921 0.07880835096045226 0.07524468428950595 0.07580035023684671 0.07337862345238186
13 130 0.07818257640105025 0 0 0.07186555112470873 0.071491068919685 0.06818442604095147 0.07252185382694906 0.06413730864049544 0.070952725929619 0.06923729349779023 0.06760496404903127 0.06644030855805787
14 140 0.06836734776534713 0 0 0.061035065741546185 0.05960999112558721 0.05925220705189897 0.06284873608695982 0.05546116226474071 0.06139171871274961 0.06014050685743266 0.05820168466310629 0.05728600015392821
15 150 0.059249217530048935 0 0 0.05288855723193399 0.05157553083517306 0.04963579953009919 0.05489446993497438 0.0477603701971717 0.0514643460828789 0.05169238879220399 0.04726668425704406 0.04792030816106077
16 160 0.05186567241391132 0 0 0.044703636013376874 0.044320398460577004 0.04376840262914069 0.0475119880925663 0.040826718868126485 0.044442446597248976 0.04504807076498574 0.04015141428014789 0.0413179957940484
17 170 0.043498695981050065 0 0 0.037115842150940305 0.03611668331074407 0.03586601645871873 0.039056088395087604 0.03378645388850265 0.037195477006995006 0.0372660423407714 0.03334684005968355 0.034562034582198066
18 180 0.03846536734797536 0 0 0.03148241909906311 0.03152977211416467 0.03129918757035383 0.034990176219053946 0.029148183663213343 0.033212447775012095 0.03240182037895817 0.02939865640285377 0.030053244618691962
19 190 0.03595802710572369 0 0 0.029672972538055797 0.028177475612590028 0.028337402061467166 0.03282823821178188 0.02697767196957119 0.03158771110156696 0.029794938332035458 0.02642567069986843 0.027949699030084724
20 200 0.033381830972124715 0 0 0.027147934344817833 0.02448391331831705 0.026537368846783437 0.03066780094366869 0.02488938361004335 0.029125170767193075 0.027817522618006192 0.023495165769232974 0.026489727652685997
21 210 0.028672600988660864 0 0 0.023350513368055142 0.020584441523491183 0.022376599558921247 0.025443236946359665 0.02139967507166207 0.02519754385897393 0.02357975742649579 0.019977264839979372 0.022195944337474027
22 220 0.02655102330381219 0 0 0.021629792274570805 0.019118969228219183 0.020728019447710255 0.022538000947756525 0.019215232355497654 0.023742163250793903 0.02157885607139755 0.018003885303788558 0.02029281262641088
23 230 0.024199785944850432 0 0 0.018820961108255638 0.017351355660593613 0.01863250405312692 0.02070551094759431 0.017230535136162302 0.021605711807867987 0.019308568064596823 0.016405951371772663 0.018170130486023804
24 240 0.021600153503942815 0 0 0.01684558761694381 0.015350951112818407 0.016321580358478954 0.018422902234287355 0.014638657943170732 0.019264264285984677 0.017190072010096064 0.014290522498155423 0.015917281998852645
25 250 0.020822176069559883 0 0 0.01608766601185598 0.014604587136715336 0.01571810060114065 0.017768843731843714 0.013760796798008667 0.018690473790398825 0.0163832325054446 0.01369543074810342 0.015201314256493468
26 260 0.020110171631807942 0 0 0.01575064521167302 0.013762220573800341 0.015159178335209796 0.016717335954883346 0.013022866268736555 0.018441823719106635 0.015749253241049213 0.013245901111479847 0.014175816477325827
27 270 0.019490076133300605 0 0 0.014977410772920969 0.013405015152431227 0.015196867674527041 0.016508289605963858 0.01254128955402092 0.017057936749081005 0.015121862753017714 0.012558338796767444 0.013405624202192094
28 280 0.017616724075876306 0 0 0.013306205624209123 0.011540686040246589 0.013698874332492124 0.01490533078250709 0.011363416495947402 0.014804676439802112 0.01351215035357309 0.011341096982889187 0.012075936161390547
29 290 0.01629534482115596 0 0 0.012139658338243736 0.010274208326298639 0.012620332641651185 0.013470018906663038 0.010536589919404954 0.013309632775023448 0.012311382653789575 0.01038937259266673 0.01076548217771376
30 300 0.014567599977941782 0 0 0.010657974614633837 0.009174891811615054 0.0112009864920788 0.012014861227602683 0.009165789845495528 0.011782563365364696 0.010977007871971442 0.009078598763294818 0.0093298349988704
